0.051254968083825014, 4.13864296010597e-11
0.05820185475129458, 4.3695031264609646e-11
0.06399092697418585, 4.591146442067947e-11
0.06977999919707711, 4.808400781128256e-11
0.0755690714199686, 5.023460631915226e-11
0.08135814364285987, 5.245103947522208e-11
0.08714721586575114, 5.460163798309178e-11
0.0929362880886424, 5.6861960904628336e-11
0.0987253603115339, 5.896866964703136e-11
0.10451443253442516, 6.118510280310118e-11
0.11030350475731643, 6.335764619370422e-11
0.1160925769802077, 6.557407934977404e-11
0.12188164920309918, 6.774662274037713e-11
0.12767072142599045, 6.987527636551349e-11
0.13345979364888172, 7.213559928705005e-11
0.139248865871773, 7.424230802945301e-11
0.14407309272418267, 7.618808763181132e-11
0.14937974226183282, 7.828016645239213e-11
0.156616082540447, 8.051854449119529e-11
0.16529969087478413, 8.315193041919901e-11
0.17398329920912103, 8.578531634720276e-11
0.18266690754345793, 8.841870227520651e-11
0.19135051587779506, 9.105208820321026e-11
0.20003412421213196, 9.368547413121398e-11
0.20871773254646908, 9.631886005921773e-11
0.21740134088080598, 9.895224598722148e-11
0.22608494921514288, 1.015856319152252e-10
0.23476855754948, 1.0421901784322895e-10
0.2434521658838169, 1.068231439275882e-10
0.25213577421815403, 1.0913467157550259e-10
0.26081938255249093, 1.1124138031790559e-10
0.26950299088682783, 1.1328956937301961e-10
0.27818659922116495, 1.1536701827177811e-10
0.28687020755550185, 1.1741520732689216e-10
0.29555381588983876, 1.1949265622565063e-10
0.3042374242241759, 1.2157010512440913e-10
0.3129210325585128, 1.2361829417952316e-10
0.3216046408928499, 1.2569574307828165e-10
0.3302882492271868, 1.277439321333957e-10
0.3389718575615237, 1.298506408757987e-10
0.34910273395158353, 1.320012393836684e-10
0.3606808783973663, 1.3391044418147113e-10
0.37370629089887175, 1.3599520804114075e-10
0.38817897145610014, 1.3829503175159736e-10
0.4012043839576056, 1.4038418458781364e-10
0.41278252840338814, 1.422056098546829e-10
0.4243606728491709, 1.4407092488701887e-10
0.43593881729495343, 1.4589235015388814e-10
0.4504114978521818, 1.4790396440444656e-10
0.4706732506323015, 1.4986437392862713e-10
0.49238227146814384, 1.5190838300607763e-10
0.5126440242482635, 1.5377683302166126e-10
0.5329057770283832, 1.5569544276920681e-10
0.5589566020313941, 1.5761291252284418e-10
0.5907964992572965, 1.593286033547254e-10
0.6226363964831987, 1.6101237435717629e-10
0.6544762937091009, 1.6235300719325092e-10
0.6863161909350033, 1.628397845920637e-10
0.7181560881609055, 1.6327070228937342e-10
0.7499959853868079, 1.633505018629493e-10
0.7818358826127101, 1.619220894959412e-10
0.8136757798386125, 1.603181180670662e-10
0.8455156770645147, 1.5869020676611842e-10
0.8773555742904169, 1.567989568723703e-10
0.9077482034605964, 1.5491169695730094e-10
0.9381408326307759, 1.5293665751129814e-10
0.969980729856678, 1.5100550783076207e-10
1.0003733590268575, 1.4912702586878605e-10
1.030765988197037, 1.4714320846968991e-10
1.0597113493114938, 1.4520230550793902e-10
1.0857621743145047, 1.4324189598375846e-10
1.1118129993175156, 1.4129123974079272e-10
1.1378638243205266, 1.3932107693539733e-10
1.1610201132120916, 1.373495208041141e-10
1.1812818659922113, 1.3546853085554e-10
1.201543618772331, 1.3358754090696588e-10
1.2232526396081738, 1.3160623149446784e-10
1.2449616604440161, 1.2954968248402682e-10
1.263776145168413, 1.2746596361877308e-10
1.2811433618370869, 1.2549092417277028e-10
1.2985105785057607, 1.2351588472676748e-10
1.315877795174435, 1.215554752025869e-10
1.3332450118431087, 1.1956580583476186e-10
1.3520594965675057, 1.1756150654511457e-10
1.3723212493476253, 1.156303568645785e-10
1.392583002127745, 1.1369920718404241e-10
1.4128447549078647, 1.1176805750350634e-10
1.4331065076879843, 1.0983690782297027e-10
1.4562627965795494, 1.0790575814243418e-10
1.4823136215825603, 1.0612090768012052e-10
1.5083644465855712, 1.0430679737416241e-10
1.5358625396443053, 1.0241075950599971e-10
1.563360632703039, 1.0047375785673475e-10
1.5894114577060499, 9.85913745822728e-11
1.6154622827090608, 9.670899130781088e-11
1.6429603757677944, 9.477394031478888e-11
1.6719057368822512, 9.293057016518625e-11
1.7022983660524307, 9.09643086722768e-11
1.7341382632783329, 8.90331589917407e-11
1.765978160504235, 8.710200931120463e-11
1.7963707896744145, 8.515330372448189e-11
1.826763418844594, 8.323970995013248e-11
1.8571560480147735, 8.132611617578309e-11
1.8861014091292303, 7.937741058906032e-11
1.915046770243687, 7.742870500233759e-11
1.9454393994138661, 7.54353116544123e-11
1.9772792966397688, 7.367972103574313e-11
2.009119193865671, 7.19879700759347e-11
2.0409590910915734, 7.032813894555657e-11
2.0727989883174756, 6.889972657854847e-11
2.1046388855433777, 6.755111378511626e-11
2.13647878276928, 6.62184609063992e-11
2.168318679995182, 6.517308649255527e-11
2.2001585772210843, 6.43112510979359e-11
2.2319984744469865, 6.344143574595889e-11
2.2638383716728896, 6.26434400102002e-11
2.295678268898792, 6.194120376273254e-11
2.327518166124694, 6.124694747262246e-11
2.359358063350596, 6.048087156629408e-11
2.3911979605764984, 5.96030762569595e-11
2.4230378578024006, 5.873326090498254e-11
2.4548777550283027, 5.779960589414481e-11
2.486717652254205, 5.67462515229433e-11
2.518557549480107, 5.568491719438426e-11
2.5503974467060093, 5.459166303639481e-11
2.5822373439319124, 5.3466489048975044e-11
2.6140772411578146, 5.2309395232124914e-11
2.645917138383717, 5.118422124470515e-11
2.677757035609619, 5.018672657500674e-11
2.709596932835521, 4.918923190530833e-11
2.7414368300614234, 4.81997171929676e-11
2.7732767272873255, 4.687504427160807e-11
2.8051166245132277, 4.544663190460002e-11
2.83695652173913, 4.400225962287677e-11
2.868796418965033, 4.2549907383795883e-11
2.900636316190935, 4.110553510207263e-11
2.9324762134168374, 3.9661162820349374e-11
2.9643161106427396, 3.82247704959837e-11
2.996156007868642, 3.678039821426039e-11
3.027995905094544, 3.534400588989477e-11
3.059835802320446, 3.393155343760188e-11
3.0916756995463484, 3.2566980729454405e-11
3.1235155967722505, 3.119442806394946e-11
3.1553554939981527, 2.9837835313159666e-11
3.187195391224055, 2.860892188009123e-11
3.219035288449957, 2.7324148745519746e-11
3.25087518567586, 2.608725535509373e-11
3.2827150829017624, 2.4850361964667768e-11
3.3145549801276646, 2.3605488616884123e-11
3.3463948773535668, 2.2392535098530894e-11
3.378234774579469, 2.1187561537535244e-11
3.410074671805371, 1.9990567933897172e-11
3.4419145690312734, 1.8833474117047094e-11
3.4737544662571755, 1.784395940470626e-11
3.5055943634830777, 1.6878384564438215e-11
3.53743426070898, 1.591280972417017e-11
3.569274157934883, 1.4995114628047643e-11
3.601114055160785, 1.4093379446640326e-11
3.6329539523866874, 1.3207604179948165e-11
3.6647938496125896, 1.2313848955898426e-11
3.6966337468384918, 1.1436053646563843e-11
3.728473644064394, 1.055825833722926e-11
3.760313541290296, 9.744302686755354e-12
3.7921534385161983, 9.002166652499808e-12
3.8239933357421005, 8.252050660886579e-12
3.8558332329680027, 7.605674114922022e-12
3.887673130193906, 7.063037014606085e-12
3.919513027419808, 6.504439999575043e-12
3.95135292464571, 5.969782856616633e-12
3.9831928218716124, 5.4351257136583255e-12
4.015032719097515, 4.9084485280575965e-12
4.046872616323417, 4.373791385099238e-12
4.078712513549319, 3.855094156856087e-12
4.110552410775221, 3.344376885970514e-12
4.142392308001123, 2.8336596150849415e-12
4.174232205227026, 2.3548621736297333e-12
4.206072102452929, 1.868084774816895e-12
4.237911999678831, 1.3972672907192652e-12
4.269751896904733, 1.1658485273492393e-12
4.301591794130635, 1.1179687832037184e-12
4.333431691356537, 9.902894654823124e-13
4.36527158858244, 9.902894654823124e-13
4.397111485808342, 9.823095081247342e-13
4.428951383034244, 8.626101477609063e-13
4.460791280260146, 8.147304036153855e-13
4.492631177486049, 8.147304036153855e-13
4.524471074711951, 8.147304036153855e-13
4.556310971937854, 8.147304036153855e-13
4.588150869163756, 8.147304036153855e-13
4.619990766389658, 8.147304036153855e-13
4.65183066361556, 8.147304036153855e-13
4.683670560841462, 8.147304036153855e-13
4.715510458067365, 7.189709153243955e-13
4.747350355293267, 6.391713417485102e-13
4.77919025251917, 6.391713417485102e-13
4.811030149745072, 6.391713417485102e-13
4.842870046970974, 6.391713417485102e-13
4.874709944196876, 6.391713417485102e-13
4.906549841422779, 6.391713417485102e-13
4.938389738648681, 6.391713417485102e-13
4.970229635874583, 6.391713417485102e-13
5.002069533100485, 6.391713417485102e-13
5.033909430326387, 6.391713417485102e-13
5.06574932755229, 6.072515123181458e-13
5.097589224778193, 5.513918108150468e-13
5.129429122004095, 4.715922372391615e-13
5.161269019229997, 4.636122798815833e-13
5.193108916455899, 4.636122798815833e-13
5.224948813681801, 4.636122798815833e-13
5.256788710907704, 4.636122798815833e-13
5.288628608133606, 4.636122798815833e-13
5.320468505359508, 4.636122798815833e-13
5.35230840258541, 4.636122798815833e-13
5.384148299811313, 4.636122798815833e-13
5.4159881970372155, 4.636122798815833e-13
5.447828094263118, 4.636122798815833e-13
5.47966799148902, 4.636122798815833e-13
5.511507888714922, 4.636122798815833e-13
5.543347785940824, 4.636122798815833e-13
5.575187683166726, 4.636122798815833e-13
5.607027580392629, 4.636122798815833e-13
5.638867477618531, 4.636122798815833e-13
5.670707374844433, 4.636122798815833e-13
5.702547272070336, 3.9179266366327626e-13
5.734387169296238, 3.3593296216017726e-13
5.7662270665221405, 2.8805321801465644e-13
5.798066963748043, 2.8805321801465644e-13
5.829906860973945, 2.8805321801465644e-13
5.861746758199847, 2.8805321801465644e-13
5.893586655425749, 2.8805321801465644e-13
5.925426552651651, 2.8805321801465644e-13
5.957266449877554, 2.8805321801465644e-13
5.989106347103457, 2.8805321801465644e-13
6.020946244329359, 2.8805321801465644e-13
6.052786141555261, 2.8805321801465644e-13
6.084626038781163, 2.8805321801465644e-13
6.1164659360070655, 2.8805321801465644e-13
6.148305833232968, 2.8805321801465644e-13
6.18014573045887, 2.8805321801465644e-13
6.211985627684772, 2.8805321801465644e-13
6.230800112409169, 2.8805321801465644e-13
