4.360E-15 
4.492E-15 
4.566E-15 
4.702E-15 
4.779E-15 
4.857E-15 
4.998E-15 
5.141E-15
5.225E-15 
5.371E-15 
5.459E-15 
5.609E-15 
5.701E-15 
5.855E-15 
6.012E-15 
6.108E-15
6.270E-15 
6.432E-15 
6.536E-15 
6.703E-15 
6.873E-15 
6.983E-15 
7.158E-15 
7.335E-15
7.515E-15 
7.635E-15 
7.820E-15 
8.068E-15 
8.197E-15 
8.329E-15 
8.585E-15 
8.784E-15
8.986E-15 
9.129E-15 
9.398E-15 
9.548E-15 
9.823E-15 
1.004E-14 
1.020E-14 
1.049E-14
1.071E-14 
1.094E-14 
1.118E-14 
1.148E-14 
1.172E-14 
1.197E-14 
1.222E-14 
1.253E-14
1.279E-14 
1.306E-14 
1.338E-14 
1.366E-14 
1.399E-14 
1.427E-14 
1.462E-14 
1.491E-14
1.533E-14 
1.557E-14 
1.599E-14 
1.630E-14 
1.668E-14 
1.706E-14 
1.739E-14 
1.785E-14
1.818E-14 
1.865E-14 
1.906E-14 
1.942E-14 
1.990E-14 
2.033E-14 
2.077E-14 
2.127E-14
2.172E-14 
2.218E-14 
2.270E-14 
2.317E-14 
2.371E-14 
2.426E-14 
2.475E-14 
2.531E-14
2.588E-14 
2.640E-14 
2.705E-14 
2.758E-14 
2.825E-14 
2.886E-14 
2.948E-14 
3.017E-14
3.075E-14 
3.152E-14 
3.212E-14 
3.291E-14 
3.359E-14 
3.434E-14 
3.504E-14 
3.587E-14
3.665E-14 
3.745E-14 
3.825E-14 
3.907E-14 
3.996E-14 
4.080E-14 
4.177E-14 
4.258E-14
4.358E-14 
4.447E-14 
4.550E-14 
4.647E-14 
4.747E-14 
4.853E-14 
4.956E-14 
5.059E-14
5.176E-14 
5.289E-14 
5.397E-14 
5.519E-14 
5.637E-14 
5.762E-14 
5.883E-14 
6.011E-14
6.141E-14 
6.274E-14 
6.407E-14 
6.549E-14 
6.687E-14 
6.833E-14 
6.980E-14 
7.130E-14
7.281E-14 
7.441E-14 
7.597E-14 
7.767E-14 
7.928E-14 
8.102E-14 
8.273E-14 
8.446E-14
8.633E-14 
8.817E-14 
9.004E-14 
9.199E-14 
9.389E-14 
9.596E-14 
9.793E-14 
1.001E-13
1.022E-13 
1.044E-13 
1.066E-13 
1.088E-13 
1.112E-13 
1.135E-13 
1.159E-13 
1.184E-13
1.209E-13 
1.235E-13 
1.261E-13 
1.287E-13 
1.314E-13 
1.342E-13 
1.371E-13 
1.399E-13
1.429E-13 
1.459E-13 
1.490E-13 
1.521E-13 
1.553E-13 
1.586E-13 
1.618E-13 
1.653E-13
1.687E-13 
1.722E-13 
1.759E-13 
1.795E-13 
1.833E-13 
1.871E-13 
1.910E-13 
1.950E-13
1.990E-13 
2.032E-13 
2.074E-13 
2.117E-13 
2.161E-13 
2.206E-13 
2.252E-13 
2.298E-13
2.345E-13 
2.394E-13 
2.443E-13 
2.494E-13 
2.546E-13 
2.598E-13 
2.652E-13 
2.707E-13
2.762E-13 
2.819E-13 
2.877E-13 
2.936E-13 
2.995E-13 
3.057E-13 
3.120E-13 
3.184E-13
3.248E-13 
3.315E-13 
3.382E-13 
3.452E-13 
3.522E-13 
3.594E-13 
3.666E-13 
3.741E-13
3.817E-13 
3.895E-13 
3.973E-13 
4.053E-13 
4.135E-13 
4.219E-13 
4.303E-13 
4.391E-13
4.479E-13 
4.569E-13 
4.661E-13 
4.754E-13 
4.849E-13 
4.947E-13 
5.046E-13 
5.146E-13
5.249E-13 
5.354E-13 
5.461E-13 
5.569E-13 
5.679E-13 
5.793E-13 
5.908E-13 
6.025E-13
6.144E-13 
6.266E-13 
7.226E-13 
1.027E-12 
1.342E-12 
1.658E-12 
1.975E-12 
2.293E-12
2.612E-12 
2.932E-12 
3.253E-12 
3.575E-12 
3.898E-12 
4.222E-12 
4.552E-12 
4.899E-12
5.250E-12 
5.603E-12 
5.956E-12 
6.310E-12 
6.666E-12 
7.022E-12 
7.380E-12 
7.738E-12
8.121E-12 
8.636E-12 
9.174E-12 
9.716E-12 
1.026E-11 
1.081E-11 
1.136E-11 
1.192E-11
1.248E-11 
1.304E-11 
1.361E-11 
1.418E-11 
1.475E-11 
1.532E-11 
1.590E-11 
1.648E-11
1.708E-11 
1.774E-11 
1.845E-11 
1.919E-11 
1.993E-11 
2.068E-11 
2.143E-11 
2.218E-11
2.294E-11 
2.371E-11 
2.447E-11 
2.525E-11 
2.603E-11 
2.681E-11 
2.760E-11 
2.859E-11
2.999E-11 
3.141E-11 
3.283E-11 
3.429E-11 
3.579E-11 
3.729E-11 
3.880E-11 
4.030E-11
4.180E-11 
4.331E-11 
4.480E-11 
4.630E-11 
4.781E-11 
4.932E-11 
5.084E-11 
5.236E-11
5.389E-11 
5.542E-11 
5.696E-11 
5.851E-11 
6.006E-11 
6.165E-11 
6.355E-11 
6.553E-11
6.751E-11 
6.949E-11 
7.149E-11 
7.353E-11 
7.557E-11 
7.763E-11 
7.968E-11 
8.177E-11
8.393E-11 
8.609E-11 
8.826E-11 
9.043E-11 
9.262E-11 
9.480E-11 
9.679E-11 
9.875E-11
1.008E-10 
1.030E-10 
1.052E-10 
1.075E-10 
1.099E-10 
1.124E-10 
1.148E-10 
1.173E-10
1.198E-10 
1.223E-10 
1.248E-10 
1.273E-10 
1.298E-10 
1.323E-10 
1.348E-10 
1.373E-10
1.398E-10 
1.423E-10 
1.450E-10 
1.478E-10 
1.506E-10 
1.535E-10 
1.563E-10 
1.592E-10
1.620E-10 
1.649E-10 
1.679E-10 
1.712E-10 
1.746E-10 
1.781E-10 
1.815E-10 
1.849E-10
1.884E-10 
1.918E-10 
1.953E-10 
1.988E-10 
2.016E-10 
2.044E-10 
2.071E-10 
2.098E-10
2.126E-10 
2.158E-10 
2.192E-10 
2.225E-10 
2.257E-10 
2.291E-10 
2.324E-10 
2.355E-10
2.386E-10 
2.418E-10 
2.452E-10 
2.489E-10 
2.527E-10 
2.565E-10 
2.599E-10 
2.635E-10
2.673E-10 
2.711E-10 
2.750E-10 
2.789E-10 
2.828E-10 
2.869E-10 
2.911E-10 
2.953E-10
2.999E-10 
3.046E-10 
3.096E-10 
3.144E-10 
3.191E-10 
3.240E-10 
3.290E-10 
3.339E-10
3.391E-10 
3.447E-10 
3.504E-10 
3.563E-10 
3.623E-10 
3.683E-10 
3.742E-10 
3.803E-10
3.866E-10 
3.925E-10 
3.983E-10 
4.041E-10 
4.094E-10 
4.142E-10 
4.188E-10 
4.234E-10
4.281E-10 
4.332E-10 
4.387E-10 
4.441E-10 
4.497E-10 
4.550E-10 
4.595E-10 
4.640E-10
4.686E-10 
4.732E-10 
4.780E-10 
4.832E-10 
4.888E-10 
4.943E-10 
4.997E-10 
5.049E-10
5.099E-10 
5.147E-10 
5.201E-10 
5.259E-10 
5.317E-10 
5.375E-10 
5.425E-10 
5.466E-10
5.504E-10 
5.538E-10 
5.570E-10 
5.602E-10 
5.633E-10 
5.659E-10 
5.686E-10 
5.717E-10
5.745E-10 
5.772E-10 
5.789E-10 
5.802E-10 
5.816E-10 
5.834E-10 
5.853E-10 
5.868E-10
5.876E-10 
5.885E-10 
5.892E-10 
5.899E-10 
5.906E-10 
5.910E-10 
5.901E-10 
5.878E-10
5.851E-10 
5.819E-10 
5.783E-10 
5.742E-10 
5.696E-10 
5.645E-10 
5.592E-10 
5.534E-10
5.475E-10 
5.429E-10 
5.379E-10 
5.326E-10 
5.270E-10 
5.210E-10 
5.145E-10 
5.063E-10
4.972E-10 
4.870E-10 
4.754E-10 
4.628E-10 
4.498E-10 
4.362E-10 
4.218E-10 
4.065E-10
3.905E-10 
3.737E-10 
3.563E-10 
3.377E-10 
3.183E-10 
2.985E-10 
2.779E-10 
2.564E-10
2.305E-10 
2.047E-10 
1.634E-10 
8.968E-11
