1.000000000000000021e-03	5.712000000061050287e+01	5.716000011490855570e+01
1.611591591591591544e-01	5.712000000060345428e+01	5.716000010995041691e+01
3.213183183183183078e-01	5.712000000059648386e+01	5.716000010520621544e+01
4.814774774774774890e-01	5.712000000058959870e+01	5.716000010066671422e+01
6.416366366366366147e-01	5.712000000058279170e+01	5.716000009632308831e+01
8.017957957957957404e-01	5.712000000057606286e+01	5.716000009216688227e+01
9.619549549549549772e-01	5.712000000056941218e+01	5.716000008819001721e+01
1.122114114114113992e+00	5.712000000056283966e+01	5.716000008438474111e+01
1.282273273273273118e+00	5.712000000055634530e+01	5.716000008074366434e+01
1.442432432432432243e+00	5.712000000054992199e+01	5.716000007725968857e+01
1.602591591591591369e+00	5.712000000054356974e+01	5.716000007392604232e+01
1.762750750750750495e+00	5.712000000053729565e+01	5.716000007073623834e+01
1.922909909909909842e+00	5.712000000053109261e+01	5.716000006768407360e+01
2.083069069069068746e+00	5.712000000052496063e+01	5.716000006476360085e+01
2.243228228228228094e+00	5.712000000051889970e+01	5.716000006196914285e+01
2.403387387387386998e+00	5.712000000051290982e+01	5.716000005929526395e+01
2.563546546546546345e+00	5.712000000050699100e+01	5.716000005673675588e+01
2.723705705705705693e+00	5.712000000050113613e+01	5.716000005428864483e+01
2.883864864864864597e+00	5.712000000049535231e+01	5.716000005194617017e+01
3.044024024024023944e+00	5.712000000048963244e+01	5.716000004970476311e+01
3.204183183183182848e+00	5.712000000048397652e+01	5.716000004756007513e+01
3.364342342342342196e+00	5.712000000047839166e+01	5.716000004550792823e+01
3.524501501501501100e+00	5.712000000047287074e+01	5.716000004354432207e+01
3.684660660660660447e+00	5.712000000046741377e+01	5.716000004166544812e+01
3.844819819819819795e+00	5.712000000046201365e+01	5.716000003986764000e+01
4.004978978978979143e+00	5.712000000045668457e+01	5.716000003814740893e+01
4.165138138138138046e+00	5.712000000045141235e+01	5.716000003650140115e+01
4.325297297297297838e+00	5.712000000044619696e+01	5.716000003492641923e+01
4.485456456456456742e+00	5.712000000044104553e+01	5.716000003341939362e+01
4.645615615615615646e+00	5.712000000043595804e+01	5.716000003197739687e+01
4.805774774774774549e+00	5.712000000043092030e+01	5.716000003059761525e+01
4.965933933933934341e+00	5.712000000042594650e+01	5.716000002927737000e+01
5.126093093093093245e+00	5.712000000042102954e+01	5.716000002801409607e+01
5.286252252252252148e+00	5.712000000041616943e+01	5.716000002680532788e+01
5.446411411411411940e+00	5.712000000041136616e+01	5.716000002564871352e+01
5.606570570570570844e+00	5.712000000040661263e+01	5.716000002454200768e+01
5.766729729729729748e+00	5.712000000040192305e+01	5.716000002348305742e+01
5.926888888888888651e+00	5.712000000039728320e+01	5.716000002246979506e+01
6.087048048048048443e+00	5.712000000039269310e+01	5.716000002150025949e+01
6.247207207207207347e+00	5.712000000038815983e+01	5.716000002057255358e+01
6.407366366366366250e+00	5.712000000038368341e+01	5.716000001968487254e+01
6.567525525525526042e+00	5.712000000037924963e+01	5.716000001883549686e+01
6.727684684684684946e+00	5.712000000037487268e+01	5.716000001802277808e+01
6.887843843843843850e+00	5.712000000037054548e+01	5.716000001724511748e+01
7.048003003003002753e+00	5.712000000036626801e+01	5.716000001650101581e+01
7.208162162162162545e+00	5.712000000036204028e+01	5.716000001578901646e+01
7.368321321321321449e+00	5.712000000035786229e+01	5.716000001510774808e+01
7.528480480480480352e+00	5.712000000035372693e+01	5.716000001445586776e+01
7.688639639639640144e+00	5.712000000034964131e+01	5.716000001383211782e+01
7.848798798798799048e+00	5.712000000034560543e+01	5.716000001323528323e+01
8.008957957957957063e+00	5.712000000034161928e+01	5.716000001266419872e+01
8.169117117117115967e+00	5.712000000033767577e+01	5.716000001211775583e+01
8.329276276276274871e+00	5.712000000033377489e+01	5.716000001159488875e+01
8.489435435435433774e+00	5.712000000032992375e+01	5.716000001109458850e+01
8.649594594594594454e+00	5.712000000032611524e+01	5.716000001061587454e+01
8.809753753753753358e+00	5.712000000032234936e+01	5.716000001015780896e+01
8.969912912912912262e+00	5.712000000031862612e+01	5.716000000971951778e+01
9.130072072072071165e+00	5.712000000031494551e+01	5.716000000930013414e+01
9.290231231231230069e+00	5.712000000031131464e+01	5.716000000889884802e+01
9.450390390390388973e+00	5.712000000030771929e+01	5.716000000851487073e+01
9.610549549549547876e+00	5.712000000030416658e+01	5.716000000814747040e+01
9.770708708708708556e+00	5.712000000030065650e+01	5.716000000779591517e+01
9.930867867867867460e+00	5.712000000029718194e+01	5.716000000745953713e+01
1.009102702702702636e+01	5.712000000029375002e+01	5.716000000713766838e+01
1.025118618618618527e+01	5.712000000029036073e+01	5.716000000682968363e+01
1.041134534534534417e+01	5.712000000028700697e+01	5.716000000653499313e+01
1.057150450450450307e+01	5.712000000028369584e+01	5.716000000625302135e+01
1.073166366366366198e+01	5.712000000028042024e+01	5.716000000598320696e+01
1.089182282282282266e+01	5.712000000027718727e+01	5.716000000572504547e+01
1.105198198198198156e+01	5.712000000027398272e+01	5.716000000547801108e+01
1.121214114114114047e+01	5.712000000027082081e+01	5.716000000524164903e+01
1.137230030030029937e+01	5.712000000026769442e+01	5.716000000501547618e+01
1.153245945945945827e+01	5.712000000026460356e+01	5.716000000479906618e+01
1.169261861861861718e+01	5.712000000026154822e+01	5.716000000459199271e+01
1.185277777777777608e+01	5.712000000025852842e+01	5.716000000439385076e+01
1.201293693693693676e+01	5.712000000025554414e+01	5.716000000420426375e+01
1.217309609609609566e+01	5.712000000025259538e+01	5.716000000402285508e+01
1.233325525525525457e+01	5.712000000024968216e+01	5.716000000384927660e+01
1.249341441441441347e+01	5.712000000024679736e+01	5.716000000368318723e+01
1.265357357357357238e+01	5.712000000024394808e+01	5.716000000352426014e+01
1.281373273273273128e+01	5.712000000024113433e+01	5.716000000337219689e+01
1.297389189189189018e+01	5.712000000023834900e+01	5.716000000322669194e+01
1.313405105105105086e+01	5.712000000023559210e+01	5.716000000308746110e+01
1.329421021021020977e+01	5.712000000023287782e+01	5.716000000295424144e+01
1.345436936936936867e+01	5.712000000023018487e+01	5.716000000282677007e+01
1.361452852852852757e+01	5.712000000022752744e+01	5.716000000270479831e+01
1.377468768768768648e+01	5.712000000022490553e+01	5.716000000258809166e+01
1.393484684684684538e+01	5.712000000022230495e+01	5.716000000247641566e+01
1.409500600600600428e+01	5.712000000021973989e+01	5.716000000236956424e+01
1.425516516516516496e+01	5.712000000021720325e+01	5.716000000226731714e+01
1.441532432432432387e+01	5.712000000021469504e+01	5.716000000216948962e+01
1.457548348348348277e+01	5.712000000021221524e+01	5.716000000207587561e+01
1.473564264264264168e+01	5.712000000020976387e+01	5.716000000198630460e+01
1.489580180180180058e+01	5.712000000020734802e+01	5.716000000190059893e+01
1.505596096096095948e+01	5.712000000020495349e+01	5.716000000181859519e+01
1.521612012012011839e+01	5.712000000020258739e+01	5.716000000174012285e+01
1.537627927927927907e+01	5.712000000020024970e+01	5.716000000166503980e+01
1.553643843843843797e+01	5.712000000019793333e+01	5.716000000159319683e+01
1.569659759759759687e+01	5.712000000019565249e+01	5.716000000152445182e+01
1.585675675675675578e+01	5.712000000019339296e+01	5.716000000145866977e+01
1.601691591591591646e+01	5.712000000019116186e+01	5.716000000139572990e+01
1.617707507507507714e+01	5.712000000018895207e+01	5.716000000133551140e+01
1.633723423423423426e+01	5.712000000018677071e+01	5.716000000127787928e+01
1.649739339339339494e+01	5.712000000018461776e+01	5.716000000122274116e+01
1.665755255255255207e+01	5.712000000018248613e+01	5.716000000116998336e+01
1.681771171171171275e+01	5.712000000018037582e+01	5.716000000111949930e+01
1.697787087087086988e+01	5.712000000017829393e+01	5.716000000107119661e+01
1.713803003003003056e+01	5.712000000017623336e+01	5.716000000102497580e+01
1.729818918918919124e+01	5.712000000017420120e+01	5.716000000098075162e+01
1.745834834834834837e+01	5.712000000017219037e+01	5.716000000093843170e+01
1.761850750750750905e+01	5.712000000017020085e+01	5.716000000089793787e+01
1.777866666666666617e+01	5.712000000016823975e+01	5.716000000085919197e+01
1.793882582582582685e+01	5.712000000016629286e+01	5.716000000082212296e+01
1.809898498498498398e+01	5.712000000016437440e+01	5.716000000078664556e+01
1.825914414414414466e+01	5.712000000016247725e+01	5.716000000075270293e+01
1.841930330330330534e+01	5.712000000016060142e+01	5.716000000072022402e+01
1.857946246246246247e+01	5.712000000015874690e+01	5.716000000068915199e+01
1.873962162162162315e+01	5.712000000015691370e+01	5.716000000065941578e+01
1.889978078078078028e+01	5.712000000015510182e+01	5.716000000063095854e+01
1.905993993993994096e+01	5.712000000015331125e+01	5.716000000060373765e+01
1.922009909909909808e+01	5.712000000015154200e+01	5.716000000057768204e+01
1.938025825825825876e+01	5.712000000014979406e+01	5.716000000055275621e+01
1.954041741741741944e+01	5.712000000014806744e+01	5.716000000052891039e+01
1.970057657657657657e+01	5.712000000014635503e+01	5.716000000050608776e+01
1.986073573573573725e+01	5.712000000014466394e+01	5.716000000048424567e+01
2.002089489489489438e+01	5.712000000014299417e+01	5.716000000046335572e+01
2.018105405405405506e+01	5.712000000014134571e+01	5.716000000044336105e+01
2.034121321321321219e+01	5.712000000013971146e+01	5.716000000042423324e+01
2.050137237237237287e+01	5.712000000013809853e+01	5.716000000040592255e+01
2.066153153153153355e+01	5.712000000013650691e+01	5.716000000038840767e+01
2.082169069069069067e+01	5.712000000013492951e+01	5.716000000037165307e+01
2.098184984984985135e+01	5.712000000013337342e+01	5.716000000035561612e+01
2.114200900900900848e+01	5.712000000013183154e+01	5.716000000034026840e+01
2.130216816816816916e+01	5.712000000013031098e+01	5.716000000032558859e+01
2.146232732732732629e+01	5.712000000012880463e+01	5.716000000031154116e+01
2.162248648648648697e+01	5.712000000012731959e+01	5.716000000029809769e+01
2.178264564564564765e+01	5.712000000012584877e+01	5.716000000028523687e+01
2.194280480480480477e+01	5.712000000012439216e+01	5.716000000027292316e+01
2.210296396396396545e+01	5.712000000012295686e+01	5.716000000026114947e+01
2.226312312312312258e+01	5.712000000012154288e+01	5.716000000024988026e+01
2.242328228228228326e+01	5.712000000012013601e+01	5.716000000023910133e+01
2.258344144144144039e+01	5.712000000011875045e+01	5.716000000022878424e+01
2.274360060060060107e+01	5.712000000011737910e+01	5.716000000021890770e+01
2.290375975975976175e+01	5.712000000011602197e+01	5.716000000020946459e+01
2.306391891891891888e+01	5.712000000011468615e+01	5.716000000020042648e+01
2.322407807807807956e+01	5.712000000011335743e+01	5.716000000019177918e+01
2.338423723723723668e+01	5.712000000011205003e+01	5.716000000018350136e+01
2.354439639639639736e+01	5.712000000011075684e+01	5.716000000017558591e+01
2.370455555555555449e+01	5.712000000010947787e+01	5.716000000016801152e+01
2.386471471471471517e+01	5.712000000010821310e+01	5.716000000016075688e+01
2.402487387387387585e+01	5.712000000010696255e+01	5.716000000015382199e+01
2.418503303303303298e+01	5.712000000010573331e+01	5.716000000014718552e+01
2.434519219219219366e+01	5.712000000010451117e+01	5.716000000014083327e+01
2.450535135135135079e+01	5.712000000010330325e+01	5.716000000013475812e+01
2.466551051051051147e+01	5.712000000010210954e+01	5.716000000012893878e+01
2.482566966966966859e+01	5.712000000010093004e+01	5.716000000012337523e+01
2.498582882882882927e+01	5.712000000009976475e+01	5.716000000011805326e+01
2.514598798798798995e+01	5.712000000009861367e+01	5.716000000011295867e+01
2.530614714714714708e+01	5.712000000009747680e+01	5.716000000010808435e+01
2.546630630630630776e+01	5.712000000009635414e+01	5.716000000010342319e+01
2.562646546546546489e+01	5.712000000009523859e+01	5.716000000009896098e+01
2.578662462462462557e+01	5.712000000009413725e+01	5.716000000009469062e+01
2.594678378378378270e+01	5.712000000009305012e+01	5.716000000009060500e+01
2.610694294294294338e+01	5.712000000009197720e+01	5.716000000008669701e+01
2.626710210210210406e+01	5.712000000009091849e+01	5.716000000008295245e+01
2.642726126126126118e+01	5.712000000008986689e+01	5.716000000007937132e+01
2.658742042042042186e+01	5.712000000008882949e+01	5.716000000007594650e+01
2.674757957957957899e+01	5.712000000008780631e+01	5.716000000007267090e+01
2.690773873873873967e+01	5.712000000008679024e+01	5.716000000006953741e+01
2.706789789789789680e+01	5.712000000008578837e+01	5.716000000006653181e+01
2.722805705705705748e+01	5.712000000008480072e+01	5.716000000006366122e+01
2.738821621621621816e+01	5.712000000008382017e+01	5.716000000006091852e+01
2.754837537537537528e+01	5.712000000008285383e+01	5.716000000005828952e+01
2.770853453453453596e+01	5.712000000008189460e+01	5.716000000005577419e+01
2.786869369369369309e+01	5.712000000008094958e+01	5.716000000005336545e+01
2.802885285285285377e+01	5.712000000008001166e+01	5.716000000005106330e+01
2.818901201201201090e+01	5.712000000007908795e+01	5.716000000004886061e+01
2.834917117117117158e+01	5.712000000007817846e+01	5.716000000004675030e+01
2.850933033033033226e+01	5.712000000007727607e+01	5.716000000004473236e+01
2.866948948948948939e+01	5.712000000007638079e+01	5.716000000004280679e+01
2.882964864864865007e+01	5.712000000007549971e+01	5.716000000004095938e+01
2.898980780780780719e+01	5.712000000007463285e+01	5.716000000003919013e+01
2.914996696696696787e+01	5.712000000007376599e+01	5.716000000003749903e+01
2.931012612612612500e+01	5.712000000007291334e+01	5.716000000003587900e+01
2.947028528528528568e+01	5.712000000007207490e+01	5.716000000003433001e+01
2.963044444444444636e+01	5.712000000007124356e+01	5.716000000003285209e+01
2.979060360360360349e+01	5.712000000007041933e+01	5.716000000003143100e+01
2.995076276276276417e+01	5.712000000006960931e+01	5.716000000003007386e+01
3.011092192192192130e+01	5.712000000006880640e+01	5.716000000002878068e+01
3.027108108108108198e+01	5.712000000006801059e+01	5.716000000002753723e+01
3.043124024024023910e+01	5.712000000006722189e+01	5.716000000002635062e+01
3.059139939939939978e+01	5.712000000006644740e+01	5.716000000002521375e+01
3.075155855855856046e+01	5.712000000006568001e+01	5.716000000002412662e+01
3.091171771771771759e+01	5.712000000006491973e+01	5.716000000002308212e+01
3.107187687687687827e+01	5.712000000006417366e+01	5.716000000002208736e+01
3.123203603603603540e+01	5.712000000006343470e+01	5.716000000002113524e+01
3.139219519519519608e+01	5.712000000006270284e+01	5.716000000002021864e+01
3.155235435435435321e+01	5.712000000006197808e+01	5.716000000001935177e+01
3.171251351351351389e+01	5.712000000006126044e+01	5.716000000001851333e+01
3.187267267267267101e+01	5.712000000006054989e+01	5.716000000001771753e+01
3.203283183183182814e+01	5.712000000005985356e+01	5.716000000001695014e+01
3.219299099099098527e+01	5.712000000005916434e+01	5.716000000001621828e+01
3.235315015015014950e+01	5.712000000005848221e+01	5.716000000001552195e+01
3.251330930930930663e+01	5.712000000005780720e+01	5.716000000001484693e+01
3.267346846846846375e+01	5.712000000005713929e+01	5.716000000001420744e+01
3.283362762762762088e+01	5.712000000005647848e+01	5.716000000001359638e+01
3.299378678678678511e+01	5.712000000005582478e+01	5.716000000001300663e+01
3.315394594594594224e+01	5.712000000005517819e+01	5.716000000001244530e+01
3.331410510510509937e+01	5.712000000005454581e+01	5.716000000001191239e+01
3.347426426426426360e+01	5.712000000005391342e+01	5.716000000001139369e+01
3.363442342342342073e+01	5.712000000005329525e+01	5.716000000001090342e+01
3.379458258258257786e+01	5.712000000005267708e+01	5.716000000001043446e+01
3.395474174174173498e+01	5.712000000005206601e+01	5.716000000000997971e+01
3.411490090090089922e+01	5.712000000005146916e+01	5.716000000000955339e+01
3.427506006006005634e+01	5.712000000005087230e+01	5.716000000000914127e+01
3.443521921921921347e+01	5.712000000005028255e+01	5.716000000000874337e+01
3.459537837837837770e+01	5.712000000004970701e+01	5.716000000000836678e+01
3.475553753753753483e+01	5.712000000004913147e+01	5.716000000000800441e+01
3.491569669669669196e+01	5.712000000004856304e+01	5.716000000000766335e+01
3.507585585585584909e+01	5.712000000004800171e+01	5.716000000000732939e+01
3.523601501501501332e+01	5.712000000004744749e+01	5.716000000000701675e+01
3.539617417417417045e+01	5.712000000004690037e+01	5.716000000000671122e+01
3.555633333333332757e+01	5.712000000004636036e+01	5.716000000000641990e+01
3.571649249249249181e+01	5.712000000004582745e+01	5.716000000000614278e+01
3.587665165165164893e+01	5.712000000004529454e+01	5.716000000000587988e+01
3.603681081081080606e+01	5.712000000004477585e+01	5.716000000000562409e+01
3.619696996996996319e+01	5.712000000004425715e+01	5.716000000000538250e+01
3.635712912912912742e+01	5.712000000004374556e+01	5.716000000000514802e+01
3.651728828828828455e+01	5.712000000004324107e+01	5.716000000000492776e+01
3.667744744744744168e+01	5.712000000004274369e+01	5.716000000000471459e+01
3.683760660660660591e+01	5.712000000004224631e+01	5.716000000000450854e+01
3.699776576576576304e+01	5.712000000004176314e+01	5.716000000000431669e+01
3.715792492492492016e+01	5.712000000004127997e+01	5.716000000000413195e+01
3.731808408408407729e+01	5.712000000004080391e+01	5.716000000000395431e+01
3.747824324324324152e+01	5.712000000004032785e+01	5.716000000000378378e+01
3.763840240240239865e+01	5.712000000003986599e+01	5.716000000000362036e+01
3.779856156156155578e+01	5.712000000003940414e+01	5.716000000000346404e+01
3.795872072072072001e+01	5.712000000003894939e+01	5.716000000000331482e+01
3.811887987987987714e+01	5.712000000003850175e+01	5.716000000000316561e+01
3.827903903903903426e+01	5.712000000003805411e+01	5.716000000000303061e+01
3.843919819819819139e+01	5.712000000003761357e+01	5.716000000000290271e+01
3.859935735735735562e+01	5.712000000003718014e+01	5.716000000000277481e+01
3.875951651651651275e+01	5.712000000003675382e+01	5.716000000000265402e+01
3.891967567567566988e+01	5.712000000003632749e+01	5.716000000000254033e+01
3.907983483483483411e+01	5.712000000003590827e+01	5.716000000000243375e+01
3.923999399399399124e+01	5.712000000003549616e+01	5.716000000000232717e+01
3.940015315315314837e+01	5.712000000003508404e+01	5.716000000000222769e+01
3.956031231231230549e+01	5.712000000003467903e+01	5.716000000000212822e+01
3.972047147147146973e+01	5.712000000003428113e+01	5.716000000000203585e+01
3.988063063063062685e+01	5.712000000003388323e+01	5.716000000000195058e+01
4.004078978978978398e+01	5.712000000003349243e+01	5.716000000000186532e+01
4.020094894894894821e+01	5.712000000003310163e+01	5.716000000000178716e+01
4.036110810810810534e+01	5.712000000003272504e+01	5.716000000000170900e+01
4.052126726726726247e+01	5.712000000003234845e+01	5.716000000000163084e+01
4.068142642642641960e+01	5.712000000003197187e+01	5.716000000000155978e+01
4.084158558558558383e+01	5.712000000003160238e+01	5.716000000000149583e+01
4.100174474474474096e+01	5.712000000003124001e+01	5.716000000000143189e+01
4.116190390390389808e+01	5.712000000003087763e+01	5.716000000000136794e+01
4.132206306306306232e+01	5.712000000003052236e+01	5.716000000000131109e+01
4.148222222222221944e+01	5.712000000003016709e+01	5.716000000000125425e+01
4.164238138138137657e+01	5.712000000002981892e+01	5.716000000000119741e+01
4.180254054054053370e+01	5.712000000002947786e+01	5.716000000000114767e+01
4.196269969969969793e+01	5.712000000002913680e+01	5.716000000000109793e+01
4.212285885885885506e+01	5.712000000002879574e+01	5.716000000000104819e+01
4.228301801801801219e+01	5.712000000002846889e+01	5.716000000000100556e+01
4.244317717717717642e+01	5.712000000002813493e+01	5.716000000000096293e+01
4.260333633633633355e+01	5.712000000002781519e+01	5.716000000000092029e+01
4.276349549549549067e+01	5.712000000002748834e+01	5.716000000000087766e+01
4.292365465465464780e+01	5.712000000002717570e+01	5.716000000000084214e+01
4.308381381381381203e+01	5.712000000002686306e+01	5.716000000000080661e+01
4.324397297297296916e+01	5.712000000002655042e+01	5.716000000000077108e+01
4.340413213213212629e+01	5.712000000002624489e+01	5.716000000000073555e+01
4.356429129129129052e+01	5.712000000002593936e+01	5.716000000000070713e+01
4.372445045045044765e+01	5.712000000002564093e+01	5.716000000000067160e+01
4.388460960960960477e+01	5.712000000002534250e+01	5.716000000000064318e+01
4.404476876876876190e+01	5.712000000002505118e+01	5.716000000000061476e+01
4.420492792792792613e+01	5.712000000002475986e+01	5.716000000000059345e+01
4.436508708708708326e+01	5.712000000002447564e+01	5.716000000000056502e+01
4.452524624624624039e+01	5.712000000002419142e+01	5.716000000000053660e+01
4.468540540540540462e+01	5.712000000002391431e+01	5.716000000000051529e+01
4.484556456456456175e+01	5.712000000002363720e+01	5.716000000000049397e+01
4.500572372372371888e+01	5.712000000002336719e+01	5.716000000000047265e+01
4.516588288288287600e+01	5.712000000002309719e+01	5.716000000000045134e+01
4.532604204204204024e+01	5.712000000002282718e+01	5.716000000000043002e+01
4.548620120120119736e+01	5.712000000002256428e+01	5.716000000000041581e+01
4.564636036036035449e+01	5.712000000002230848e+01	5.716000000000039449e+01
4.580651951951951872e+01	5.712000000002204558e+01	5.716000000000038028e+01
4.596667867867867585e+01	5.712000000002179689e+01	5.716000000000035897e+01
4.612683783783783298e+01	5.712000000002154110e+01	5.716000000000034476e+01
4.628699699699699011e+01	5.712000000002129241e+01	5.716000000000033054e+01
4.644715615615615434e+01	5.712000000002105082e+01	5.716000000000031633e+01
4.660731531531531147e+01	5.712000000002080213e+01	5.716000000000030212e+01
4.676747447447446859e+01	5.712000000002056765e+01	5.716000000000028791e+01
4.692763363363363283e+01	5.712000000002032607e+01	5.716000000000027370e+01
4.708779279279278995e+01	5.712000000002009159e+01	5.716000000000026660e+01
4.724795195195194708e+01	5.712000000001985711e+01	5.716000000000025238e+01
4.740811111111110421e+01	5.712000000001962974e+01	5.716000000000024528e+01
4.756827027027026844e+01	5.712000000001940236e+01	5.716000000000023107e+01
4.772842942942942557e+01	5.712000000001918210e+01	5.716000000000022396e+01
4.788858858858858270e+01	5.712000000001896183e+01	5.716000000000020975e+01
4.804874774774774693e+01	5.712000000001874156e+01	5.716000000000020265e+01
4.820890690690690406e+01	5.712000000001852129e+01	5.716000000000019554e+01
4.836906606606606118e+01	5.712000000001830813e+01	5.716000000000018844e+01
4.852922522522521831e+01	5.712000000001809497e+01	5.716000000000017423e+01
4.868938438438438254e+01	5.712000000001788891e+01	5.716000000000016712e+01
4.884954354354353967e+01	5.712000000001768285e+01	5.716000000000016001e+01
4.900970270270269680e+01	5.712000000001747679e+01	5.716000000000015291e+01
4.916986186186186103e+01	5.712000000001727784e+01	5.716000000000014580e+01
4.933002102102101816e+01	5.712000000001707889e+01	5.716000000000013870e+01
4.949018018018017528e+01	5.712000000001687994e+01	5.716000000000013159e+01
4.965033933933933241e+01	5.712000000001668809e+01	5.716000000000013159e+01
4.981049849849849664e+01	5.712000000001648914e+01	5.716000000000012449e+01
4.997065765765765377e+01	5.712000000001630440e+01	5.716000000000011738e+01
5.013081681681681090e+01	5.712000000001611255e+01	5.716000000000011028e+01
5.029097597597597513e+01	5.712000000001592781e+01	5.716000000000011028e+01
5.045113513513513226e+01	5.712000000001574307e+01	5.716000000000010317e+01
5.061129429429428939e+01	5.712000000001556543e+01	5.716000000000009607e+01
5.077145345345344651e+01	5.712000000001538069e+01	5.716000000000009607e+01
5.093161261261261075e+01	5.712000000001520306e+01	5.716000000000008896e+01
5.109177177177176787e+01	5.712000000001503253e+01	5.716000000000008896e+01
5.125193093093092500e+01	5.712000000001485489e+01	5.716000000000008185e+01
5.141209009009008923e+01	5.712000000001468436e+01	5.716000000000007475e+01
5.157224924924924636e+01	5.712000000001451383e+01	5.716000000000007475e+01
5.173240840840840349e+01	5.712000000001435041e+01	5.716000000000007475e+01
5.189256756756756062e+01	5.712000000001417988e+01	5.716000000000006764e+01
5.205272672672672485e+01	5.712000000001401645e+01	5.716000000000006764e+01
5.221288588588588198e+01	5.712000000001385303e+01	5.716000000000006054e+01
5.237304504504503910e+01	5.712000000001369671e+01	5.716000000000006054e+01
5.253320420420420334e+01	5.712000000001354039e+01	5.716000000000005343e+01
5.269336336336336046e+01	5.712000000001338407e+01	5.716000000000005343e+01
5.285352252252251759e+01	5.712000000001322775e+01	5.716000000000005343e+01
5.301368168168167472e+01	5.712000000001307143e+01	5.716000000000004633e+01
5.317384084084083895e+01	5.712000000001292221e+01	5.716000000000004633e+01
5.333399999999999608e+01	5.712000000001277300e+01	5.716000000000004633e+01
5.349415915915915321e+01	5.712000000001262379e+01	5.716000000000003922e+01
5.365431831831831744e+01	5.712000000001248168e+01	5.716000000000003922e+01
5.381447747747747457e+01	5.712000000001233957e+01	5.716000000000003922e+01
5.397463663663663169e+01	5.712000000001219746e+01	5.716000000000003922e+01
5.413479579579578882e+01	5.712000000001205535e+01	5.716000000000003212e+01
5.429495495495495305e+01	5.712000000001191324e+01	5.716000000000003212e+01
5.445511411411411018e+01	5.712000000001177824e+01	5.716000000000003212e+01
5.461527327327326731e+01	5.712000000001164324e+01	5.716000000000003212e+01
5.477543243243243154e+01	5.712000000001150823e+01	5.716000000000003212e+01
5.493559159159158867e+01	5.712000000001137323e+01	5.716000000000002501e+01
5.509575075075074579e+01	5.712000000001124533e+01	5.716000000000002501e+01
5.525590990990990292e+01	5.712000000001111033e+01	5.716000000000002501e+01
5.541606906906906715e+01	5.712000000001098243e+01	5.716000000000002501e+01
5.557622822822822428e+01	5.712000000001085454e+01	5.716000000000002501e+01
5.573638738738738141e+01	5.712000000001073374e+01	5.716000000000001791e+01
5.589654654654654564e+01	5.712000000001060585e+01	5.716000000000001791e+01
5.605670570570570277e+01	5.712000000001048505e+01	5.716000000000001791e+01
5.621686486486485990e+01	5.712000000001036426e+01	5.716000000000001791e+01
5.637702402402401702e+01	5.712000000001024347e+01	5.716000000000001791e+01
5.653718318318318126e+01	5.712000000001012268e+01	5.716000000000001791e+01
5.669734234234233838e+01	5.712000000001000899e+01	5.716000000000001791e+01
5.685750150150149551e+01	5.712000000000989530e+01	5.716000000000001791e+01
5.701766066066065974e+01	5.712000000000978162e+01	5.716000000000001080e+01
5.717781981981981687e+01	5.712000000000966793e+01	5.716000000000001080e+01
5.733797897897897400e+01	5.712000000000955424e+01	5.716000000000001080e+01
5.749813813813813113e+01	5.712000000000944766e+01	5.716000000000001080e+01
5.765829729729729536e+01	5.712000000000933397e+01	5.716000000000001080e+01
5.781845645645645249e+01	5.712000000000922739e+01	5.716000000000001080e+01
5.797861561561560961e+01	5.712000000000912081e+01	5.716000000000001080e+01
5.813877477477477385e+01	5.712000000000901423e+01	5.716000000000001080e+01
5.829893393393393097e+01	5.712000000000891475e+01	5.716000000000001080e+01
5.845909309309308810e+01	5.712000000000880817e+01	5.716000000000001080e+01
5.861925225225224523e+01	5.712000000000870870e+01	5.716000000000001080e+01
5.877941141141140946e+01	5.712000000000860922e+01	5.716000000000001080e+01
5.893957057057056659e+01	5.712000000000850974e+01	5.716000000000000369e+01
5.909972972972972372e+01	5.712000000000841027e+01	5.716000000000000369e+01
5.925988888888888795e+01	5.712000000000831079e+01	5.716000000000000369e+01
5.942004804804804508e+01	5.712000000000821842e+01	5.716000000000000369e+01
5.958020720720720220e+01	5.712000000000811895e+01	5.716000000000000369e+01
5.974036636636635933e+01	5.712000000000802657e+01	5.716000000000000369e+01
5.990052552552552356e+01	5.712000000000793420e+01	5.716000000000000369e+01
6.006068468468468069e+01	5.712000000000784183e+01	5.716000000000000369e+01
6.022084384384383782e+01	5.712000000000774946e+01	5.716000000000000369e+01
6.038100300300300205e+01	5.712000000000766420e+01	5.716000000000000369e+01
6.054116216216215918e+01	5.712000000000757183e+01	5.716000000000000369e+01
6.070132132132131630e+01	5.712000000000748656e+01	5.716000000000000369e+01
6.086148048048047343e+01	5.712000000000740130e+01	5.716000000000000369e+01
6.102163963963963766e+01	5.712000000000731603e+01	5.716000000000000369e+01
6.118179879879879479e+01	5.712000000000723077e+01	5.716000000000000369e+01
6.134195795795795192e+01	5.712000000000714550e+01	5.716000000000000369e+01
6.150211711711711615e+01	5.712000000000706734e+01	5.716000000000000369e+01
6.166227627627627328e+01	5.712000000000698208e+01	5.716000000000000369e+01
6.182243543543543041e+01	5.712000000000690392e+01	5.716000000000000369e+01
6.198259459459458753e+01	5.712000000000682576e+01	5.716000000000000369e+01
6.214275375375375177e+01	5.712000000000674049e+01	5.716000000000000369e+01
6.230291291291290889e+01	5.712000000000666233e+01	5.716000000000000369e+01
6.246307207207206602e+01	5.712000000000659128e+01	5.716000000000000369e+01
6.262323123123122315e+01	5.712000000000651312e+01	5.716000000000000369e+01
6.278339039039038738e+01	5.712000000000643496e+01	5.716000000000000369e+01
6.294354954954954451e+01	5.712000000000636390e+01	5.715999999999999659e+01
6.310370870870870164e+01	5.712000000000629285e+01	5.715999999999999659e+01
6.326386786786786587e+01	5.712000000000621469e+01	5.715999999999999659e+01
6.342402702702702300e+01	5.712000000000614364e+01	5.715999999999999659e+01
6.358418618618618012e+01	5.712000000000607258e+01	5.715999999999999659e+01
6.374434534534533725e+01	5.712000000000600153e+01	5.715999999999999659e+01
6.390450450450450148e+01	5.712000000000593758e+01	5.715999999999999659e+01
6.406466366366366572e+01	5.712000000000586653e+01	5.715999999999999659e+01
6.422482282282282995e+01	5.712000000000579547e+01	5.715999999999999659e+01
6.438498198198197997e+01	5.712000000000573152e+01	5.715999999999999659e+01
6.454514114114114420e+01	5.712000000000566757e+01	5.715999999999999659e+01
6.470530030030030844e+01	5.712000000000559652e+01	5.715999999999999659e+01
6.486545945945945846e+01	5.712000000000553257e+01	5.715999999999999659e+01
6.502561861861862269e+01	5.712000000000546862e+01	5.715999999999999659e+01
6.518577777777778692e+01	5.712000000000540467e+01	5.715999999999999659e+01
6.534593693693693695e+01	5.712000000000534783e+01	5.715999999999999659e+01
6.550609609609610118e+01	5.712000000000528388e+01	5.715999999999999659e+01
6.566625525525525120e+01	5.712000000000521993e+01	5.715999999999999659e+01
6.582641441441441543e+01	5.712000000000516309e+01	5.715999999999999659e+01
6.598657357357357967e+01	5.712000000000510624e+01	5.715999999999999659e+01
6.614673273273272969e+01	5.712000000000504230e+01	5.715999999999999659e+01
6.630689189189189392e+01	5.712000000000498545e+01	5.715999999999999659e+01
6.646705105105105815e+01	5.712000000000492861e+01	5.715999999999999659e+01
6.662721021021020817e+01	5.712000000000487177e+01	5.715999999999999659e+01
6.678736936936937241e+01	5.712000000000481492e+01	5.715999999999999659e+01
6.694752852852853664e+01	5.712000000000475808e+01	5.715999999999999659e+01
6.710768768768768666e+01	5.712000000000470123e+01	5.715999999999999659e+01
6.726784684684685089e+01	5.712000000000465150e+01	5.715999999999999659e+01
6.742800600600601513e+01	5.712000000000459465e+01	5.715999999999999659e+01
6.758816516516516515e+01	5.712000000000454492e+01	5.715999999999999659e+01
6.774832432432432938e+01	5.712000000000448807e+01	5.715999999999999659e+01
6.790848348348347940e+01	5.712000000000443833e+01	5.715999999999999659e+01
6.806864264264264364e+01	5.712000000000438860e+01	5.715999999999999659e+01
6.822880180180180787e+01	5.712000000000433886e+01	5.715999999999999659e+01
6.838896096096095789e+01	5.712000000000428912e+01	5.715999999999999659e+01
6.854912012012012212e+01	5.712000000000423938e+01	5.715999999999999659e+01
6.870927927927928636e+01	5.712000000000418964e+01	5.715999999999999659e+01
6.886943843843843638e+01	5.712000000000413991e+01	5.715999999999999659e+01
6.902959759759760061e+01	5.712000000000409017e+01	5.715999999999999659e+01
6.918975675675676484e+01	5.712000000000404754e+01	5.715999999999999659e+01
6.934991591591591487e+01	5.712000000000399780e+01	5.715999999999999659e+01
6.951007507507507910e+01	5.712000000000395517e+01	5.715999999999999659e+01
6.967023423423424333e+01	5.712000000000390543e+01	5.715999999999999659e+01
6.983039339339339335e+01	5.712000000000386279e+01	5.715999999999999659e+01
6.999055255255255759e+01	5.712000000000381306e+01	5.715999999999999659e+01
7.015071171171170761e+01	5.712000000000377042e+01	5.715999999999999659e+01
7.031087087087087184e+01	5.712000000000372779e+01	5.715999999999999659e+01
7.047103003003003607e+01	5.712000000000368516e+01	5.715999999999999659e+01
7.063118918918918610e+01	5.712000000000364253e+01	5.715999999999999659e+01
7.079134834834835033e+01	5.712000000000359989e+01	5.715999999999999659e+01
7.095150750750751456e+01	5.712000000000355726e+01	5.715999999999999659e+01
7.111166666666666458e+01	5.712000000000352173e+01	5.715999999999999659e+01
7.127182582582582882e+01	5.712000000000347910e+01	5.715999999999999659e+01
7.143198498498499305e+01	5.712000000000343647e+01	5.715999999999999659e+01
7.159214414414414307e+01	5.712000000000340094e+01	5.715999999999999659e+01
7.175230330330330730e+01	5.712000000000335831e+01	5.715999999999999659e+01
7.191246246246247154e+01	5.712000000000332278e+01	5.715999999999999659e+01
7.207262162162162156e+01	5.712000000000328015e+01	5.715999999999999659e+01
7.223278078078078579e+01	5.712000000000324462e+01	5.715999999999999659e+01
7.239293993993993581e+01	5.712000000000320910e+01	5.715999999999999659e+01
7.255309909909910004e+01	5.712000000000316646e+01	5.715999999999999659e+01
7.271325825825826428e+01	5.712000000000313094e+01	5.715999999999999659e+01
7.287341741741741430e+01	5.712000000000309541e+01	5.715999999999999659e+01
7.303357657657657853e+01	5.712000000000305988e+01	5.715999999999999659e+01
7.319373573573574276e+01	5.712000000000302435e+01	5.715999999999999659e+01
7.335389489489489279e+01	5.712000000000298883e+01	5.715999999999999659e+01
7.351405405405405702e+01	5.712000000000295330e+01	5.715999999999999659e+01
7.367421321321322125e+01	5.712000000000292488e+01	5.715999999999999659e+01
7.383437237237237127e+01	5.712000000000288935e+01	5.715999999999999659e+01
7.399453153153153551e+01	5.712000000000285382e+01	5.715999999999999659e+01
7.415469069069069974e+01	5.712000000000281830e+01	5.715999999999999659e+01
7.431484984984984976e+01	5.712000000000278987e+01	5.715999999999999659e+01
7.447500900900901399e+01	5.712000000000275435e+01	5.715999999999999659e+01
7.463516816816816402e+01	5.712000000000272593e+01	5.715999999999999659e+01
7.479532732732732825e+01	5.712000000000269040e+01	5.715999999999999659e+01
7.495548648648649248e+01	5.712000000000266198e+01	5.715999999999999659e+01
7.511564564564564250e+01	5.712000000000263356e+01	5.715999999999999659e+01
7.527580480480480674e+01	5.712000000000259803e+01	5.715999999999999659e+01
7.543596396396397097e+01	5.712000000000256961e+01	5.715999999999999659e+01
7.559612312312312099e+01	5.712000000000254119e+01	5.715999999999999659e+01
7.575628228228228522e+01	5.712000000000251276e+01	5.715999999999999659e+01
7.591644144144144946e+01	5.712000000000248434e+01	5.715999999999999659e+01
7.607660060060059948e+01	5.712000000000245592e+01	5.715999999999999659e+01
7.623675975975976371e+01	5.712000000000242750e+01	5.715999999999999659e+01
7.639691891891892794e+01	5.712000000000239908e+01	5.715999999999999659e+01
7.655707807807807797e+01	5.712000000000237065e+01	5.715999999999999659e+01
7.671723723723724220e+01	5.712000000000234223e+01	5.715999999999999659e+01
7.687739639639639222e+01	5.712000000000231381e+01	5.715999999999999659e+01
7.703755555555555645e+01	5.712000000000228539e+01	5.715999999999999659e+01
7.719771471471472069e+01	5.712000000000226407e+01	5.715999999999999659e+01
7.735787387387387071e+01	5.712000000000223565e+01	5.715999999999999659e+01
7.751803303303303494e+01	5.712000000000220723e+01	5.715999999999999659e+01
7.767819219219219917e+01	5.712000000000218591e+01	5.715999999999999659e+01
7.783835135135134919e+01	5.712000000000215749e+01	5.715999999999999659e+01
7.799851051051051343e+01	5.712000000000213618e+01	5.715999999999999659e+01
7.815866966966967766e+01	5.712000000000210775e+01	5.715999999999999659e+01
7.831882882882882768e+01	5.712000000000208644e+01	5.715999999999999659e+01
7.847898798798799191e+01	5.712000000000205802e+01	5.715999999999999659e+01
7.863914714714715615e+01	5.712000000000203670e+01	5.715999999999999659e+01
7.879930630630630617e+01	5.712000000000201538e+01	5.715999999999999659e+01
7.895946546546547040e+01	5.712000000000199407e+01	5.715999999999999659e+01
7.911962462462462042e+01	5.712000000000196565e+01	5.715999999999999659e+01
7.927978378378378466e+01	5.712000000000194433e+01	5.715999999999999659e+01
7.943994294294294889e+01	5.712000000000192301e+01	5.715999999999999659e+01
7.960010210210209891e+01	5.712000000000190170e+01	5.715999999999999659e+01
7.976026126126126314e+01	5.712000000000188038e+01	5.715999999999999659e+01
7.992042042042042738e+01	5.712000000000185906e+01	5.715999999999999659e+01
8.008057957957957740e+01	5.712000000000183775e+01	5.715999999999999659e+01
8.024073873873874163e+01	5.712000000000181643e+01	5.715999999999999659e+01
8.040089789789790586e+01	5.712000000000179512e+01	5.715999999999999659e+01
8.056105705705705589e+01	5.712000000000177380e+01	5.715999999999999659e+01
8.072121621621622012e+01	5.712000000000175248e+01	5.715999999999999659e+01
8.088137537537538435e+01	5.712000000000173117e+01	5.715999999999999659e+01
8.104153453453453437e+01	5.712000000000170985e+01	5.715999999999999659e+01
8.120169369369369861e+01	5.712000000000168853e+01	5.715999999999999659e+01
8.136185285285284863e+01	5.712000000000167432e+01	5.715999999999999659e+01
8.152201201201201286e+01	5.712000000000165301e+01	5.715999999999999659e+01
8.168217117117117709e+01	5.712000000000163169e+01	5.715999999999999659e+01
8.184233033033032712e+01	5.712000000000161748e+01	5.715999999999999659e+01
8.200248948948949135e+01	5.712000000000159616e+01	5.715999999999999659e+01
8.216264864864865558e+01	5.712000000000157485e+01	5.715999999999999659e+01
8.232280780780780560e+01	5.712000000000156064e+01	5.715999999999999659e+01
8.248296696696696984e+01	5.712000000000153932e+01	5.715999999999999659e+01
8.264312612612613407e+01	5.712000000000152511e+01	5.715999999999999659e+01
8.280328528528528409e+01	5.712000000000150379e+01	5.715999999999999659e+01
8.296344444444444832e+01	5.712000000000148958e+01	5.715999999999999659e+01
8.312360360360359834e+01	5.712000000000146827e+01	5.715999999999999659e+01
8.328376276276276258e+01	5.712000000000145405e+01	5.715999999999999659e+01
8.344392192192192681e+01	5.712000000000143984e+01	5.715999999999999659e+01
8.360408108108107683e+01	5.712000000000141853e+01	5.715999999999999659e+01
8.376424024024024106e+01	5.712000000000140432e+01	5.715999999999999659e+01
8.392439939939940530e+01	5.712000000000139011e+01	5.715999999999999659e+01
8.408455855855855532e+01	5.712000000000136879e+01	5.715999999999999659e+01
8.424471771771771955e+01	5.712000000000135458e+01	5.715999999999999659e+01
8.440487687687688378e+01	5.712000000000134037e+01	5.715999999999999659e+01
8.456503603603603381e+01	5.712000000000132616e+01	5.715999999999999659e+01
8.472519519519519804e+01	5.712000000000131195e+01	5.715999999999999659e+01
8.488535435435436227e+01	5.712000000000129774e+01	5.715999999999999659e+01
8.504551351351351229e+01	5.712000000000127642e+01	5.715999999999999659e+01
8.520567267267267653e+01	5.712000000000126221e+01	5.715999999999999659e+01
8.536583183183182655e+01	5.712000000000124800e+01	5.715999999999999659e+01
8.552599099099099078e+01	5.712000000000123379e+01	5.715999999999999659e+01
8.568615015015015501e+01	5.712000000000121958e+01	5.715999999999999659e+01
8.584630930930930504e+01	5.712000000000120536e+01	5.715999999999999659e+01
8.600646846846846927e+01	5.712000000000119115e+01	5.715999999999999659e+01
8.616662762762763350e+01	5.712000000000117694e+01	5.715999999999999659e+01
8.632678678678678352e+01	5.712000000000116273e+01	5.715999999999999659e+01
8.648694594594594776e+01	5.712000000000115563e+01	5.715999999999999659e+01
8.664710510510511199e+01	5.712000000000114142e+01	5.715999999999999659e+01
8.680726426426426201e+01	5.712000000000112720e+01	5.715999999999999659e+01
8.696742342342342624e+01	5.712000000000111299e+01	5.715999999999999659e+01
8.712758258258259048e+01	5.712000000000109878e+01	5.715999999999999659e+01
8.728774174174174050e+01	5.712000000000108457e+01	5.715999999999999659e+01
8.744790090090090473e+01	5.712000000000107747e+01	5.715999999999999659e+01
8.760806006006005475e+01	5.712000000000106326e+01	5.715999999999999659e+01
8.776821921921921899e+01	5.712000000000104905e+01	5.715999999999999659e+01
8.792837837837838322e+01	5.712000000000103483e+01	5.715999999999999659e+01
8.808853753753753324e+01	5.712000000000102773e+01	5.715999999999999659e+01
8.824869669669669747e+01	5.712000000000101352e+01	5.715999999999999659e+01
8.840885585585586171e+01	5.712000000000099931e+01	5.715999999999999659e+01
8.856901501501501173e+01	5.712000000000099220e+01	5.715999999999999659e+01
8.872917417417417596e+01	5.712000000000097799e+01	5.715999999999999659e+01
8.888933333333334019e+01	5.712000000000097089e+01	5.715999999999999659e+01
8.904949249249249021e+01	5.712000000000095667e+01	5.715999999999999659e+01
8.920965165165165445e+01	5.712000000000094246e+01	5.715999999999999659e+01
8.936981081081081868e+01	5.712000000000093536e+01	5.715999999999999659e+01
8.952996996996996870e+01	5.712000000000092115e+01	5.715999999999999659e+01
8.969012912912913293e+01	5.712000000000091404e+01	5.715999999999999659e+01
8.985028828828828296e+01	5.712000000000089983e+01	5.715999999999999659e+01
9.001044744744744719e+01	5.712000000000089273e+01	5.715999999999999659e+01
9.017060660660661142e+01	5.712000000000087852e+01	5.715999999999999659e+01
9.033076576576576144e+01	5.712000000000087141e+01	5.715999999999999659e+01
9.049092492492492568e+01	5.712000000000086430e+01	5.715999999999999659e+01
9.065108408408408991e+01	5.712000000000085009e+01	5.715999999999999659e+01
9.081124324324323993e+01	5.712000000000084299e+01	5.715999999999999659e+01
9.097140240240240416e+01	5.712000000000082878e+01	5.715999999999999659e+01
9.113156156156156840e+01	5.712000000000082167e+01	5.715999999999999659e+01
9.129172072072071842e+01	5.712000000000081457e+01	5.715999999999999659e+01
9.145187987987988265e+01	5.712000000000080036e+01	5.715999999999999659e+01
9.161203903903904688e+01	5.712000000000079325e+01	5.715999999999999659e+01
9.177219819819819691e+01	5.712000000000078614e+01	5.715999999999999659e+01
9.193235735735736114e+01	5.712000000000077904e+01	5.715999999999999659e+01
9.209251651651651116e+01	5.712000000000076483e+01	5.715999999999999659e+01
9.225267567567567539e+01	5.712000000000075772e+01	5.715999999999999659e+01
9.241283483483483963e+01	5.712000000000075062e+01	5.715999999999999659e+01
9.257299399399398965e+01	5.712000000000074351e+01	5.715999999999999659e+01
9.273315315315315388e+01	5.712000000000072930e+01	5.715999999999999659e+01
9.289331231231231811e+01	5.712000000000072220e+01	5.715999999999999659e+01
9.305347147147146813e+01	5.712000000000071509e+01	5.715999999999999659e+01
9.321363063063063237e+01	5.712000000000070798e+01	5.715999999999999659e+01
9.337378978978979660e+01	5.712000000000070088e+01	5.715999999999999659e+01
9.353394894894894662e+01	5.712000000000069377e+01	5.715999999999999659e+01
9.369410810810811086e+01	5.712000000000067956e+01	5.715999999999999659e+01
9.385426726726727509e+01	5.712000000000067246e+01	5.715999999999999659e+01
9.401442642642642511e+01	5.712000000000066535e+01	5.715999999999999659e+01
9.417458558558558934e+01	5.712000000000065825e+01	5.715999999999999659e+01
9.433474474474473936e+01	5.712000000000065114e+01	5.715999999999999659e+01
9.449490390390390360e+01	5.712000000000064404e+01	5.715999999999999659e+01
9.465506306306306783e+01	5.712000000000063693e+01	5.715999999999999659e+01
9.481522222222221785e+01	5.712000000000062983e+01	5.715999999999999659e+01
9.497538138138138208e+01	5.712000000000062272e+01	5.715999999999999659e+01
9.513554054054054632e+01	5.712000000000061561e+01	5.715999999999999659e+01
9.529569969969969634e+01	5.712000000000060851e+01	5.715999999999999659e+01
9.545585885885886057e+01	5.712000000000060140e+01	5.715999999999999659e+01
9.561601801801802480e+01	5.712000000000059430e+01	5.715999999999999659e+01
9.577617717717717483e+01	5.712000000000058719e+01	5.715999999999999659e+01
9.593633633633633906e+01	5.712000000000058009e+01	5.715999999999999659e+01
9.609649549549550329e+01	5.712000000000057298e+01	5.715999999999999659e+01
9.625665465465465331e+01	5.712000000000056588e+01	5.715999999999999659e+01
9.641681381381381755e+01	5.712000000000055877e+01	5.715999999999999659e+01
9.657697297297296757e+01	5.712000000000055167e+01	5.715999999999999659e+01
9.673713213213213180e+01	5.712000000000054456e+01	5.715999999999999659e+01
9.689729129129129603e+01	5.712000000000053745e+01	5.715999999999999659e+01
9.705745045045044606e+01	5.712000000000053745e+01	5.715999999999999659e+01
9.721760960960961029e+01	5.712000000000053035e+01	5.715999999999999659e+01
9.737776876876877452e+01	5.712000000000052324e+01	5.715999999999999659e+01
9.753792792792792454e+01	5.712000000000051614e+01	5.715999999999999659e+01
9.769808708708708878e+01	5.712000000000050903e+01	5.715999999999999659e+01
9.785824624624625301e+01	5.712000000000050193e+01	5.715999999999999659e+01
9.801840540540540303e+01	5.712000000000049482e+01	5.715999999999999659e+01
9.817856456456456726e+01	5.712000000000049482e+01	5.715999999999999659e+01
9.833872372372373150e+01	5.712000000000048772e+01	5.715999999999999659e+01
9.849888288288288152e+01	5.712000000000048061e+01	5.715999999999999659e+01
9.865904204204204575e+01	5.712000000000047351e+01	5.715999999999999659e+01
9.881920120120119577e+01	5.712000000000046640e+01	5.715999999999999659e+01
9.897936036036036000e+01	5.712000000000046640e+01	5.715999999999999659e+01
9.913951951951952424e+01	5.712000000000045929e+01	5.715999999999999659e+01
9.929967867867867426e+01	5.712000000000045219e+01	5.715999999999999659e+01
9.945983783783783849e+01	5.712000000000044508e+01	5.715999999999999659e+01
9.961999699699700273e+01	5.712000000000044508e+01	5.715999999999999659e+01
9.978015615615615275e+01	5.712000000000043798e+01	5.715999999999999659e+01
9.994031531531531698e+01	5.712000000000043087e+01	5.715999999999999659e+01
1.001004744744744812e+02	5.712000000000043087e+01	5.715999999999999659e+01
1.002606336336336312e+02	5.712000000000042377e+01	5.715999999999999659e+01
1.004207927927927955e+02	5.712000000000041666e+01	5.715999999999999659e+01
1.005809519519519597e+02	5.712000000000041666e+01	5.715999999999999659e+01
1.007411111111111097e+02	5.712000000000040956e+01	5.715999999999999659e+01
1.009012702702702740e+02	5.712000000000040245e+01	5.715999999999999659e+01
1.010614294294294240e+02	5.712000000000039535e+01	5.715999999999999659e+01
1.012215885885885882e+02	5.712000000000039535e+01	5.715999999999999659e+01
1.013817477477477524e+02	5.712000000000038824e+01	5.715999999999999659e+01
1.015419069069069025e+02	5.712000000000038824e+01	5.715999999999999659e+01
1.017020660660660667e+02	5.712000000000038114e+01	5.715999999999999659e+01
1.018622252252252309e+02	5.712000000000037403e+01	5.715999999999999659e+01
1.020223843843843810e+02	5.712000000000037403e+01	5.715999999999999659e+01
1.021825435435435452e+02	5.712000000000036692e+01	5.715999999999999659e+01
1.023427027027027094e+02	5.712000000000035982e+01	5.715999999999999659e+01
1.025028618618618594e+02	5.712000000000035982e+01	5.715999999999999659e+01
1.026630210210210237e+02	5.712000000000035271e+01	5.715999999999999659e+01
1.028231801801801879e+02	5.712000000000035271e+01	5.715999999999999659e+01
1.029833393393393379e+02	5.712000000000034561e+01	5.715999999999999659e+01
1.031434984984985022e+02	5.712000000000034561e+01	5.715999999999999659e+01
1.033036576576576522e+02	5.712000000000033850e+01	5.715999999999999659e+01
1.034638168168168164e+02	5.712000000000033140e+01	5.715999999999999659e+01
1.036239759759759806e+02	5.712000000000033140e+01	5.715999999999999659e+01
1.037841351351351307e+02	5.712000000000032429e+01	5.715999999999999659e+01
1.039442942942942949e+02	5.712000000000032429e+01	5.715999999999999659e+01
1.041044534534534591e+02	5.712000000000031719e+01	5.715999999999999659e+01
1.042646126126126092e+02	5.712000000000031719e+01	5.715999999999999659e+01
1.044247717717717734e+02	5.712000000000031008e+01	5.715999999999999659e+01
1.045849309309309376e+02	5.712000000000031008e+01	5.715999999999999659e+01
1.047450900900900876e+02	5.712000000000030298e+01	5.715999999999999659e+01
1.049052492492492519e+02	5.712000000000030298e+01	5.715999999999999659e+01
1.050654084084084161e+02	5.712000000000029587e+01	5.715999999999999659e+01
1.052255675675675661e+02	5.712000000000029587e+01	5.715999999999999659e+01
1.053857267267267304e+02	5.712000000000028876e+01	5.715999999999999659e+01
1.055458858858858804e+02	5.712000000000028876e+01	5.715999999999999659e+01
1.057060450450450446e+02	5.712000000000028166e+01	5.715999999999999659e+01
1.058662042042042088e+02	5.712000000000028166e+01	5.715999999999999659e+01
1.060263633633633589e+02	5.712000000000027455e+01	5.715999999999999659e+01
1.061865225225225231e+02	5.712000000000027455e+01	5.715999999999999659e+01
1.063466816816816873e+02	5.712000000000027455e+01	5.715999999999999659e+01
1.065068408408408374e+02	5.712000000000026745e+01	5.715999999999999659e+01
1.066670000000000016e+02	5.712000000000026745e+01	5.715999999999999659e+01
1.068271591591591658e+02	5.712000000000026034e+01	5.715999999999999659e+01
1.069873183183183158e+02	5.712000000000026034e+01	5.715999999999999659e+01
1.071474774774774801e+02	5.712000000000025324e+01	5.715999999999999659e+01
1.073076366366366443e+02	5.712000000000025324e+01	5.715999999999999659e+01
1.074677957957957943e+02	5.712000000000025324e+01	5.715999999999999659e+01
1.076279549549549586e+02	5.712000000000024613e+01	5.715999999999999659e+01
1.077881141141141086e+02	5.712000000000024613e+01	5.715999999999999659e+01
1.079482732732732728e+02	5.712000000000023903e+01	5.715999999999999659e+01
1.081084324324324371e+02	5.712000000000023903e+01	5.715999999999999659e+01
1.082685915915915871e+02	5.712000000000023903e+01	5.715999999999999659e+01
1.084287507507507513e+02	5.712000000000023192e+01	5.715999999999999659e+01
1.085889099099099155e+02	5.712000000000023192e+01	5.715999999999999659e+01
1.087490690690690656e+02	5.712000000000022482e+01	5.715999999999999659e+01
1.089092282282282298e+02	5.712000000000022482e+01	5.715999999999999659e+01
1.090693873873873940e+02	5.712000000000022482e+01	5.715999999999999659e+01
1.092295465465465441e+02	5.712000000000021771e+01	5.715999999999999659e+01
1.093897057057057083e+02	5.712000000000021771e+01	5.715999999999999659e+01
1.095498648648648725e+02	5.712000000000021771e+01	5.715999999999999659e+01
1.097100240240240225e+02	5.712000000000021060e+01	5.715999999999999659e+01
1.098701831831831868e+02	5.712000000000021060e+01	5.715999999999999659e+01
1.100303423423423368e+02	5.712000000000020350e+01	5.715999999999999659e+01
1.101905015015015010e+02	5.712000000000020350e+01	5.715999999999999659e+01
1.103506606606606653e+02	5.712000000000020350e+01	5.715999999999999659e+01
1.105108198198198153e+02	5.712000000000019639e+01	5.715999999999999659e+01
1.106709789789789795e+02	5.712000000000019639e+01	5.715999999999999659e+01
1.108311381381381437e+02	5.712000000000019639e+01	5.715999999999999659e+01
1.109912972972972938e+02	5.712000000000019639e+01	5.715999999999999659e+01
1.111514564564564580e+02	5.712000000000018929e+01	5.715999999999999659e+01
1.113116156156156222e+02	5.712000000000018929e+01	5.715999999999999659e+01
1.114717747747747723e+02	5.712000000000018929e+01	5.715999999999999659e+01
1.116319339339339365e+02	5.712000000000018218e+01	5.715999999999999659e+01
1.117920930930931007e+02	5.712000000000018218e+01	5.715999999999999659e+01
1.119522522522522507e+02	5.712000000000018218e+01	5.715999999999999659e+01
1.121124114114114150e+02	5.712000000000017508e+01	5.715999999999999659e+01
1.122725705705705650e+02	5.712000000000017508e+01	5.715999999999999659e+01
1.124327297297297292e+02	5.712000000000017508e+01	5.715999999999999659e+01
1.125928888888888935e+02	5.712000000000016797e+01	5.715999999999999659e+01
1.127530480480480435e+02	5.712000000000016797e+01	5.715999999999999659e+01
1.129132072072072077e+02	5.712000000000016797e+01	5.715999999999999659e+01
1.130733663663663719e+02	5.712000000000016797e+01	5.715999999999999659e+01
1.132335255255255220e+02	5.712000000000016087e+01	5.715999999999999659e+01
1.133936846846846862e+02	5.712000000000016087e+01	5.715999999999999659e+01
1.135538438438438504e+02	5.712000000000016087e+01	5.715999999999999659e+01
1.137140030030030005e+02	5.712000000000016087e+01	5.715999999999999659e+01
1.138741621621621647e+02	5.712000000000015376e+01	5.715999999999999659e+01
1.140343213213213289e+02	5.712000000000015376e+01	5.715999999999999659e+01
1.141944804804804789e+02	5.712000000000015376e+01	5.715999999999999659e+01
1.143546396396396432e+02	5.712000000000015376e+01	5.715999999999999659e+01
1.145147987987987932e+02	5.712000000000014666e+01	5.715999999999999659e+01
1.146749579579579574e+02	5.712000000000014666e+01	5.715999999999999659e+01
1.148351171171171217e+02	5.712000000000014666e+01	5.715999999999999659e+01
1.149952762762762717e+02	5.712000000000014666e+01	5.715999999999999659e+01
1.151554354354354359e+02	5.712000000000013955e+01	5.715999999999999659e+01
1.153155945945946002e+02	5.712000000000013955e+01	5.715999999999999659e+01
1.154757537537537502e+02	5.712000000000013955e+01	5.715999999999999659e+01
1.156359129129129144e+02	5.712000000000013955e+01	5.715999999999999659e+01
1.157960720720720786e+02	5.712000000000013245e+01	5.715999999999999659e+01
1.159562312312312287e+02	5.712000000000013245e+01	5.715999999999999659e+01
1.161163903903903929e+02	5.712000000000013245e+01	5.715999999999999659e+01
1.162765495495495571e+02	5.712000000000013245e+01	5.715999999999999659e+01
1.164367087087087071e+02	5.712000000000013245e+01	5.715999999999999659e+01
1.165968678678678714e+02	5.712000000000012534e+01	5.715999999999999659e+01
1.167570270270270214e+02	5.712000000000012534e+01	5.715999999999999659e+01
1.169171861861861856e+02	5.712000000000012534e+01	5.715999999999999659e+01
1.170773453453453499e+02	5.712000000000012534e+01	5.715999999999999659e+01
1.172375045045044999e+02	5.712000000000011823e+01	5.715999999999999659e+01
1.173976636636636641e+02	5.712000000000011823e+01	5.715999999999999659e+01
1.175578228228228284e+02	5.712000000000011823e+01	5.715999999999999659e+01
1.177179819819819784e+02	5.712000000000011823e+01	5.715999999999999659e+01
1.178781411411411426e+02	5.712000000000011823e+01	5.715999999999999659e+01
1.180383003003003068e+02	5.712000000000011823e+01	5.715999999999999659e+01
1.181984594594594569e+02	5.712000000000011113e+01	5.715999999999999659e+01
1.183586186186186211e+02	5.712000000000011113e+01	5.715999999999999659e+01
1.185187777777777853e+02	5.712000000000011113e+01	5.715999999999999659e+01
1.186789369369369354e+02	5.712000000000011113e+01	5.715999999999999659e+01
1.188390960960960996e+02	5.712000000000011113e+01	5.715999999999999659e+01
1.189992552552552496e+02	5.712000000000010402e+01	5.715999999999999659e+01
1.191594144144144138e+02	5.712000000000010402e+01	5.715999999999999659e+01
1.193195735735735781e+02	5.712000000000010402e+01	5.715999999999999659e+01
1.194797327327327281e+02	5.712000000000010402e+01	5.715999999999999659e+01
1.196398918918918923e+02	5.712000000000010402e+01	5.715999999999999659e+01
1.198000510510510566e+02	5.712000000000010402e+01	5.715999999999999659e+01
1.199602102102102066e+02	5.712000000000009692e+01	5.715999999999999659e+01
1.201203693693693708e+02	5.712000000000009692e+01	5.715999999999999659e+01
1.202805285285285350e+02	5.712000000000009692e+01	5.715999999999999659e+01
1.204406876876876851e+02	5.712000000000009692e+01	5.715999999999999659e+01
1.206008468468468493e+02	5.712000000000009692e+01	5.715999999999999659e+01
1.207610060060060135e+02	5.712000000000009692e+01	5.715999999999999659e+01
1.209211651651651636e+02	5.712000000000008981e+01	5.715999999999999659e+01
1.210813243243243278e+02	5.712000000000008981e+01	5.715999999999999659e+01
1.212414834834834778e+02	5.712000000000008981e+01	5.715999999999999659e+01
1.214016426426426420e+02	5.712000000000008981e+01	5.715999999999999659e+01
1.215618018018018063e+02	5.712000000000008981e+01	5.715999999999999659e+01
1.217219609609609563e+02	5.712000000000008981e+01	5.715999999999999659e+01
1.218821201201201205e+02	5.712000000000008271e+01	5.715999999999999659e+01
1.220422792792792848e+02	5.712000000000008271e+01	5.715999999999999659e+01
1.222024384384384348e+02	5.712000000000008271e+01	5.715999999999999659e+01
1.223625975975975990e+02	5.712000000000008271e+01	5.715999999999999659e+01
1.225227567567567633e+02	5.712000000000008271e+01	5.715999999999999659e+01
1.226829159159159133e+02	5.712000000000008271e+01	5.715999999999999659e+01
1.228430750750750775e+02	5.712000000000008271e+01	5.715999999999999659e+01
1.230032342342342417e+02	5.712000000000008271e+01	5.715999999999999659e+01
1.231633933933933918e+02	5.712000000000007560e+01	5.715999999999999659e+01
1.233235525525525560e+02	5.712000000000007560e+01	5.715999999999999659e+01
1.234837117117117060e+02	5.712000000000007560e+01	5.715999999999999659e+01
1.236438708708708702e+02	5.712000000000007560e+01	5.715999999999999659e+01
1.238040300300300345e+02	5.712000000000007560e+01	5.715999999999999659e+01
1.239641891891891845e+02	5.712000000000007560e+01	5.715999999999999659e+01
1.241243483483483487e+02	5.712000000000007560e+01	5.715999999999999659e+01
1.242845075075075130e+02	5.712000000000006850e+01	5.715999999999999659e+01
1.244446666666666630e+02	5.712000000000006850e+01	5.715999999999999659e+01
1.246048258258258272e+02	5.712000000000006850e+01	5.715999999999999659e+01
1.247649849849849915e+02	5.712000000000006850e+01	5.715999999999999659e+01
1.249251441441441415e+02	5.712000000000006850e+01	5.715999999999999659e+01
1.250853033033033057e+02	5.712000000000006850e+01	5.715999999999999659e+01
1.252454624624624557e+02	5.712000000000006850e+01	5.715999999999999659e+01
1.254056216216216200e+02	5.712000000000006850e+01	5.715999999999999659e+01
1.255657807807807842e+02	5.712000000000006850e+01	5.715999999999999659e+01
1.257259399399399342e+02	5.712000000000006139e+01	5.715999999999999659e+01
1.258860990990990985e+02	5.712000000000006139e+01	5.715999999999999659e+01
1.260462582582582627e+02	5.712000000000006139e+01	5.715999999999999659e+01
1.262064174174174127e+02	5.712000000000006139e+01	5.715999999999999659e+01
1.263665765765765769e+02	5.712000000000006139e+01	5.715999999999999659e+01
1.265267357357357412e+02	5.712000000000006139e+01	5.715999999999999659e+01
1.266868948948948912e+02	5.712000000000006139e+01	5.715999999999999659e+01
1.268470540540540554e+02	5.712000000000006139e+01	5.715999999999999659e+01
1.270072132132132197e+02	5.712000000000006139e+01	5.715999999999999659e+01
1.271673723723723697e+02	5.712000000000006139e+01	5.715999999999999659e+01
1.273275315315315339e+02	5.712000000000005429e+01	5.715999999999999659e+01
1.274876906906906839e+02	5.712000000000005429e+01	5.715999999999999659e+01
1.276478498498498482e+02	5.712000000000005429e+01	5.715999999999999659e+01
1.278080090090090124e+02	5.712000000000005429e+01	5.715999999999999659e+01
1.279681681681681624e+02	5.712000000000005429e+01	5.715999999999999659e+01
1.281283273273273267e+02	5.712000000000005429e+01	5.715999999999999659e+01
1.282884864864864767e+02	5.712000000000005429e+01	5.715999999999999659e+01
1.284486456456456551e+02	5.712000000000005429e+01	5.715999999999999659e+01
1.286088048048048051e+02	5.712000000000005429e+01	5.715999999999999659e+01
1.287689639639639552e+02	5.712000000000005429e+01	5.715999999999999659e+01
1.289291231231231336e+02	5.712000000000004718e+01	5.715999999999999659e+01
1.290892822822822836e+02	5.712000000000004718e+01	5.715999999999999659e+01
1.292494414414414337e+02	5.712000000000004718e+01	5.715999999999999659e+01
1.294096006006006121e+02	5.712000000000004718e+01	5.715999999999999659e+01
1.295697597597597621e+02	5.712000000000004718e+01	5.715999999999999659e+01
1.297299189189189121e+02	5.712000000000004718e+01	5.715999999999999659e+01
1.298900780780780906e+02	5.712000000000004718e+01	5.715999999999999659e+01
1.300502372372372406e+02	5.712000000000004718e+01	5.715999999999999659e+01
1.302103963963963906e+02	5.712000000000004718e+01	5.715999999999999659e+01
1.303705555555555691e+02	5.712000000000004718e+01	5.715999999999999659e+01
1.305307147147147191e+02	5.712000000000004718e+01	5.715999999999999659e+01
1.306908738738738691e+02	5.712000000000004718e+01	5.715999999999999659e+01
1.308510330330330191e+02	5.712000000000004718e+01	5.715999999999999659e+01
1.310111921921921976e+02	5.712000000000004007e+01	5.715999999999999659e+01
1.311713513513513476e+02	5.712000000000004007e+01	5.715999999999999659e+01
1.313315105105104976e+02	5.712000000000004007e+01	5.715999999999999659e+01
1.314916696696696761e+02	5.712000000000004007e+01	5.715999999999999659e+01
1.316518288288288261e+02	5.712000000000004007e+01	5.715999999999999659e+01
1.318119879879879761e+02	5.712000000000004007e+01	5.715999999999999659e+01
1.319721471471471546e+02	5.712000000000004007e+01	5.715999999999999659e+01
1.321323063063063046e+02	5.712000000000004007e+01	5.715999999999999659e+01
1.322924654654654546e+02	5.712000000000004007e+01	5.715999999999999659e+01
1.324526246246246330e+02	5.712000000000004007e+01	5.715999999999999659e+01
1.326127837837837831e+02	5.712000000000004007e+01	5.715999999999999659e+01
1.327729429429429331e+02	5.712000000000004007e+01	5.715999999999999659e+01
1.329331021021021115e+02	5.712000000000004007e+01	5.715999999999999659e+01
1.330932612612612616e+02	5.712000000000004007e+01	5.715999999999999659e+01
1.332534204204204116e+02	5.712000000000003297e+01	5.715999999999999659e+01
1.334135795795795900e+02	5.712000000000003297e+01	5.715999999999999659e+01
1.335737387387387400e+02	5.712000000000003297e+01	5.715999999999999659e+01
1.337338978978978901e+02	5.712000000000003297e+01	5.715999999999999659e+01
1.338940570570570685e+02	5.712000000000003297e+01	5.715999999999999659e+01
1.340542162162162185e+02	5.712000000000003297e+01	5.715999999999999659e+01
1.342143753753753685e+02	5.712000000000003297e+01	5.715999999999999659e+01
1.343745345345345470e+02	5.712000000000003297e+01	5.715999999999999659e+01
1.345346936936936970e+02	5.712000000000003297e+01	5.715999999999999659e+01
1.346948528528528470e+02	5.712000000000003297e+01	5.715999999999999659e+01
1.348550120120120255e+02	5.712000000000003297e+01	5.715999999999999659e+01
1.350151711711711755e+02	5.712000000000003297e+01	5.715999999999999659e+01
1.351753303303303255e+02	5.712000000000003297e+01	5.715999999999999659e+01
1.353354894894894755e+02	5.712000000000003297e+01	5.715999999999999659e+01
1.354956486486486540e+02	5.712000000000003297e+01	5.715999999999999659e+01
1.356558078078078040e+02	5.712000000000003297e+01	5.715999999999999659e+01
1.358159669669669540e+02	5.712000000000003297e+01	5.715999999999999659e+01
1.359761261261261325e+02	5.712000000000002586e+01	5.715999999999999659e+01
1.361362852852852825e+02	5.712000000000002586e+01	5.715999999999999659e+01
1.362964444444444325e+02	5.712000000000002586e+01	5.715999999999999659e+01
1.364566036036036110e+02	5.712000000000002586e+01	5.715999999999999659e+01
1.366167627627627610e+02	5.712000000000002586e+01	5.715999999999999659e+01
1.367769219219219110e+02	5.712000000000002586e+01	5.715999999999999659e+01
1.369370810810810895e+02	5.712000000000002586e+01	5.715999999999999659e+01
1.370972402402402395e+02	5.712000000000002586e+01	5.715999999999999659e+01
1.372573993993993895e+02	5.712000000000002586e+01	5.715999999999999659e+01
1.374175585585585679e+02	5.712000000000002586e+01	5.715999999999999659e+01
1.375777177177177180e+02	5.712000000000002586e+01	5.715999999999999659e+01
1.377378768768768680e+02	5.712000000000002586e+01	5.715999999999999659e+01
1.378980360360360464e+02	5.712000000000002586e+01	5.715999999999999659e+01
1.380581951951951964e+02	5.712000000000002586e+01	5.715999999999999659e+01
1.382183543543543465e+02	5.712000000000002586e+01	5.715999999999999659e+01
1.383785135135135249e+02	5.712000000000002586e+01	5.715999999999999659e+01
1.385386726726726749e+02	5.712000000000002586e+01	5.715999999999999659e+01
1.386988318318318250e+02	5.712000000000002586e+01	5.715999999999999659e+01
1.388589909909910034e+02	5.712000000000002586e+01	5.715999999999999659e+01
1.390191501501501534e+02	5.712000000000002586e+01	5.715999999999999659e+01
1.391793093093093034e+02	5.712000000000002586e+01	5.715999999999999659e+01
1.393394684684684819e+02	5.712000000000002586e+01	5.715999999999999659e+01
1.394996276276276319e+02	5.712000000000001876e+01	5.715999999999999659e+01
1.396597867867867819e+02	5.712000000000001876e+01	5.715999999999999659e+01
1.398199459459459320e+02	5.712000000000001876e+01	5.715999999999999659e+01
1.399801051051051104e+02	5.712000000000001876e+01	5.715999999999999659e+01
1.401402642642642604e+02	5.712000000000001876e+01	5.715999999999999659e+01
1.403004234234234104e+02	5.712000000000001876e+01	5.715999999999999659e+01
1.404605825825825889e+02	5.712000000000001876e+01	5.715999999999999659e+01
1.406207417417417389e+02	5.712000000000001876e+01	5.715999999999999659e+01
1.407809009009008889e+02	5.712000000000001876e+01	5.715999999999999659e+01
1.409410600600600674e+02	5.712000000000001876e+01	5.715999999999999659e+01
1.411012192192192174e+02	5.712000000000001876e+01	5.715999999999999659e+01
1.412613783783783674e+02	5.712000000000001876e+01	5.715999999999999659e+01
1.414215375375375459e+02	5.712000000000001876e+01	5.715999999999999659e+01
1.415816966966966959e+02	5.712000000000001876e+01	5.715999999999999659e+01
1.417418558558558459e+02	5.712000000000001876e+01	5.715999999999999659e+01
1.419020150150150243e+02	5.712000000000001876e+01	5.715999999999999659e+01
1.420621741741741744e+02	5.712000000000001876e+01	5.715999999999999659e+01
1.422223333333333244e+02	5.712000000000001876e+01	5.715999999999999659e+01
1.423824924924925028e+02	5.712000000000001876e+01	5.715999999999999659e+01
1.425426516516516529e+02	5.712000000000001876e+01	5.715999999999999659e+01
1.427028108108108029e+02	5.712000000000001876e+01	5.715999999999999659e+01
1.428629699699699813e+02	5.712000000000001876e+01	5.715999999999999659e+01
1.430231291291291313e+02	5.712000000000001876e+01	5.715999999999999659e+01
1.431832882882882814e+02	5.712000000000001876e+01	5.715999999999999659e+01
1.433434474474474598e+02	5.712000000000001876e+01	5.715999999999999659e+01
1.435036066066066098e+02	5.712000000000001876e+01	5.715999999999999659e+01
1.436637657657657599e+02	5.712000000000001876e+01	5.715999999999999659e+01
1.438239249249249383e+02	5.712000000000001876e+01	5.715999999999999659e+01
1.439840840840840883e+02	5.712000000000001876e+01	5.715999999999999659e+01
1.441442432432432383e+02	5.712000000000001165e+01	5.715999999999999659e+01
1.443044024024023884e+02	5.712000000000001165e+01	5.715999999999999659e+01
1.444645615615615668e+02	5.712000000000001165e+01	5.715999999999999659e+01
1.446247207207207168e+02	5.712000000000001165e+01	5.715999999999999659e+01
1.447848798798798668e+02	5.712000000000001165e+01	5.715999999999999659e+01
1.449450390390390453e+02	5.712000000000001165e+01	5.715999999999999659e+01
1.451051981981981953e+02	5.712000000000001165e+01	5.715999999999999659e+01
1.452653573573573453e+02	5.712000000000001165e+01	5.715999999999999659e+01
1.454255165165165238e+02	5.712000000000001165e+01	5.715999999999999659e+01
1.455856756756756738e+02	5.712000000000001165e+01	5.715999999999999659e+01
1.457458348348348238e+02	5.712000000000001165e+01	5.715999999999999659e+01
1.459059939939940023e+02	5.712000000000001165e+01	5.715999999999999659e+01
1.460661531531531523e+02	5.712000000000001165e+01	5.715999999999999659e+01
1.462263123123123023e+02	5.712000000000001165e+01	5.715999999999999659e+01
1.463864714714714808e+02	5.712000000000001165e+01	5.715999999999999659e+01
1.465466306306306308e+02	5.712000000000001165e+01	5.715999999999999659e+01
1.467067897897897808e+02	5.712000000000001165e+01	5.715999999999999659e+01
1.468669489489489592e+02	5.712000000000001165e+01	5.715999999999999659e+01
1.470271081081081093e+02	5.712000000000001165e+01	5.715999999999999659e+01
1.471872672672672593e+02	5.712000000000001165e+01	5.715999999999999659e+01
1.473474264264264377e+02	5.712000000000001165e+01	5.715999999999999659e+01
1.475075855855855878e+02	5.712000000000001165e+01	5.715999999999999659e+01
1.476677447447447378e+02	5.712000000000001165e+01	5.715999999999999659e+01
1.478279039039039162e+02	5.712000000000001165e+01	5.715999999999999659e+01
1.479880630630630662e+02	5.712000000000001165e+01	5.715999999999999659e+01
1.481482222222222163e+02	5.712000000000001165e+01	5.715999999999999659e+01
1.483083813813813947e+02	5.712000000000001165e+01	5.715999999999999659e+01
1.484685405405405447e+02	5.712000000000001165e+01	5.715999999999999659e+01
1.486286996996996947e+02	5.712000000000001165e+01	5.715999999999999659e+01
1.487888588588588448e+02	5.712000000000001165e+01	5.715999999999999659e+01
1.489490180180180232e+02	5.712000000000001165e+01	5.715999999999999659e+01
1.491091771771771732e+02	5.712000000000001165e+01	5.715999999999999659e+01
1.492693363363363233e+02	5.712000000000001165e+01	5.715999999999999659e+01
1.494294954954955017e+02	5.712000000000001165e+01	5.715999999999999659e+01
1.495896546546546517e+02	5.712000000000001165e+01	5.715999999999999659e+01
1.497498138138138017e+02	5.712000000000001165e+01	5.715999999999999659e+01
1.499099729729729802e+02	5.712000000000001165e+01	5.715999999999999659e+01
1.500701321321321302e+02	5.712000000000001165e+01	5.715999999999999659e+01
1.502302912912912802e+02	5.712000000000001165e+01	5.715999999999999659e+01
1.503904504504504587e+02	5.712000000000001165e+01	5.715999999999999659e+01
1.505506096096096087e+02	5.712000000000001165e+01	5.715999999999999659e+01
1.507107687687687587e+02	5.712000000000001165e+01	5.715999999999999659e+01
1.508709279279279372e+02	5.712000000000001165e+01	5.715999999999999659e+01
1.510310870870870872e+02	5.712000000000001165e+01	5.715999999999999659e+01
1.511912462462462372e+02	5.712000000000000455e+01	5.715999999999999659e+01
1.513514054054054156e+02	5.712000000000000455e+01	5.715999999999999659e+01
1.515115645645645657e+02	5.712000000000000455e+01	5.715999999999999659e+01
1.516717237237237157e+02	5.712000000000000455e+01	5.715999999999999659e+01
1.518318828828828941e+02	5.712000000000000455e+01	5.715999999999999659e+01
1.519920420420420442e+02	5.712000000000000455e+01	5.715999999999999659e+01
1.521522012012011942e+02	5.712000000000000455e+01	5.715999999999999659e+01
1.523123603603603726e+02	5.712000000000000455e+01	5.715999999999999659e+01
1.524725195195195226e+02	5.712000000000000455e+01	5.715999999999999659e+01
1.526326786786786727e+02	5.712000000000000455e+01	5.715999999999999659e+01
1.527928378378378511e+02	5.712000000000000455e+01	5.715999999999999659e+01
1.529529969969970011e+02	5.712000000000000455e+01	5.715999999999999659e+01
1.531131561561561512e+02	5.712000000000000455e+01	5.715999999999999659e+01
1.532733153153153012e+02	5.712000000000000455e+01	5.715999999999999659e+01
1.534334744744744796e+02	5.712000000000000455e+01	5.715999999999999659e+01
1.535936336336336296e+02	5.712000000000000455e+01	5.715999999999999659e+01
1.537537927927927797e+02	5.712000000000000455e+01	5.715999999999999659e+01
1.539139519519519581e+02	5.712000000000000455e+01	5.715999999999999659e+01
1.540741111111111081e+02	5.712000000000000455e+01	5.715999999999999659e+01
1.542342702702702582e+02	5.712000000000000455e+01	5.715999999999999659e+01
1.543944294294294366e+02	5.712000000000000455e+01	5.715999999999999659e+01
1.545545885885885866e+02	5.712000000000000455e+01	5.715999999999999659e+01
1.547147477477477366e+02	5.712000000000000455e+01	5.715999999999999659e+01
1.548749069069069151e+02	5.712000000000000455e+01	5.715999999999999659e+01
1.550350660660660651e+02	5.712000000000000455e+01	5.715999999999999659e+01
1.551952252252252151e+02	5.712000000000000455e+01	5.715999999999999659e+01
1.553553843843843936e+02	5.712000000000000455e+01	5.715999999999999659e+01
1.555155435435435436e+02	5.712000000000000455e+01	5.715999999999999659e+01
1.556757027027026936e+02	5.712000000000000455e+01	5.715999999999999659e+01
1.558358618618618721e+02	5.712000000000000455e+01	5.715999999999999659e+01
1.559960210210210221e+02	5.712000000000000455e+01	5.715999999999999659e+01
1.561561801801801721e+02	5.712000000000000455e+01	5.715999999999999659e+01
1.563163393393393505e+02	5.712000000000000455e+01	5.715999999999999659e+01
1.564764984984985006e+02	5.712000000000000455e+01	5.715999999999999659e+01
1.566366576576576506e+02	5.712000000000000455e+01	5.715999999999999659e+01
1.567968168168168290e+02	5.712000000000000455e+01	5.715999999999999659e+01
1.569569759759759791e+02	5.712000000000000455e+01	5.715999999999999659e+01
1.571171351351351291e+02	5.712000000000000455e+01	5.715999999999999659e+01
1.572772942942943075e+02	5.712000000000000455e+01	5.715999999999999659e+01
1.574374534534534575e+02	5.712000000000000455e+01	5.715999999999999659e+01
1.575976126126126076e+02	5.712000000000000455e+01	5.715999999999999659e+01
1.577577717717717576e+02	5.712000000000000455e+01	5.715999999999999659e+01
1.579179309309309360e+02	5.712000000000000455e+01	5.715999999999999659e+01
1.580780900900900861e+02	5.712000000000000455e+01	5.715999999999999659e+01
1.582382492492492361e+02	5.712000000000000455e+01	5.715999999999999659e+01
1.583984084084084145e+02	5.712000000000000455e+01	5.715999999999999659e+01
1.585585675675675645e+02	5.712000000000000455e+01	5.715999999999999659e+01
1.587187267267267146e+02	5.712000000000000455e+01	5.715999999999999659e+01
1.588788858858858930e+02	5.712000000000000455e+01	5.715999999999999659e+01
1.590390450450450430e+02	5.712000000000000455e+01	5.715999999999999659e+01
1.591992042042041930e+02	5.712000000000000455e+01	5.715999999999999659e+01
1.593593633633633715e+02	5.712000000000000455e+01	5.715999999999999659e+01
1.595195225225225215e+02	5.712000000000000455e+01	5.715999999999999659e+01
1.596796816816816715e+02	5.712000000000000455e+01	5.715999999999999659e+01
1.598398408408408500e+02	5.712000000000000455e+01	5.715999999999999659e+01
1.600000000000000000e+02	5.712000000000000455e+01	5.715999999999999659e+01
