0.000000000000000000e+00	0.000000000000000000e+00	0.000000000000000000e+00
2.002002002002002123e-01	0.000000000000000000e+00	0.000000000000000000e+00
4.004004004004004247e-01	0.000000000000000000e+00	0.000000000000000000e+00
6.006006006006006093e-01	0.000000000000000000e+00	0.000000000000000000e+00
8.008008008008008494e-01	0.000000000000000000e+00	0.000000000000000000e+00
1.001001001001001089e+00	0.000000000000000000e+00	0.000000000000000000e+00
1.201201201201201219e+00	0.000000000000000000e+00	0.000000000000000000e+00
1.401401401401401570e+00	0.000000000000000000e+00	0.000000000000000000e+00
1.601601601601601699e+00	0.000000000000000000e+00	0.000000000000000000e+00
1.801801801801801828e+00	0.000000000000000000e+00	0.000000000000000000e+00
2.002002002002002179e+00	0.000000000000000000e+00	0.000000000000000000e+00
2.202202202202202308e+00	0.000000000000000000e+00	0.000000000000000000e+00
2.402402402402402437e+00	0.000000000000000000e+00	0.000000000000000000e+00
2.602602602602602566e+00	0.000000000000000000e+00	0.000000000000000000e+00
2.802802802802803139e+00	0.000000000000000000e+00	0.000000000000000000e+00
3.003003003003003268e+00	0.000000000000000000e+00	0.000000000000000000e+00
3.203203203203203397e+00	0.000000000000000000e+00	0.000000000000000000e+00
3.403403403403403527e+00	0.000000000000000000e+00	0.000000000000000000e+00
3.603603603603603656e+00	0.000000000000000000e+00	0.000000000000000000e+00
3.803803803803804229e+00	0.000000000000000000e+00	0.000000000000000000e+00
4.004004004004004358e+00	0.000000000000000000e+00	0.000000000000000000e+00
4.204204204204204487e+00	0.000000000000000000e+00	0.000000000000000000e+00
4.404404404404404616e+00	0.000000000000000000e+00	0.000000000000000000e+00
4.604604604604604745e+00	0.000000000000000000e+00	0.000000000000000000e+00
4.804804804804804874e+00	0.000000000000000000e+00	0.000000000000000000e+00
5.005005005005005003e+00	0.000000000000000000e+00	0.000000000000000000e+00
5.205205205205205132e+00	0.000000000000000000e+00	0.000000000000000000e+00
5.405405405405406150e+00	0.000000000000000000e+00	0.000000000000000000e+00
5.605605605605606279e+00	0.000000000000000000e+00	0.000000000000000000e+00
5.805805805805806408e+00	0.000000000000000000e+00	0.000000000000000000e+00
6.006006006006006537e+00	0.000000000000000000e+00	0.000000000000000000e+00
6.206206206206206666e+00	0.000000000000000000e+00	0.000000000000000000e+00
6.406406406406406795e+00	0.000000000000000000e+00	0.000000000000000000e+00
6.606606606606606924e+00	0.000000000000000000e+00	0.000000000000000000e+00
6.806806806806807053e+00	0.000000000000000000e+00	0.000000000000000000e+00
7.007007007007007182e+00	0.000000000000000000e+00	0.000000000000000000e+00
7.207207207207207311e+00	0.000000000000000000e+00	0.000000000000000000e+00
7.407407407407407440e+00	0.000000000000000000e+00	0.000000000000000000e+00
7.607607607607608458e+00	0.000000000000000000e+00	0.000000000000000000e+00
7.807807807807808587e+00	0.000000000000000000e+00	0.000000000000000000e+00
8.008008008008008716e+00	0.000000000000000000e+00	0.000000000000000000e+00
8.208208208208208845e+00	0.000000000000000000e+00	0.000000000000000000e+00
8.408408408408408974e+00	0.000000000000000000e+00	0.000000000000000000e+00
8.608608608608609103e+00	0.000000000000000000e+00	0.000000000000000000e+00
8.808808808808809232e+00	0.000000000000000000e+00	0.000000000000000000e+00
9.009009009009009361e+00	0.000000000000000000e+00	0.000000000000000000e+00
9.209209209209209490e+00	0.000000000000000000e+00	0.000000000000000000e+00
9.409409409409409619e+00	0.000000000000000000e+00	0.000000000000000000e+00
9.609609609609609748e+00	0.000000000000000000e+00	0.000000000000000000e+00
9.809809809809809877e+00	0.000000000000000000e+00	0.000000000000000000e+00
1.001001001001001001e+01	0.000000000000000000e+00	0.000000000000000000e+00
1.021021021021021014e+01	0.000000000000000000e+00	0.000000000000000000e+00
1.041041041041041026e+01	0.000000000000000000e+00	0.000000000000000000e+00
1.061061061061061039e+01	0.000000000000000000e+00	0.000000000000000000e+00
1.081081081081081230e+01	0.000000000000000000e+00	0.000000000000000000e+00
1.101101101101101243e+01	0.000000000000000000e+00	0.000000000000000000e+00
1.121121121121121256e+01	0.000000000000000000e+00	0.000000000000000000e+00
1.141141141141141269e+01	0.000000000000000000e+00	0.000000000000000000e+00
1.161161161161161282e+01	0.000000000000000000e+00	0.000000000000000000e+00
1.181181181181181294e+01	0.000000000000000000e+00	0.000000000000000000e+00
1.201201201201201307e+01	0.000000000000000000e+00	0.000000000000000000e+00
1.221221221221221320e+01	0.000000000000000000e+00	0.000000000000000000e+00
1.241241241241241333e+01	0.000000000000000000e+00	0.000000000000000000e+00
1.261261261261261346e+01	0.000000000000000000e+00	0.000000000000000000e+00
1.281281281281281359e+01	0.000000000000000000e+00	0.000000000000000000e+00
1.301301301301301372e+01	0.000000000000000000e+00	0.000000000000000000e+00
1.321321321321321385e+01	0.000000000000000000e+00	0.000000000000000000e+00
1.341341341341341398e+01	0.000000000000000000e+00	0.000000000000000000e+00
1.361361361361361411e+01	0.000000000000000000e+00	0.000000000000000000e+00
1.381381381381381424e+01	0.000000000000000000e+00	0.000000000000000000e+00
1.401401401401401436e+01	0.000000000000000000e+00	0.000000000000000000e+00
1.421421421421421449e+01	0.000000000000000000e+00	0.000000000000000000e+00
1.441441441441441462e+01	0.000000000000000000e+00	0.000000000000000000e+00
1.461461461461461475e+01	0.000000000000000000e+00	0.000000000000000000e+00
1.481481481481481488e+01	0.000000000000000000e+00	0.000000000000000000e+00
1.501501501501501679e+01	0.000000000000000000e+00	0.000000000000000000e+00
1.521521521521521692e+01	0.000000000000000000e+00	0.000000000000000000e+00
1.541541541541541704e+01	0.000000000000000000e+00	0.000000000000000000e+00
1.561561561561561717e+01	0.000000000000000000e+00	0.000000000000000000e+00
1.581581581581581730e+01	0.000000000000000000e+00	0.000000000000000000e+00
1.601601601601601743e+01	0.000000000000000000e+00	0.000000000000000000e+00
1.621621621621621756e+01	0.000000000000000000e+00	0.000000000000000000e+00
1.641641641641641769e+01	0.000000000000000000e+00	0.000000000000000000e+00
1.661661661661661782e+01	0.000000000000000000e+00	0.000000000000000000e+00
1.681681681681681795e+01	0.000000000000000000e+00	0.000000000000000000e+00
1.701701701701701808e+01	0.000000000000000000e+00	0.000000000000000000e+00
1.721721721721721821e+01	0.000000000000000000e+00	0.000000000000000000e+00
1.741741741741741833e+01	0.000000000000000000e+00	0.000000000000000000e+00
1.761761761761761846e+01	0.000000000000000000e+00	0.000000000000000000e+00
1.781781781781781859e+01	0.000000000000000000e+00	0.000000000000000000e+00
1.801801801801801872e+01	0.000000000000000000e+00	0.000000000000000000e+00
1.821821821821821885e+01	0.000000000000000000e+00	0.000000000000000000e+00
1.841841841841841898e+01	0.000000000000000000e+00	0.000000000000000000e+00
1.861861861861861911e+01	0.000000000000000000e+00	0.000000000000000000e+00
1.881881881881881924e+01	0.000000000000000000e+00	0.000000000000000000e+00
1.901901901901901937e+01	0.000000000000000000e+00	0.000000000000000000e+00
1.921921921921921950e+01	0.000000000000000000e+00	0.000000000000000000e+00
1.941941941941941963e+01	0.000000000000000000e+00	0.000000000000000000e+00
1.961961961961961975e+01	0.000000000000000000e+00	0.000000000000000000e+00
1.981981981981981988e+01	0.000000000000000000e+00	0.000000000000000000e+00
2.002002002002002001e+01	0.000000000000000000e+00	0.000000000000000000e+00
2.022022022022022014e+01	0.000000000000000000e+00	0.000000000000000000e+00
2.042042042042042027e+01	0.000000000000000000e+00	0.000000000000000000e+00
2.062062062062062040e+01	0.000000000000000000e+00	0.000000000000000000e+00
2.082082082082082053e+01	0.000000000000000000e+00	0.000000000000000000e+00
2.102102102102102066e+01	0.000000000000000000e+00	0.000000000000000000e+00
2.122122122122122079e+01	0.000000000000000000e+00	0.000000000000000000e+00
2.142142142142142447e+01	0.000000000000000000e+00	0.000000000000000000e+00
2.162162162162162460e+01	0.000000000000000000e+00	0.000000000000000000e+00
2.182182182182182473e+01	0.000000000000000000e+00	0.000000000000000000e+00
2.202202202202202486e+01	0.000000000000000000e+00	0.000000000000000000e+00
2.222222222222222499e+01	0.000000000000000000e+00	0.000000000000000000e+00
2.242242242242242511e+01	0.000000000000000000e+00	0.000000000000000000e+00
2.262262262262262524e+01	0.000000000000000000e+00	0.000000000000000000e+00
2.282282282282282537e+01	0.000000000000000000e+00	0.000000000000000000e+00
2.302302302302302550e+01	0.000000000000000000e+00	0.000000000000000000e+00
2.322322322322322563e+01	0.000000000000000000e+00	0.000000000000000000e+00
2.342342342342342576e+01	0.000000000000000000e+00	0.000000000000000000e+00
2.362362362362362589e+01	0.000000000000000000e+00	0.000000000000000000e+00
2.382382382382382602e+01	0.000000000000000000e+00	0.000000000000000000e+00
2.402402402402402615e+01	0.000000000000000000e+00	0.000000000000000000e+00
2.422422422422422628e+01	0.000000000000000000e+00	0.000000000000000000e+00
2.442442442442442641e+01	0.000000000000000000e+00	0.000000000000000000e+00
2.462462462462462653e+01	0.000000000000000000e+00	0.000000000000000000e+00
2.482482482482482666e+01	0.000000000000000000e+00	0.000000000000000000e+00
2.502502502502502679e+01	0.000000000000000000e+00	0.000000000000000000e+00
2.522522522522522692e+01	0.000000000000000000e+00	0.000000000000000000e+00
2.542542542542542705e+01	0.000000000000000000e+00	0.000000000000000000e+00
2.562562562562562718e+01	0.000000000000000000e+00	0.000000000000000000e+00
2.582582582582582731e+01	0.000000000000000000e+00	0.000000000000000000e+00
2.602602602602602744e+01	0.000000000000000000e+00	0.000000000000000000e+00
2.622622622622622757e+01	0.000000000000000000e+00	0.000000000000000000e+00
2.642642642642642770e+01	0.000000000000000000e+00	0.000000000000000000e+00
2.662662662662662783e+01	0.000000000000000000e+00	0.000000000000000000e+00
2.682682682682682795e+01	0.000000000000000000e+00	0.000000000000000000e+00
2.702702702702702808e+01	0.000000000000000000e+00	0.000000000000000000e+00
2.722722722722722821e+01	0.000000000000000000e+00	0.000000000000000000e+00
2.742742742742742834e+01	0.000000000000000000e+00	0.000000000000000000e+00
2.762762762762762847e+01	0.000000000000000000e+00	0.000000000000000000e+00
2.782782782782782860e+01	0.000000000000000000e+00	0.000000000000000000e+00
2.802802802802802873e+01	0.000000000000000000e+00	0.000000000000000000e+00
2.822822822822822886e+01	0.000000000000000000e+00	0.000000000000000000e+00
2.842842842842842899e+01	0.000000000000000000e+00	0.000000000000000000e+00
2.862862862862862912e+01	0.000000000000000000e+00	0.000000000000000000e+00
2.882882882882882924e+01	0.000000000000000000e+00	0.000000000000000000e+00
2.902902902902902937e+01	0.000000000000000000e+00	0.000000000000000000e+00
2.922922922922922950e+01	0.000000000000000000e+00	0.000000000000000000e+00
2.942942942942942963e+01	0.000000000000000000e+00	0.000000000000000000e+00
2.962962962962962976e+01	0.000000000000000000e+00	0.000000000000000000e+00
2.982982982982982989e+01	0.000000000000000000e+00	0.000000000000000000e+00
3.003003003003003357e+01	0.000000000000000000e+00	0.000000000000000000e+00
3.023023023023023370e+01	0.000000000000000000e+00	0.000000000000000000e+00
3.043043043043043383e+01	0.000000000000000000e+00	0.000000000000000000e+00
3.063063063063063396e+01	0.000000000000000000e+00	0.000000000000000000e+00
3.083083083083083409e+01	0.000000000000000000e+00	0.000000000000000000e+00
3.103103103103103422e+01	0.000000000000000000e+00	0.000000000000000000e+00
3.123123123123123435e+01	0.000000000000000000e+00	0.000000000000000000e+00
3.143143143143143448e+01	0.000000000000000000e+00	0.000000000000000000e+00
3.163163163163163460e+01	0.000000000000000000e+00	0.000000000000000000e+00
3.183183183183183473e+01	0.000000000000000000e+00	0.000000000000000000e+00
3.203203203203203486e+01	0.000000000000000000e+00	0.000000000000000000e+00
3.223223223223223499e+01	0.000000000000000000e+00	0.000000000000000000e+00
3.243243243243243512e+01	0.000000000000000000e+00	0.000000000000000000e+00
3.263263263263263525e+01	0.000000000000000000e+00	0.000000000000000000e+00
3.283283283283283538e+01	0.000000000000000000e+00	0.000000000000000000e+00
3.303303303303303551e+01	0.000000000000000000e+00	0.000000000000000000e+00
3.323323323323323564e+01	0.000000000000000000e+00	0.000000000000000000e+00
3.343343343343343577e+01	0.000000000000000000e+00	0.000000000000000000e+00
3.363363363363363590e+01	0.000000000000000000e+00	0.000000000000000000e+00
3.383383383383383602e+01	0.000000000000000000e+00	0.000000000000000000e+00
3.403403403403403615e+01	0.000000000000000000e+00	0.000000000000000000e+00
3.423423423423423628e+01	0.000000000000000000e+00	0.000000000000000000e+00
3.443443443443443641e+01	0.000000000000000000e+00	0.000000000000000000e+00
3.463463463463463654e+01	0.000000000000000000e+00	0.000000000000000000e+00
3.483483483483483667e+01	0.000000000000000000e+00	0.000000000000000000e+00
3.503503503503503680e+01	0.000000000000000000e+00	0.000000000000000000e+00
3.523523523523523693e+01	0.000000000000000000e+00	0.000000000000000000e+00
3.543543543543543706e+01	0.000000000000000000e+00	0.000000000000000000e+00
3.563563563563563719e+01	0.000000000000000000e+00	0.000000000000000000e+00
3.583583583583583732e+01	0.000000000000000000e+00	0.000000000000000000e+00
3.603603603603603744e+01	0.000000000000000000e+00	0.000000000000000000e+00
3.623623623623623757e+01	0.000000000000000000e+00	0.000000000000000000e+00
3.643643643643643770e+01	0.000000000000000000e+00	0.000000000000000000e+00
3.663663663663663783e+01	0.000000000000000000e+00	0.000000000000000000e+00
3.683683683683683796e+01	0.000000000000000000e+00	0.000000000000000000e+00
3.703703703703703809e+01	0.000000000000000000e+00	0.000000000000000000e+00
3.723723723723723822e+01	0.000000000000000000e+00	0.000000000000000000e+00
3.743743743743743835e+01	0.000000000000000000e+00	0.000000000000000000e+00
3.763763763763763848e+01	0.000000000000000000e+00	0.000000000000000000e+00
3.783783783783783861e+01	0.000000000000000000e+00	0.000000000000000000e+00
3.803803803803803874e+01	0.000000000000000000e+00	0.000000000000000000e+00
3.823823823823823886e+01	0.000000000000000000e+00	0.000000000000000000e+00
3.843843843843843899e+01	0.000000000000000000e+00	0.000000000000000000e+00
3.863863863863863912e+01	0.000000000000000000e+00	0.000000000000000000e+00
3.883883883883883925e+01	0.000000000000000000e+00	0.000000000000000000e+00
3.903903903903903938e+01	0.000000000000000000e+00	0.000000000000000000e+00
3.923923923923923951e+01	0.000000000000000000e+00	0.000000000000000000e+00
3.943943943943943964e+01	0.000000000000000000e+00	0.000000000000000000e+00
3.963963963963963977e+01	0.000000000000000000e+00	0.000000000000000000e+00
3.983983983983983990e+01	0.000000000000000000e+00	0.000000000000000000e+00
4.004004004004004003e+01	0.000000000000000000e+00	0.000000000000000000e+00
4.024024024024024015e+01	0.000000000000000000e+00	0.000000000000000000e+00
4.044044044044044028e+01	0.000000000000000000e+00	0.000000000000000000e+00
4.064064064064064041e+01	0.000000000000000000e+00	0.000000000000000000e+00
4.084084084084084054e+01	0.000000000000000000e+00	0.000000000000000000e+00
4.104104104104104067e+01	0.000000000000000000e+00	0.000000000000000000e+00
4.124124124124124080e+01	0.000000000000000000e+00	0.000000000000000000e+00
4.144144144144144093e+01	0.000000000000000000e+00	0.000000000000000000e+00
4.164164164164164106e+01	0.000000000000000000e+00	0.000000000000000000e+00
4.184184184184184119e+01	0.000000000000000000e+00	0.000000000000000000e+00
4.204204204204204132e+01	0.000000000000000000e+00	0.000000000000000000e+00
4.224224224224224145e+01	0.000000000000000000e+00	0.000000000000000000e+00
4.244244244244244157e+01	0.000000000000000000e+00	0.000000000000000000e+00
4.264264264264264170e+01	0.000000000000000000e+00	0.000000000000000000e+00
4.284284284284284894e+01	0.000000000000000000e+00	0.000000000000000000e+00
4.304304304304304907e+01	0.000000000000000000e+00	0.000000000000000000e+00
4.324324324324324920e+01	0.000000000000000000e+00	0.000000000000000000e+00
4.344344344344344933e+01	0.000000000000000000e+00	0.000000000000000000e+00
4.364364364364364945e+01	0.000000000000000000e+00	0.000000000000000000e+00
4.384384384384384958e+01	0.000000000000000000e+00	0.000000000000000000e+00
4.404404404404404971e+01	0.000000000000000000e+00	0.000000000000000000e+00
4.424424424424424984e+01	0.000000000000000000e+00	0.000000000000000000e+00
4.444444444444444997e+01	0.000000000000000000e+00	0.000000000000000000e+00
4.464464464464465010e+01	0.000000000000000000e+00	0.000000000000000000e+00
4.484484484484485023e+01	0.000000000000000000e+00	0.000000000000000000e+00
4.504504504504505036e+01	0.000000000000000000e+00	0.000000000000000000e+00
4.524524524524525049e+01	0.000000000000000000e+00	0.000000000000000000e+00
4.544544544544545062e+01	0.000000000000000000e+00	0.000000000000000000e+00
4.564564564564565075e+01	0.000000000000000000e+00	0.000000000000000000e+00
4.584584584584585087e+01	0.000000000000000000e+00	0.000000000000000000e+00
4.604604604604605100e+01	0.000000000000000000e+00	0.000000000000000000e+00
4.624624624624625113e+01	0.000000000000000000e+00	0.000000000000000000e+00
4.644644644644645126e+01	0.000000000000000000e+00	0.000000000000000000e+00
4.664664664664665139e+01	0.000000000000000000e+00	0.000000000000000000e+00
4.684684684684685152e+01	0.000000000000000000e+00	0.000000000000000000e+00
4.704704704704705165e+01	0.000000000000000000e+00	0.000000000000000000e+00
4.724724724724725178e+01	0.000000000000000000e+00	0.000000000000000000e+00
4.744744744744745191e+01	0.000000000000000000e+00	0.000000000000000000e+00
4.764764764764765204e+01	0.000000000000000000e+00	0.000000000000000000e+00
4.784784784784785217e+01	0.000000000000000000e+00	0.000000000000000000e+00
4.804804804804805229e+01	0.000000000000000000e+00	0.000000000000000000e+00
4.824824824824825242e+01	0.000000000000000000e+00	0.000000000000000000e+00
4.844844844844845255e+01	0.000000000000000000e+00	0.000000000000000000e+00
4.864864864864865268e+01	0.000000000000000000e+00	0.000000000000000000e+00
4.884884884884885281e+01	0.000000000000000000e+00	0.000000000000000000e+00
4.904904904904905294e+01	0.000000000000000000e+00	0.000000000000000000e+00
4.924924924924925307e+01	0.000000000000000000e+00	0.000000000000000000e+00
4.944944944944945320e+01	0.000000000000000000e+00	0.000000000000000000e+00
4.964964964964965333e+01	0.000000000000000000e+00	0.000000000000000000e+00
4.984984984984985346e+01	0.000000000000000000e+00	0.000000000000000000e+00
5.005005005005005358e+01	0.000000000000000000e+00	0.000000000000000000e+00
5.025025025025025371e+01	0.000000000000000000e+00	0.000000000000000000e+00
5.045045045045045384e+01	0.000000000000000000e+00	0.000000000000000000e+00
5.065065065065065397e+01	0.000000000000000000e+00	0.000000000000000000e+00
5.085085085085085410e+01	0.000000000000000000e+00	0.000000000000000000e+00
5.105105105105105423e+01	0.000000000000000000e+00	0.000000000000000000e+00
5.125125125125125436e+01	0.000000000000000000e+00	0.000000000000000000e+00
5.145145145145145449e+01	0.000000000000000000e+00	0.000000000000000000e+00
5.165165165165165462e+01	0.000000000000000000e+00	0.000000000000000000e+00
5.185185185185185475e+01	0.000000000000000000e+00	0.000000000000000000e+00
5.205205205205205488e+01	0.000000000000000000e+00	0.000000000000000000e+00
5.225225225225225500e+01	0.000000000000000000e+00	0.000000000000000000e+00
5.245245245245245513e+01	0.000000000000000000e+00	0.000000000000000000e+00
5.265265265265265526e+01	0.000000000000000000e+00	0.000000000000000000e+00
5.285285285285285539e+01	0.000000000000000000e+00	0.000000000000000000e+00
5.305305305305305552e+01	0.000000000000000000e+00	0.000000000000000000e+00
5.325325325325325565e+01	0.000000000000000000e+00	0.000000000000000000e+00
5.345345345345345578e+01	0.000000000000000000e+00	0.000000000000000000e+00
5.365365365365365591e+01	0.000000000000000000e+00	0.000000000000000000e+00
5.385385385385385604e+01	0.000000000000000000e+00	0.000000000000000000e+00
5.405405405405405617e+01	0.000000000000000000e+00	0.000000000000000000e+00
5.425425425425425630e+01	0.000000000000000000e+00	0.000000000000000000e+00
5.445445445445445642e+01	0.000000000000000000e+00	0.000000000000000000e+00
5.465465465465465655e+01	0.000000000000000000e+00	0.000000000000000000e+00
5.485485485485485668e+01	0.000000000000000000e+00	0.000000000000000000e+00
5.505505505505505681e+01	0.000000000000000000e+00	0.000000000000000000e+00
5.525525525525525694e+01	0.000000000000000000e+00	0.000000000000000000e+00
5.545545545545545707e+01	0.000000000000000000e+00	0.000000000000000000e+00
5.565565565565565720e+01	0.000000000000000000e+00	0.000000000000000000e+00
5.585585585585585733e+01	0.000000000000000000e+00	0.000000000000000000e+00
5.605605605605605746e+01	0.000000000000000000e+00	0.000000000000000000e+00
5.625625625625625759e+01	0.000000000000000000e+00	0.000000000000000000e+00
5.645645645645645772e+01	0.000000000000000000e+00	0.000000000000000000e+00
5.665665665665665784e+01	0.000000000000000000e+00	0.000000000000000000e+00
5.685685685685685797e+01	0.000000000000000000e+00	0.000000000000000000e+00
5.705705705705705810e+01	0.000000000000000000e+00	0.000000000000000000e+00
5.725725725725725823e+01	0.000000000000000000e+00	0.000000000000000000e+00
5.745745745745745836e+01	0.000000000000000000e+00	0.000000000000000000e+00
5.765765765765765849e+01	0.000000000000000000e+00	0.000000000000000000e+00
5.785785785785785862e+01	0.000000000000000000e+00	0.000000000000000000e+00
5.805805805805805875e+01	0.000000000000000000e+00	0.000000000000000000e+00
5.825825825825825888e+01	0.000000000000000000e+00	0.000000000000000000e+00
5.845845845845845901e+01	0.000000000000000000e+00	0.000000000000000000e+00
5.865865865865865914e+01	0.000000000000000000e+00	0.000000000000000000e+00
5.885885885885885926e+01	0.000000000000000000e+00	0.000000000000000000e+00
5.905905905905905939e+01	0.000000000000000000e+00	0.000000000000000000e+00
5.925925925925925952e+01	0.000000000000000000e+00	0.000000000000000000e+00
5.945945945945945965e+01	0.000000000000000000e+00	0.000000000000000000e+00
5.965965965965965978e+01	0.000000000000000000e+00	0.000000000000000000e+00
5.985985985985986702e+01	0.000000000000000000e+00	0.000000000000000000e+00
6.006006006006006714e+01	0.000000000000000000e+00	0.000000000000000000e+00
6.026026026026026727e+01	0.000000000000000000e+00	0.000000000000000000e+00
6.046046046046046740e+01	0.000000000000000000e+00	0.000000000000000000e+00
6.066066066066066753e+01	0.000000000000000000e+00	0.000000000000000000e+00
6.086086086086086766e+01	0.000000000000000000e+00	0.000000000000000000e+00
6.106106106106106779e+01	0.000000000000000000e+00	0.000000000000000000e+00
6.126126126126126792e+01	0.000000000000000000e+00	0.000000000000000000e+00
6.146146146146146805e+01	0.000000000000000000e+00	0.000000000000000000e+00
6.166166166166166818e+01	0.000000000000000000e+00	0.000000000000000000e+00
6.186186186186186831e+01	0.000000000000000000e+00	0.000000000000000000e+00
6.206206206206206843e+01	0.000000000000000000e+00	0.000000000000000000e+00
6.226226226226226856e+01	0.000000000000000000e+00	0.000000000000000000e+00
6.246246246246246869e+01	0.000000000000000000e+00	0.000000000000000000e+00
6.266266266266266882e+01	0.000000000000000000e+00	0.000000000000000000e+00
6.286286286286286895e+01	0.000000000000000000e+00	0.000000000000000000e+00
6.306306306306306908e+01	0.000000000000000000e+00	0.000000000000000000e+00
6.326326326326326921e+01	0.000000000000000000e+00	0.000000000000000000e+00
6.346346346346346934e+01	0.000000000000000000e+00	0.000000000000000000e+00
6.366366366366366947e+01	0.000000000000000000e+00	0.000000000000000000e+00
6.386386386386386960e+01	0.000000000000000000e+00	0.000000000000000000e+00
6.406406406406406973e+01	0.000000000000000000e+00	0.000000000000000000e+00
6.426426426426426985e+01	0.000000000000000000e+00	0.000000000000000000e+00
6.446446446446446998e+01	0.000000000000000000e+00	0.000000000000000000e+00
6.466466466466467011e+01	0.000000000000000000e+00	0.000000000000000000e+00
6.486486486486487024e+01	0.000000000000000000e+00	0.000000000000000000e+00
6.506506506506507037e+01	0.000000000000000000e+00	0.000000000000000000e+00
6.526526526526527050e+01	0.000000000000000000e+00	0.000000000000000000e+00
6.546546546546547063e+01	0.000000000000000000e+00	0.000000000000000000e+00
6.566566566566567076e+01	0.000000000000000000e+00	0.000000000000000000e+00
6.586586586586587089e+01	0.000000000000000000e+00	0.000000000000000000e+00
6.606606606606607102e+01	0.000000000000000000e+00	0.000000000000000000e+00
6.626626626626627115e+01	0.000000000000000000e+00	0.000000000000000000e+00
6.646646646646647127e+01	0.000000000000000000e+00	0.000000000000000000e+00
6.666666666666667140e+01	0.000000000000000000e+00	0.000000000000000000e+00
6.686686686686687153e+01	0.000000000000000000e+00	0.000000000000000000e+00
6.706706706706707166e+01	0.000000000000000000e+00	0.000000000000000000e+00
6.726726726726727179e+01	0.000000000000000000e+00	0.000000000000000000e+00
6.746746746746747192e+01	0.000000000000000000e+00	0.000000000000000000e+00
6.766766766766767205e+01	0.000000000000000000e+00	0.000000000000000000e+00
6.786786786786787218e+01	0.000000000000000000e+00	0.000000000000000000e+00
6.806806806806807231e+01	0.000000000000000000e+00	0.000000000000000000e+00
6.826826826826827244e+01	0.000000000000000000e+00	0.000000000000000000e+00
6.846846846846847257e+01	0.000000000000000000e+00	0.000000000000000000e+00
6.866866866866867269e+01	0.000000000000000000e+00	0.000000000000000000e+00
6.886886886886887282e+01	0.000000000000000000e+00	0.000000000000000000e+00
6.906906906906907295e+01	0.000000000000000000e+00	0.000000000000000000e+00
6.926926926926927308e+01	0.000000000000000000e+00	0.000000000000000000e+00
6.946946946946947321e+01	0.000000000000000000e+00	0.000000000000000000e+00
6.966966966966967334e+01	0.000000000000000000e+00	0.000000000000000000e+00
6.986986986986987347e+01	0.000000000000000000e+00	0.000000000000000000e+00
7.007007007007007360e+01	0.000000000000000000e+00	0.000000000000000000e+00
7.027027027027027373e+01	0.000000000000000000e+00	0.000000000000000000e+00
7.047047047047047386e+01	0.000000000000000000e+00	0.000000000000000000e+00
7.067067067067067399e+01	0.000000000000000000e+00	0.000000000000000000e+00
7.087087087087087411e+01	0.000000000000000000e+00	0.000000000000000000e+00
7.107107107107107424e+01	0.000000000000000000e+00	0.000000000000000000e+00
7.127127127127127437e+01	0.000000000000000000e+00	0.000000000000000000e+00
7.147147147147147450e+01	0.000000000000000000e+00	0.000000000000000000e+00
7.167167167167167463e+01	0.000000000000000000e+00	0.000000000000000000e+00
7.187187187187187476e+01	0.000000000000000000e+00	0.000000000000000000e+00
7.207207207207207489e+01	0.000000000000000000e+00	0.000000000000000000e+00
7.227227227227227502e+01	0.000000000000000000e+00	0.000000000000000000e+00
7.247247247247247515e+01	0.000000000000000000e+00	0.000000000000000000e+00
7.267267267267267528e+01	0.000000000000000000e+00	0.000000000000000000e+00
7.287287287287287540e+01	0.000000000000000000e+00	0.000000000000000000e+00
7.307307307307307553e+01	0.000000000000000000e+00	0.000000000000000000e+00
7.327327327327327566e+01	0.000000000000000000e+00	0.000000000000000000e+00
7.347347347347347579e+01	0.000000000000000000e+00	0.000000000000000000e+00
7.367367367367367592e+01	0.000000000000000000e+00	0.000000000000000000e+00
7.387387387387387605e+01	0.000000000000000000e+00	0.000000000000000000e+00
7.407407407407407618e+01	0.000000000000000000e+00	0.000000000000000000e+00
7.427427427427427631e+01	0.000000000000000000e+00	0.000000000000000000e+00
7.447447447447447644e+01	0.000000000000000000e+00	0.000000000000000000e+00
7.467467467467467657e+01	0.000000000000000000e+00	0.000000000000000000e+00
7.487487487487487670e+01	0.000000000000000000e+00	0.000000000000000000e+00
7.507507507507507682e+01	0.000000000000000000e+00	0.000000000000000000e+00
7.527527527527527695e+01	0.000000000000000000e+00	0.000000000000000000e+00
7.547547547547547708e+01	0.000000000000000000e+00	0.000000000000000000e+00
7.567567567567567721e+01	0.000000000000000000e+00	0.000000000000000000e+00
7.587587587587587734e+01	0.000000000000000000e+00	0.000000000000000000e+00
7.607607607607607747e+01	0.000000000000000000e+00	0.000000000000000000e+00
7.627627627627627760e+01	0.000000000000000000e+00	0.000000000000000000e+00
7.647647647647647773e+01	0.000000000000000000e+00	0.000000000000000000e+00
7.667667667667667786e+01	0.000000000000000000e+00	0.000000000000000000e+00
7.687687687687687799e+01	0.000000000000000000e+00	0.000000000000000000e+00
7.707707707707707812e+01	0.000000000000000000e+00	0.000000000000000000e+00
7.727727727727727824e+01	0.000000000000000000e+00	0.000000000000000000e+00
7.747747747747747837e+01	0.000000000000000000e+00	0.000000000000000000e+00
7.767767767767767850e+01	0.000000000000000000e+00	0.000000000000000000e+00
7.787787787787787863e+01	0.000000000000000000e+00	0.000000000000000000e+00
7.807807807807807876e+01	0.000000000000000000e+00	0.000000000000000000e+00
7.827827827827827889e+01	0.000000000000000000e+00	0.000000000000000000e+00
7.847847847847847902e+01	0.000000000000000000e+00	0.000000000000000000e+00
7.867867867867867915e+01	0.000000000000000000e+00	0.000000000000000000e+00
7.887887887887887928e+01	0.000000000000000000e+00	0.000000000000000000e+00
7.907907907907907941e+01	0.000000000000000000e+00	0.000000000000000000e+00
7.927927927927927954e+01	0.000000000000000000e+00	0.000000000000000000e+00
7.947947947947947966e+01	0.000000000000000000e+00	0.000000000000000000e+00
7.967967967967967979e+01	0.000000000000000000e+00	0.000000000000000000e+00
7.987987987987987992e+01	0.000000000000000000e+00	0.000000000000000000e+00
8.008008008008008005e+01	0.000000000000000000e+00	0.000000000000000000e+00
8.028028028028028018e+01	0.000000000000000000e+00	0.000000000000000000e+00
8.048048048048048031e+01	0.000000000000000000e+00	0.000000000000000000e+00
8.068068068068068044e+01	0.000000000000000000e+00	0.000000000000000000e+00
8.088088088088088057e+01	0.000000000000000000e+00	0.000000000000000000e+00
8.108108108108108070e+01	0.000000000000000000e+00	0.000000000000000000e+00
8.128128128128128083e+01	0.000000000000000000e+00	0.000000000000000000e+00
8.148148148148148096e+01	0.000000000000000000e+00	0.000000000000000000e+00
8.168168168168168108e+01	0.000000000000000000e+00	0.000000000000000000e+00
8.188188188188188121e+01	0.000000000000000000e+00	0.000000000000000000e+00
8.208208208208208134e+01	0.000000000000000000e+00	0.000000000000000000e+00
8.228228228228228147e+01	0.000000000000000000e+00	0.000000000000000000e+00
8.248248248248248160e+01	0.000000000000000000e+00	0.000000000000000000e+00
8.268268268268268173e+01	0.000000000000000000e+00	0.000000000000000000e+00
8.288288288288288186e+01	0.000000000000000000e+00	0.000000000000000000e+00
8.308308308308308199e+01	0.000000000000000000e+00	0.000000000000000000e+00
8.328328328328328212e+01	0.000000000000000000e+00	0.000000000000000000e+00
8.348348348348348225e+01	0.000000000000000000e+00	0.000000000000000000e+00
8.368368368368368237e+01	0.000000000000000000e+00	0.000000000000000000e+00
8.388388388388388250e+01	0.000000000000000000e+00	0.000000000000000000e+00
8.408408408408408263e+01	0.000000000000000000e+00	0.000000000000000000e+00
8.428428428428428276e+01	0.000000000000000000e+00	0.000000000000000000e+00
8.448448448448448289e+01	0.000000000000000000e+00	0.000000000000000000e+00
8.468468468468468302e+01	0.000000000000000000e+00	0.000000000000000000e+00
8.488488488488488315e+01	0.000000000000000000e+00	0.000000000000000000e+00
8.508508508508508328e+01	0.000000000000000000e+00	0.000000000000000000e+00
8.528528528528528341e+01	0.000000000000000000e+00	0.000000000000000000e+00
8.548548548548549775e+01	0.000000000000000000e+00	0.000000000000000000e+00
8.568568568568569788e+01	0.000000000000000000e+00	0.000000000000000000e+00
8.588588588588589801e+01	0.000000000000000000e+00	0.000000000000000000e+00
8.608608608608609813e+01	0.000000000000000000e+00	0.000000000000000000e+00
8.628628628628629826e+01	0.000000000000000000e+00	0.000000000000000000e+00
8.648648648648649839e+01	0.000000000000000000e+00	0.000000000000000000e+00
8.668668668668669852e+01	0.000000000000000000e+00	0.000000000000000000e+00
8.688688688688689865e+01	0.000000000000000000e+00	0.000000000000000000e+00
8.708708708708709878e+01	0.000000000000000000e+00	0.000000000000000000e+00
8.728728728728729891e+01	0.000000000000000000e+00	0.000000000000000000e+00
8.748748748748749904e+01	0.000000000000000000e+00	0.000000000000000000e+00
8.768768768768769917e+01	0.000000000000000000e+00	0.000000000000000000e+00
8.788788788788789930e+01	0.000000000000000000e+00	0.000000000000000000e+00
8.808808808808809943e+01	0.000000000000000000e+00	0.000000000000000000e+00
8.828828828828829955e+01	0.000000000000000000e+00	0.000000000000000000e+00
8.848848848848849968e+01	0.000000000000000000e+00	0.000000000000000000e+00
8.868868868868869981e+01	0.000000000000000000e+00	0.000000000000000000e+00
8.888888888888889994e+01	0.000000000000000000e+00	0.000000000000000000e+00
8.908908908908910007e+01	0.000000000000000000e+00	0.000000000000000000e+00
8.928928928928930020e+01	0.000000000000000000e+00	0.000000000000000000e+00
8.948948948948950033e+01	0.000000000000000000e+00	0.000000000000000000e+00
8.968968968968970046e+01	0.000000000000000000e+00	0.000000000000000000e+00
8.988988988988990059e+01	0.000000000000000000e+00	0.000000000000000000e+00
9.009009009009010072e+01	0.000000000000000000e+00	0.000000000000000000e+00
9.029029029029030085e+01	0.000000000000000000e+00	0.000000000000000000e+00
9.049049049049050097e+01	0.000000000000000000e+00	0.000000000000000000e+00
9.069069069069070110e+01	0.000000000000000000e+00	0.000000000000000000e+00
9.089089089089090123e+01	0.000000000000000000e+00	0.000000000000000000e+00
9.109109109109110136e+01	0.000000000000000000e+00	0.000000000000000000e+00
9.129129129129130149e+01	0.000000000000000000e+00	0.000000000000000000e+00
9.149149149149150162e+01	0.000000000000000000e+00	0.000000000000000000e+00
9.169169169169170175e+01	0.000000000000000000e+00	0.000000000000000000e+00
9.189189189189190188e+01	0.000000000000000000e+00	0.000000000000000000e+00
9.209209209209210201e+01	0.000000000000000000e+00	0.000000000000000000e+00
9.229229229229230214e+01	0.000000000000000000e+00	0.000000000000000000e+00
9.249249249249250227e+01	0.000000000000000000e+00	0.000000000000000000e+00
9.269269269269270239e+01	0.000000000000000000e+00	0.000000000000000000e+00
9.289289289289290252e+01	0.000000000000000000e+00	0.000000000000000000e+00
9.309309309309310265e+01	0.000000000000000000e+00	0.000000000000000000e+00
9.329329329329330278e+01	0.000000000000000000e+00	0.000000000000000000e+00
9.349349349349350291e+01	0.000000000000000000e+00	0.000000000000000000e+00
9.369369369369370304e+01	0.000000000000000000e+00	0.000000000000000000e+00
9.389389389389390317e+01	0.000000000000000000e+00	0.000000000000000000e+00
9.409409409409410330e+01	0.000000000000000000e+00	0.000000000000000000e+00
9.429429429429430343e+01	0.000000000000000000e+00	0.000000000000000000e+00
9.449449449449450356e+01	0.000000000000000000e+00	0.000000000000000000e+00
9.469469469469470368e+01	0.000000000000000000e+00	0.000000000000000000e+00
9.489489489489490381e+01	0.000000000000000000e+00	0.000000000000000000e+00
9.509509509509510394e+01	0.000000000000000000e+00	0.000000000000000000e+00
9.529529529529530407e+01	0.000000000000000000e+00	0.000000000000000000e+00
9.549549549549550420e+01	0.000000000000000000e+00	0.000000000000000000e+00
9.569569569569570433e+01	0.000000000000000000e+00	0.000000000000000000e+00
9.589589589589590446e+01	0.000000000000000000e+00	0.000000000000000000e+00
9.609609609609610459e+01	0.000000000000000000e+00	0.000000000000000000e+00
9.629629629629630472e+01	0.000000000000000000e+00	0.000000000000000000e+00
9.649649649649650485e+01	0.000000000000000000e+00	0.000000000000000000e+00
9.669669669669670498e+01	0.000000000000000000e+00	0.000000000000000000e+00
9.689689689689690510e+01	0.000000000000000000e+00	0.000000000000000000e+00
9.709709709709710523e+01	0.000000000000000000e+00	0.000000000000000000e+00
9.729729729729730536e+01	0.000000000000000000e+00	0.000000000000000000e+00
9.749749749749750549e+01	0.000000000000000000e+00	0.000000000000000000e+00
9.769769769769770562e+01	0.000000000000000000e+00	0.000000000000000000e+00
9.789789789789790575e+01	0.000000000000000000e+00	0.000000000000000000e+00
9.809809809809810588e+01	0.000000000000000000e+00	0.000000000000000000e+00
9.829829829829830601e+01	0.000000000000000000e+00	0.000000000000000000e+00
9.849849849849850614e+01	0.000000000000000000e+00	0.000000000000000000e+00
9.869869869869870627e+01	0.000000000000000000e+00	0.000000000000000000e+00
9.889889889889890640e+01	0.000000000000000000e+00	0.000000000000000000e+00
9.909909909909910652e+01	0.000000000000000000e+00	0.000000000000000000e+00
9.929929929929930665e+01	0.000000000000000000e+00	0.000000000000000000e+00
9.949949949949950678e+01	0.000000000000000000e+00	0.000000000000000000e+00
9.969969969969970691e+01	0.000000000000000000e+00	0.000000000000000000e+00
9.989989989989990704e+01	0.000000000000000000e+00	0.000000000000000000e+00
1.001001001001001072e+02	0.000000000000000000e+00	0.000000000000000000e+00
1.003003003003003073e+02	0.000000000000000000e+00	0.000000000000000000e+00
1.005005005005005074e+02	0.000000000000000000e+00	0.000000000000000000e+00
1.007007007007007076e+02	0.000000000000000000e+00	0.000000000000000000e+00
1.009009009009009077e+02	0.000000000000000000e+00	0.000000000000000000e+00
1.011011011011011078e+02	0.000000000000000000e+00	0.000000000000000000e+00
1.013013013013013079e+02	0.000000000000000000e+00	0.000000000000000000e+00
1.015015015015015081e+02	0.000000000000000000e+00	0.000000000000000000e+00
1.017017017017017082e+02	0.000000000000000000e+00	0.000000000000000000e+00
1.019019019019019083e+02	0.000000000000000000e+00	0.000000000000000000e+00
1.021021021021021085e+02	0.000000000000000000e+00	0.000000000000000000e+00
1.023023023023023086e+02	0.000000000000000000e+00	0.000000000000000000e+00
1.025025025025025087e+02	0.000000000000000000e+00	0.000000000000000000e+00
1.027027027027027088e+02	0.000000000000000000e+00	0.000000000000000000e+00
1.029029029029029090e+02	0.000000000000000000e+00	0.000000000000000000e+00
1.031031031031031091e+02	0.000000000000000000e+00	0.000000000000000000e+00
1.033033033033033092e+02	0.000000000000000000e+00	0.000000000000000000e+00
1.035035035035035094e+02	0.000000000000000000e+00	0.000000000000000000e+00
1.037037037037037095e+02	0.000000000000000000e+00	0.000000000000000000e+00
1.039039039039039096e+02	0.000000000000000000e+00	0.000000000000000000e+00
1.041041041041041098e+02	0.000000000000000000e+00	0.000000000000000000e+00
1.043043043043043099e+02	0.000000000000000000e+00	0.000000000000000000e+00
1.045045045045045100e+02	0.000000000000000000e+00	0.000000000000000000e+00
1.047047047047047101e+02	0.000000000000000000e+00	0.000000000000000000e+00
1.049049049049049103e+02	0.000000000000000000e+00	0.000000000000000000e+00
1.051051051051051104e+02	0.000000000000000000e+00	0.000000000000000000e+00
1.053053053053053105e+02	0.000000000000000000e+00	0.000000000000000000e+00
1.055055055055055107e+02	0.000000000000000000e+00	0.000000000000000000e+00
1.057057057057057108e+02	0.000000000000000000e+00	0.000000000000000000e+00
1.059059059059059109e+02	0.000000000000000000e+00	0.000000000000000000e+00
1.061061061061061110e+02	0.000000000000000000e+00	0.000000000000000000e+00
1.063063063063063112e+02	0.000000000000000000e+00	0.000000000000000000e+00
1.065065065065065113e+02	0.000000000000000000e+00	0.000000000000000000e+00
1.067067067067067114e+02	0.000000000000000000e+00	0.000000000000000000e+00
1.069069069069069116e+02	0.000000000000000000e+00	0.000000000000000000e+00
1.071071071071071117e+02	0.000000000000000000e+00	0.000000000000000000e+00
1.073073073073073118e+02	0.000000000000000000e+00	0.000000000000000000e+00
1.075075075075075119e+02	0.000000000000000000e+00	0.000000000000000000e+00
1.077077077077077121e+02	0.000000000000000000e+00	0.000000000000000000e+00
1.079079079079079122e+02	0.000000000000000000e+00	0.000000000000000000e+00
1.081081081081081123e+02	0.000000000000000000e+00	0.000000000000000000e+00
1.083083083083083125e+02	0.000000000000000000e+00	0.000000000000000000e+00
1.085085085085085126e+02	0.000000000000000000e+00	0.000000000000000000e+00
1.087087087087087127e+02	0.000000000000000000e+00	0.000000000000000000e+00
1.089089089089089128e+02	0.000000000000000000e+00	0.000000000000000000e+00
1.091091091091091130e+02	0.000000000000000000e+00	0.000000000000000000e+00
1.093093093093093131e+02	0.000000000000000000e+00	0.000000000000000000e+00
1.095095095095095132e+02	0.000000000000000000e+00	0.000000000000000000e+00
1.097097097097097134e+02	0.000000000000000000e+00	0.000000000000000000e+00
1.099099099099099135e+02	0.000000000000000000e+00	0.000000000000000000e+00
1.101101101101101136e+02	0.000000000000000000e+00	0.000000000000000000e+00
1.103103103103103138e+02	0.000000000000000000e+00	0.000000000000000000e+00
1.105105105105105139e+02	0.000000000000000000e+00	0.000000000000000000e+00
1.107107107107107140e+02	0.000000000000000000e+00	0.000000000000000000e+00
1.109109109109109141e+02	0.000000000000000000e+00	0.000000000000000000e+00
1.111111111111111143e+02	0.000000000000000000e+00	0.000000000000000000e+00
1.113113113113113144e+02	0.000000000000000000e+00	0.000000000000000000e+00
1.115115115115115145e+02	0.000000000000000000e+00	0.000000000000000000e+00
1.117117117117117147e+02	0.000000000000000000e+00	0.000000000000000000e+00
1.119119119119119148e+02	0.000000000000000000e+00	0.000000000000000000e+00
1.121121121121121149e+02	0.000000000000000000e+00	0.000000000000000000e+00
1.123123123123123150e+02	0.000000000000000000e+00	0.000000000000000000e+00
1.125125125125125152e+02	0.000000000000000000e+00	0.000000000000000000e+00
1.127127127127127153e+02	0.000000000000000000e+00	0.000000000000000000e+00
1.129129129129129154e+02	0.000000000000000000e+00	0.000000000000000000e+00
1.131131131131131156e+02	0.000000000000000000e+00	0.000000000000000000e+00
1.133133133133133157e+02	0.000000000000000000e+00	0.000000000000000000e+00
1.135135135135135158e+02	0.000000000000000000e+00	0.000000000000000000e+00
1.137137137137137159e+02	0.000000000000000000e+00	0.000000000000000000e+00
1.139139139139139161e+02	0.000000000000000000e+00	0.000000000000000000e+00
1.141141141141141162e+02	0.000000000000000000e+00	0.000000000000000000e+00
1.143143143143143163e+02	0.000000000000000000e+00	0.000000000000000000e+00
1.145145145145145165e+02	0.000000000000000000e+00	0.000000000000000000e+00
1.147147147147147166e+02	0.000000000000000000e+00	0.000000000000000000e+00
1.149149149149149167e+02	0.000000000000000000e+00	0.000000000000000000e+00
1.151151151151151169e+02	0.000000000000000000e+00	0.000000000000000000e+00
1.153153153153153170e+02	0.000000000000000000e+00	0.000000000000000000e+00
1.155155155155155171e+02	0.000000000000000000e+00	0.000000000000000000e+00
1.157157157157157172e+02	0.000000000000000000e+00	0.000000000000000000e+00
1.159159159159159174e+02	0.000000000000000000e+00	0.000000000000000000e+00
1.161161161161161175e+02	0.000000000000000000e+00	0.000000000000000000e+00
1.163163163163163176e+02	0.000000000000000000e+00	0.000000000000000000e+00
1.165165165165165178e+02	0.000000000000000000e+00	0.000000000000000000e+00
1.167167167167167179e+02	0.000000000000000000e+00	0.000000000000000000e+00
1.169169169169169180e+02	0.000000000000000000e+00	0.000000000000000000e+00
1.171171171171171181e+02	0.000000000000000000e+00	0.000000000000000000e+00
1.173173173173173183e+02	0.000000000000000000e+00	0.000000000000000000e+00
1.175175175175175184e+02	0.000000000000000000e+00	0.000000000000000000e+00
1.177177177177177185e+02	0.000000000000000000e+00	0.000000000000000000e+00
1.179179179179179187e+02	0.000000000000000000e+00	0.000000000000000000e+00
1.181181181181181188e+02	0.000000000000000000e+00	0.000000000000000000e+00
1.183183183183183189e+02	0.000000000000000000e+00	0.000000000000000000e+00
1.185185185185185190e+02	0.000000000000000000e+00	0.000000000000000000e+00
1.187187187187187192e+02	0.000000000000000000e+00	0.000000000000000000e+00
1.189189189189189193e+02	0.000000000000000000e+00	0.000000000000000000e+00
1.191191191191191194e+02	0.000000000000000000e+00	0.000000000000000000e+00
1.193193193193193196e+02	0.000000000000000000e+00	0.000000000000000000e+00
1.195195195195195197e+02	0.000000000000000000e+00	0.000000000000000000e+00
1.197197197197197340e+02	0.000000000000000000e+00	0.000000000000000000e+00
1.199199199199199342e+02	0.000000000000000000e+00	0.000000000000000000e+00
1.201201201201201343e+02	0.000000000000000000e+00	0.000000000000000000e+00
1.203203203203203344e+02	0.000000000000000000e+00	0.000000000000000000e+00
1.205205205205205345e+02	0.000000000000000000e+00	0.000000000000000000e+00
1.207207207207207347e+02	0.000000000000000000e+00	0.000000000000000000e+00
1.209209209209209348e+02	0.000000000000000000e+00	0.000000000000000000e+00
1.211211211211211349e+02	0.000000000000000000e+00	0.000000000000000000e+00
1.213213213213213351e+02	0.000000000000000000e+00	0.000000000000000000e+00
1.215215215215215352e+02	0.000000000000000000e+00	0.000000000000000000e+00
1.217217217217217353e+02	0.000000000000000000e+00	0.000000000000000000e+00
1.219219219219219354e+02	0.000000000000000000e+00	0.000000000000000000e+00
1.221221221221221356e+02	0.000000000000000000e+00	0.000000000000000000e+00
1.223223223223223357e+02	0.000000000000000000e+00	0.000000000000000000e+00
1.225225225225225358e+02	0.000000000000000000e+00	0.000000000000000000e+00
1.227227227227227360e+02	0.000000000000000000e+00	0.000000000000000000e+00
1.229229229229229361e+02	0.000000000000000000e+00	0.000000000000000000e+00
1.231231231231231362e+02	0.000000000000000000e+00	0.000000000000000000e+00
1.233233233233233364e+02	0.000000000000000000e+00	0.000000000000000000e+00
1.235235235235235365e+02	0.000000000000000000e+00	0.000000000000000000e+00
1.237237237237237366e+02	0.000000000000000000e+00	0.000000000000000000e+00
1.239239239239239367e+02	0.000000000000000000e+00	0.000000000000000000e+00
1.241241241241241369e+02	0.000000000000000000e+00	0.000000000000000000e+00
1.243243243243243370e+02	0.000000000000000000e+00	0.000000000000000000e+00
1.245245245245245371e+02	0.000000000000000000e+00	0.000000000000000000e+00
1.247247247247247373e+02	0.000000000000000000e+00	0.000000000000000000e+00
1.249249249249249374e+02	0.000000000000000000e+00	0.000000000000000000e+00
1.251251251251251375e+02	0.000000000000000000e+00	0.000000000000000000e+00
1.253253253253253376e+02	0.000000000000000000e+00	0.000000000000000000e+00
1.255255255255255378e+02	0.000000000000000000e+00	0.000000000000000000e+00
1.257257257257257379e+02	0.000000000000000000e+00	0.000000000000000000e+00
1.259259259259259380e+02	0.000000000000000000e+00	0.000000000000000000e+00
1.261261261261261382e+02	0.000000000000000000e+00	0.000000000000000000e+00
1.263263263263263383e+02	0.000000000000000000e+00	0.000000000000000000e+00
1.265265265265265384e+02	0.000000000000000000e+00	0.000000000000000000e+00
1.267267267267267385e+02	0.000000000000000000e+00	0.000000000000000000e+00
1.269269269269269387e+02	0.000000000000000000e+00	0.000000000000000000e+00
1.271271271271271388e+02	0.000000000000000000e+00	0.000000000000000000e+00
1.273273273273273389e+02	0.000000000000000000e+00	0.000000000000000000e+00
1.275275275275275391e+02	0.000000000000000000e+00	0.000000000000000000e+00
1.277277277277277392e+02	0.000000000000000000e+00	0.000000000000000000e+00
1.279279279279279393e+02	0.000000000000000000e+00	0.000000000000000000e+00
1.281281281281281395e+02	0.000000000000000000e+00	0.000000000000000000e+00
1.283283283283283254e+02	0.000000000000000000e+00	0.000000000000000000e+00
1.285285285285285397e+02	0.000000000000000000e+00	0.000000000000000000e+00
1.287287287287287256e+02	0.000000000000000000e+00	0.000000000000000000e+00
1.289289289289289400e+02	0.000000000000000000e+00	0.000000000000000000e+00
1.291291291291291259e+02	0.000000000000000000e+00	0.000000000000000000e+00
1.293293293293293402e+02	0.000000000000000000e+00	0.000000000000000000e+00
1.295295295295295261e+02	0.000000000000000000e+00	0.000000000000000000e+00
1.297297297297297405e+02	0.000000000000000000e+00	0.000000000000000000e+00
1.299299299299299264e+02	0.000000000000000000e+00	0.000000000000000000e+00
1.301301301301301407e+02	0.000000000000000000e+00	0.000000000000000000e+00
1.303303303303303267e+02	0.000000000000000000e+00	0.000000000000000000e+00
1.305305305305305410e+02	0.000000000000000000e+00	0.000000000000000000e+00
1.307307307307307269e+02	0.000000000000000000e+00	0.000000000000000000e+00
1.309309309309309413e+02	0.000000000000000000e+00	0.000000000000000000e+00
1.311311311311311272e+02	0.000000000000000000e+00	0.000000000000000000e+00
1.313313313313313415e+02	0.000000000000000000e+00	0.000000000000000000e+00
1.315315315315315274e+02	0.000000000000000000e+00	0.000000000000000000e+00
1.317317317317317418e+02	0.000000000000000000e+00	0.000000000000000000e+00
1.319319319319319277e+02	0.000000000000000000e+00	0.000000000000000000e+00
1.321321321321321420e+02	0.000000000000000000e+00	0.000000000000000000e+00
1.323323323323323280e+02	0.000000000000000000e+00	0.000000000000000000e+00
1.325325325325325423e+02	0.000000000000000000e+00	0.000000000000000000e+00
1.327327327327327282e+02	0.000000000000000000e+00	0.000000000000000000e+00
1.329329329329329425e+02	0.000000000000000000e+00	0.000000000000000000e+00
1.331331331331331285e+02	0.000000000000000000e+00	0.000000000000000000e+00
1.333333333333333428e+02	0.000000000000000000e+00	0.000000000000000000e+00
1.335335335335335287e+02	0.000000000000000000e+00	0.000000000000000000e+00
1.337337337337337431e+02	0.000000000000000000e+00	0.000000000000000000e+00
1.339339339339339290e+02	0.000000000000000000e+00	0.000000000000000000e+00
1.341341341341341433e+02	0.000000000000000000e+00	0.000000000000000000e+00
1.343343343343343292e+02	0.000000000000000000e+00	0.000000000000000000e+00
1.345345345345345436e+02	0.000000000000000000e+00	0.000000000000000000e+00
1.347347347347347295e+02	0.000000000000000000e+00	0.000000000000000000e+00
1.349349349349349438e+02	0.000000000000000000e+00	0.000000000000000000e+00
1.351351351351351298e+02	0.000000000000000000e+00	0.000000000000000000e+00
1.353353353353353441e+02	0.000000000000000000e+00	0.000000000000000000e+00
1.355355355355355300e+02	0.000000000000000000e+00	0.000000000000000000e+00
1.357357357357357444e+02	0.000000000000000000e+00	0.000000000000000000e+00
1.359359359359359303e+02	0.000000000000000000e+00	0.000000000000000000e+00
1.361361361361361446e+02	0.000000000000000000e+00	0.000000000000000000e+00
1.363363363363363305e+02	0.000000000000000000e+00	0.000000000000000000e+00
1.365365365365365449e+02	0.000000000000000000e+00	0.000000000000000000e+00
1.367367367367367592e+02	0.000000000000000000e+00	0.000000000000000000e+00
1.369369369369369451e+02	0.000000000000000000e+00	0.000000000000000000e+00
1.371371371371371595e+02	0.000000000000000000e+00	0.000000000000000000e+00
1.373373373373373454e+02	0.000000000000000000e+00	0.000000000000000000e+00
1.375375375375375597e+02	0.000000000000000000e+00	0.000000000000000000e+00
1.377377377377377456e+02	0.000000000000000000e+00	0.000000000000000000e+00
1.379379379379379600e+02	0.000000000000000000e+00	0.000000000000000000e+00
1.381381381381381459e+02	0.000000000000000000e+00	0.000000000000000000e+00
1.383383383383383602e+02	0.000000000000000000e+00	0.000000000000000000e+00
1.385385385385385462e+02	0.000000000000000000e+00	0.000000000000000000e+00
1.387387387387387605e+02	0.000000000000000000e+00	0.000000000000000000e+00
1.389389389389389464e+02	0.000000000000000000e+00	0.000000000000000000e+00
1.391391391391391608e+02	0.000000000000000000e+00	0.000000000000000000e+00
1.393393393393393467e+02	0.000000000000000000e+00	0.000000000000000000e+00
1.395395395395395610e+02	0.000000000000000000e+00	0.000000000000000000e+00
1.397397397397397469e+02	0.000000000000000000e+00	0.000000000000000000e+00
1.399399399399399613e+02	0.000000000000000000e+00	0.000000000000000000e+00
1.401401401401401472e+02	0.000000000000000000e+00	0.000000000000000000e+00
1.403403403403403615e+02	0.000000000000000000e+00	0.000000000000000000e+00
1.405405405405405475e+02	0.000000000000000000e+00	0.000000000000000000e+00
1.407407407407407618e+02	0.000000000000000000e+00	0.000000000000000000e+00
1.409409409409409477e+02	0.000000000000000000e+00	0.000000000000000000e+00
1.411411411411411621e+02	0.000000000000000000e+00	0.000000000000000000e+00
1.413413413413413480e+02	0.000000000000000000e+00	0.000000000000000000e+00
1.415415415415415623e+02	0.000000000000000000e+00	0.000000000000000000e+00
1.417417417417417482e+02	0.000000000000000000e+00	0.000000000000000000e+00
1.419419419419419626e+02	0.000000000000000000e+00	0.000000000000000000e+00
1.421421421421421485e+02	0.000000000000000000e+00	0.000000000000000000e+00
1.423423423423423628e+02	0.000000000000000000e+00	0.000000000000000000e+00
1.425425425425425487e+02	0.000000000000000000e+00	0.000000000000000000e+00
1.427427427427427631e+02	0.000000000000000000e+00	0.000000000000000000e+00
1.429429429429429490e+02	0.000000000000000000e+00	0.000000000000000000e+00
1.431431431431431633e+02	0.000000000000000000e+00	0.000000000000000000e+00
1.433433433433433493e+02	0.000000000000000000e+00	0.000000000000000000e+00
1.435435435435435636e+02	0.000000000000000000e+00	0.000000000000000000e+00
1.437437437437437495e+02	0.000000000000000000e+00	0.000000000000000000e+00
1.439439439439439639e+02	0.000000000000000000e+00	0.000000000000000000e+00
1.441441441441441498e+02	0.000000000000000000e+00	0.000000000000000000e+00
1.443443443443443641e+02	0.000000000000000000e+00	0.000000000000000000e+00
1.445445445445445500e+02	0.000000000000000000e+00	0.000000000000000000e+00
1.447447447447447644e+02	0.000000000000000000e+00	0.000000000000000000e+00
1.449449449449449503e+02	0.000000000000000000e+00	0.000000000000000000e+00
1.451451451451451646e+02	0.000000000000000000e+00	0.000000000000000000e+00
1.453453453453453506e+02	0.000000000000000000e+00	0.000000000000000000e+00
1.455455455455455649e+02	0.000000000000000000e+00	0.000000000000000000e+00
1.457457457457457508e+02	0.000000000000000000e+00	0.000000000000000000e+00
1.459459459459459651e+02	0.000000000000000000e+00	0.000000000000000000e+00
1.461461461461461511e+02	0.000000000000000000e+00	0.000000000000000000e+00
1.463463463463463654e+02	0.000000000000000000e+00	0.000000000000000000e+00
1.465465465465465513e+02	0.000000000000000000e+00	0.000000000000000000e+00
1.467467467467467657e+02	0.000000000000000000e+00	0.000000000000000000e+00
1.469469469469469516e+02	0.000000000000000000e+00	0.000000000000000000e+00
1.471471471471471659e+02	0.000000000000000000e+00	0.000000000000000000e+00
1.473473473473473518e+02	0.000000000000000000e+00	0.000000000000000000e+00
1.475475475475475662e+02	0.000000000000000000e+00	0.000000000000000000e+00
1.477477477477477521e+02	0.000000000000000000e+00	0.000000000000000000e+00
1.479479479479479664e+02	0.000000000000000000e+00	0.000000000000000000e+00
1.481481481481481524e+02	0.000000000000000000e+00	0.000000000000000000e+00
1.483483483483483667e+02	0.000000000000000000e+00	0.000000000000000000e+00
1.485485485485485526e+02	0.000000000000000000e+00	0.000000000000000000e+00
1.487487487487487670e+02	0.000000000000000000e+00	0.000000000000000000e+00
1.489489489489489529e+02	0.000000000000000000e+00	0.000000000000000000e+00
1.491491491491491672e+02	0.000000000000000000e+00	0.000000000000000000e+00
1.493493493493493531e+02	0.000000000000000000e+00	0.000000000000000000e+00
1.495495495495495675e+02	0.000000000000000000e+00	0.000000000000000000e+00
1.497497497497497534e+02	0.000000000000000000e+00	0.000000000000000000e+00
1.499499499499499677e+02	0.000000000000000000e+00	0.000000000000000000e+00
1.501501501501501536e+02	0.000000000000000000e+00	0.000000000000000000e+00
1.503503503503503680e+02	0.000000000000000000e+00	0.000000000000000000e+00
1.505505505505505539e+02	0.000000000000000000e+00	0.000000000000000000e+00
1.507507507507507682e+02	0.000000000000000000e+00	0.000000000000000000e+00
1.509509509509509542e+02	0.000000000000000000e+00	0.000000000000000000e+00
1.511511511511511685e+02	0.000000000000000000e+00	0.000000000000000000e+00
1.513513513513513544e+02	0.000000000000000000e+00	0.000000000000000000e+00
1.515515515515515688e+02	0.000000000000000000e+00	0.000000000000000000e+00
1.517517517517517547e+02	0.000000000000000000e+00	0.000000000000000000e+00
1.519519519519519690e+02	0.000000000000000000e+00	0.000000000000000000e+00
1.521521521521521549e+02	0.000000000000000000e+00	0.000000000000000000e+00
1.523523523523523693e+02	0.000000000000000000e+00	0.000000000000000000e+00
1.525525525525525552e+02	0.000000000000000000e+00	0.000000000000000000e+00
1.527527527527527695e+02	0.000000000000000000e+00	0.000000000000000000e+00
1.529529529529529555e+02	0.000000000000000000e+00	0.000000000000000000e+00
1.531531531531531698e+02	0.000000000000000000e+00	0.000000000000000000e+00
1.533533533533533557e+02	0.000000000000000000e+00	0.000000000000000000e+00
1.535535535535535701e+02	0.000000000000000000e+00	0.000000000000000000e+00
1.537537537537537560e+02	0.000000000000000000e+00	0.000000000000000000e+00
1.539539539539539703e+02	0.000000000000000000e+00	0.000000000000000000e+00
1.541541541541541562e+02	0.000000000000000000e+00	0.000000000000000000e+00
1.543543543543543706e+02	0.000000000000000000e+00	0.000000000000000000e+00
1.545545545545545565e+02	0.000000000000000000e+00	0.000000000000000000e+00
1.547547547547547708e+02	0.000000000000000000e+00	0.000000000000000000e+00
1.549549549549549567e+02	0.000000000000000000e+00	0.000000000000000000e+00
1.551551551551551711e+02	0.000000000000000000e+00	0.000000000000000000e+00
1.553553553553553570e+02	0.000000000000000000e+00	0.000000000000000000e+00
1.555555555555555713e+02	0.000000000000000000e+00	0.000000000000000000e+00
1.557557557557557573e+02	0.000000000000000000e+00	0.000000000000000000e+00
1.559559559559559716e+02	0.000000000000000000e+00	0.000000000000000000e+00
1.561561561561561575e+02	0.000000000000000000e+00	0.000000000000000000e+00
1.563563563563563719e+02	0.000000000000000000e+00	0.000000000000000000e+00
1.565565565565565578e+02	0.000000000000000000e+00	0.000000000000000000e+00
1.567567567567567721e+02	0.000000000000000000e+00	0.000000000000000000e+00
1.569569569569569580e+02	0.000000000000000000e+00	0.000000000000000000e+00
1.571571571571571724e+02	0.000000000000000000e+00	0.000000000000000000e+00
1.573573573573573583e+02	0.000000000000000000e+00	0.000000000000000000e+00
1.575575575575575726e+02	0.000000000000000000e+00	0.000000000000000000e+00
1.577577577577577586e+02	0.000000000000000000e+00	0.000000000000000000e+00
1.579579579579579729e+02	0.000000000000000000e+00	0.000000000000000000e+00
1.581581581581581588e+02	0.000000000000000000e+00	0.000000000000000000e+00
1.583583583583583732e+02	0.000000000000000000e+00	0.000000000000000000e+00
1.585585585585585591e+02	0.000000000000000000e+00	0.000000000000000000e+00
1.587587587587587734e+02	0.000000000000000000e+00	0.000000000000000000e+00
1.589589589589589593e+02	0.000000000000000000e+00	0.000000000000000000e+00
1.591591591591591737e+02	0.000000000000000000e+00	0.000000000000000000e+00
1.593593593593593596e+02	0.000000000000000000e+00	0.000000000000000000e+00
1.595595595595595739e+02	0.000000000000000000e+00	0.000000000000000000e+00
1.597597597597597598e+02	0.000000000000000000e+00	0.000000000000000000e+00
1.599599599599599742e+02	0.000000000000000000e+00	0.000000000000000000e+00
1.601601601601601601e+02	0.000000000000000000e+00	0.000000000000000000e+00
1.603603603603603744e+02	0.000000000000000000e+00	0.000000000000000000e+00
1.605605605605605604e+02	0.000000000000000000e+00	0.000000000000000000e+00
1.607607607607607747e+02	0.000000000000000000e+00	0.000000000000000000e+00
1.609609609609609606e+02	0.000000000000000000e+00	0.000000000000000000e+00
1.611611611611611750e+02	0.000000000000000000e+00	0.000000000000000000e+00
1.613613613613613609e+02	0.000000000000000000e+00	0.000000000000000000e+00
1.615615615615615752e+02	0.000000000000000000e+00	0.000000000000000000e+00
1.617617617617617611e+02	0.000000000000000000e+00	0.000000000000000000e+00
1.619619619619619755e+02	0.000000000000000000e+00	0.000000000000000000e+00
1.621621621621621614e+02	0.000000000000000000e+00	0.000000000000000000e+00
1.623623623623623757e+02	0.000000000000000000e+00	0.000000000000000000e+00
1.625625625625625617e+02	0.000000000000000000e+00	0.000000000000000000e+00
1.627627627627627760e+02	0.000000000000000000e+00	0.000000000000000000e+00
1.629629629629629619e+02	0.000000000000000000e+00	0.000000000000000000e+00
1.631631631631631763e+02	0.000000000000000000e+00	0.000000000000000000e+00
1.633633633633633622e+02	0.000000000000000000e+00	0.000000000000000000e+00
1.635635635635635765e+02	0.000000000000000000e+00	0.000000000000000000e+00
1.637637637637637624e+02	0.000000000000000000e+00	0.000000000000000000e+00
1.639639639639639768e+02	0.000000000000000000e+00	0.000000000000000000e+00
1.641641641641641627e+02	0.000000000000000000e+00	0.000000000000000000e+00
1.643643643643643770e+02	0.000000000000000000e+00	0.000000000000000000e+00
1.645645645645645629e+02	0.000000000000000000e+00	0.000000000000000000e+00
1.647647647647647773e+02	0.000000000000000000e+00	0.000000000000000000e+00
1.649649649649649632e+02	0.000000000000000000e+00	0.000000000000000000e+00
1.651651651651651775e+02	0.000000000000000000e+00	0.000000000000000000e+00
1.653653653653653635e+02	0.000000000000000000e+00	0.000000000000000000e+00
1.655655655655655778e+02	0.000000000000000000e+00	0.000000000000000000e+00
1.657657657657657637e+02	0.000000000000000000e+00	0.000000000000000000e+00
1.659659659659659781e+02	0.000000000000000000e+00	0.000000000000000000e+00
1.661661661661661640e+02	0.000000000000000000e+00	0.000000000000000000e+00
1.663663663663663783e+02	0.000000000000000000e+00	0.000000000000000000e+00
1.665665665665665642e+02	0.000000000000000000e+00	0.000000000000000000e+00
1.667667667667667786e+02	0.000000000000000000e+00	0.000000000000000000e+00
1.669669669669669645e+02	0.000000000000000000e+00	0.000000000000000000e+00
1.671671671671671788e+02	0.000000000000000000e+00	0.000000000000000000e+00
1.673673673673673647e+02	0.000000000000000000e+00	0.000000000000000000e+00
1.675675675675675791e+02	0.000000000000000000e+00	0.000000000000000000e+00
1.677677677677677650e+02	0.000000000000000000e+00	0.000000000000000000e+00
1.679679679679679793e+02	0.000000000000000000e+00	0.000000000000000000e+00
1.681681681681681653e+02	0.000000000000000000e+00	0.000000000000000000e+00
1.683683683683683796e+02	0.000000000000000000e+00	0.000000000000000000e+00
1.685685685685685655e+02	0.000000000000000000e+00	0.000000000000000000e+00
1.687687687687687799e+02	0.000000000000000000e+00	0.000000000000000000e+00
1.689689689689689658e+02	0.000000000000000000e+00	0.000000000000000000e+00
1.691691691691691801e+02	0.000000000000000000e+00	0.000000000000000000e+00
1.693693693693693660e+02	0.000000000000000000e+00	0.000000000000000000e+00
1.695695695695695804e+02	0.000000000000000000e+00	0.000000000000000000e+00
1.697697697697697663e+02	0.000000000000000000e+00	0.000000000000000000e+00
1.699699699699699806e+02	0.000000000000000000e+00	0.000000000000000000e+00
1.701701701701701666e+02	0.000000000000000000e+00	0.000000000000000000e+00
1.703703703703703809e+02	0.000000000000000000e+00	0.000000000000000000e+00
1.705705705705705668e+02	0.000000000000000000e+00	0.000000000000000000e+00
1.707707707707707812e+02	0.000000000000000000e+00	0.000000000000000000e+00
1.709709709709709955e+02	0.000000000000000000e+00	0.000000000000000000e+00
1.711711711711711814e+02	0.000000000000000000e+00	0.000000000000000000e+00
1.713713713713713958e+02	0.000000000000000000e+00	0.000000000000000000e+00
1.715715715715715817e+02	0.000000000000000000e+00	0.000000000000000000e+00
1.717717717717717960e+02	0.000000000000000000e+00	0.000000000000000000e+00
1.719719719719719819e+02	0.000000000000000000e+00	0.000000000000000000e+00
1.721721721721721963e+02	0.000000000000000000e+00	0.000000000000000000e+00
1.723723723723723822e+02	0.000000000000000000e+00	0.000000000000000000e+00
1.725725725725725965e+02	0.000000000000000000e+00	0.000000000000000000e+00
1.727727727727727824e+02	0.000000000000000000e+00	0.000000000000000000e+00
1.729729729729729968e+02	0.000000000000000000e+00	0.000000000000000000e+00
1.731731731731731827e+02	0.000000000000000000e+00	0.000000000000000000e+00
1.733733733733733970e+02	0.000000000000000000e+00	0.000000000000000000e+00
1.735735735735735830e+02	0.000000000000000000e+00	0.000000000000000000e+00
1.737737737737737973e+02	0.000000000000000000e+00	0.000000000000000000e+00
1.739739739739739832e+02	0.000000000000000000e+00	0.000000000000000000e+00
1.741741741741741976e+02	0.000000000000000000e+00	0.000000000000000000e+00
1.743743743743743835e+02	0.000000000000000000e+00	0.000000000000000000e+00
1.745745745745745978e+02	0.000000000000000000e+00	0.000000000000000000e+00
1.747747747747747837e+02	0.000000000000000000e+00	0.000000000000000000e+00
1.749749749749749981e+02	0.000000000000000000e+00	0.000000000000000000e+00
1.751751751751751840e+02	0.000000000000000000e+00	0.000000000000000000e+00
1.753753753753753983e+02	0.000000000000000000e+00	0.000000000000000000e+00
1.755755755755755843e+02	0.000000000000000000e+00	0.000000000000000000e+00
1.757757757757757986e+02	0.000000000000000000e+00	0.000000000000000000e+00
1.759759759759759845e+02	0.000000000000000000e+00	0.000000000000000000e+00
1.761761761761761989e+02	0.000000000000000000e+00	0.000000000000000000e+00
1.763763763763763848e+02	0.000000000000000000e+00	0.000000000000000000e+00
1.765765765765765991e+02	0.000000000000000000e+00	0.000000000000000000e+00
1.767767767767767850e+02	0.000000000000000000e+00	0.000000000000000000e+00
1.769769769769769994e+02	0.000000000000000000e+00	0.000000000000000000e+00
1.771771771771771853e+02	0.000000000000000000e+00	0.000000000000000000e+00
1.773773773773773996e+02	0.000000000000000000e+00	0.000000000000000000e+00
1.775775775775775855e+02	0.000000000000000000e+00	0.000000000000000000e+00
1.777777777777777999e+02	0.000000000000000000e+00	0.000000000000000000e+00
1.779779779779779858e+02	0.000000000000000000e+00	0.000000000000000000e+00
1.781781781781782001e+02	0.000000000000000000e+00	0.000000000000000000e+00
1.783783783783783861e+02	0.000000000000000000e+00	0.000000000000000000e+00
1.785785785785786004e+02	0.000000000000000000e+00	0.000000000000000000e+00
1.787787787787787863e+02	0.000000000000000000e+00	0.000000000000000000e+00
1.789789789789790007e+02	0.000000000000000000e+00	0.000000000000000000e+00
1.791791791791791866e+02	0.000000000000000000e+00	0.000000000000000000e+00
1.793793793793794009e+02	0.000000000000000000e+00	0.000000000000000000e+00
1.795795795795795868e+02	0.000000000000000000e+00	0.000000000000000000e+00
1.797797797797798012e+02	0.000000000000000000e+00	0.000000000000000000e+00
1.799799799799799871e+02	0.000000000000000000e+00	0.000000000000000000e+00
1.801801801801802014e+02	0.000000000000000000e+00	0.000000000000000000e+00
1.803803803803803874e+02	0.000000000000000000e+00	0.000000000000000000e+00
1.805805805805806017e+02	0.000000000000000000e+00	0.000000000000000000e+00
1.807807807807807876e+02	0.000000000000000000e+00	0.000000000000000000e+00
1.809809809809810019e+02	0.000000000000000000e+00	0.000000000000000000e+00
1.811811811811811879e+02	0.000000000000000000e+00	0.000000000000000000e+00
1.813813813813814022e+02	0.000000000000000000e+00	0.000000000000000000e+00
1.815815815815815881e+02	0.000000000000000000e+00	0.000000000000000000e+00
1.817817817817818025e+02	0.000000000000000000e+00	0.000000000000000000e+00
1.819819819819819884e+02	0.000000000000000000e+00	0.000000000000000000e+00
1.821821821821822027e+02	0.000000000000000000e+00	0.000000000000000000e+00
1.823823823823823886e+02	0.000000000000000000e+00	0.000000000000000000e+00
1.825825825825826030e+02	0.000000000000000000e+00	0.000000000000000000e+00
1.827827827827827889e+02	0.000000000000000000e+00	0.000000000000000000e+00
1.829829829829830032e+02	0.000000000000000000e+00	0.000000000000000000e+00
1.831831831831831892e+02	0.000000000000000000e+00	0.000000000000000000e+00
1.833833833833834035e+02	0.000000000000000000e+00	0.000000000000000000e+00
1.835835835835835894e+02	0.000000000000000000e+00	0.000000000000000000e+00
1.837837837837838038e+02	0.000000000000000000e+00	0.000000000000000000e+00
1.839839839839839897e+02	0.000000000000000000e+00	0.000000000000000000e+00
1.841841841841842040e+02	0.000000000000000000e+00	0.000000000000000000e+00
1.843843843843843899e+02	0.000000000000000000e+00	0.000000000000000000e+00
1.845845845845846043e+02	0.000000000000000000e+00	0.000000000000000000e+00
1.847847847847847902e+02	0.000000000000000000e+00	0.000000000000000000e+00
1.849849849849850045e+02	0.000000000000000000e+00	0.000000000000000000e+00
1.851851851851851904e+02	0.000000000000000000e+00	0.000000000000000000e+00
1.853853853853854048e+02	0.000000000000000000e+00	0.000000000000000000e+00
1.855855855855855907e+02	0.000000000000000000e+00	0.000000000000000000e+00
1.857857857857858050e+02	0.000000000000000000e+00	0.000000000000000000e+00
1.859859859859859910e+02	0.000000000000000000e+00	0.000000000000000000e+00
1.861861861861862053e+02	0.000000000000000000e+00	0.000000000000000000e+00
1.863863863863863912e+02	0.000000000000000000e+00	0.000000000000000000e+00
1.865865865865866056e+02	0.000000000000000000e+00	0.000000000000000000e+00
1.867867867867867915e+02	0.000000000000000000e+00	0.000000000000000000e+00
1.869869869869870058e+02	0.000000000000000000e+00	0.000000000000000000e+00
1.871871871871871917e+02	0.000000000000000000e+00	0.000000000000000000e+00
1.873873873873874061e+02	0.000000000000000000e+00	0.000000000000000000e+00
1.875875875875875920e+02	0.000000000000000000e+00	0.000000000000000000e+00
1.877877877877878063e+02	0.000000000000000000e+00	0.000000000000000000e+00
1.879879879879879923e+02	0.000000000000000000e+00	0.000000000000000000e+00
1.881881881881882066e+02	0.000000000000000000e+00	0.000000000000000000e+00
1.883883883883883925e+02	0.000000000000000000e+00	0.000000000000000000e+00
1.885885885885886069e+02	0.000000000000000000e+00	0.000000000000000000e+00
1.887887887887887928e+02	0.000000000000000000e+00	0.000000000000000000e+00
1.889889889889890071e+02	0.000000000000000000e+00	0.000000000000000000e+00
1.891891891891891930e+02	0.000000000000000000e+00	0.000000000000000000e+00
1.893893893893894074e+02	0.000000000000000000e+00	0.000000000000000000e+00
1.895895895895895933e+02	0.000000000000000000e+00	0.000000000000000000e+00
1.897897897897898076e+02	0.000000000000000000e+00	0.000000000000000000e+00
1.899899899899899935e+02	0.000000000000000000e+00	0.000000000000000000e+00
1.901901901901902079e+02	0.000000000000000000e+00	0.000000000000000000e+00
1.903903903903903938e+02	0.000000000000000000e+00	0.000000000000000000e+00
1.905905905905906081e+02	0.000000000000000000e+00	0.000000000000000000e+00
1.907907907907907941e+02	0.000000000000000000e+00	0.000000000000000000e+00
1.909909909909910084e+02	0.000000000000000000e+00	0.000000000000000000e+00
1.911911911911911943e+02	0.000000000000000000e+00	0.000000000000000000e+00
1.913913913913914087e+02	0.000000000000000000e+00	0.000000000000000000e+00
1.915915915915915946e+02	0.000000000000000000e+00	0.000000000000000000e+00
1.917917917917918089e+02	0.000000000000000000e+00	0.000000000000000000e+00
1.919919919919919948e+02	0.000000000000000000e+00	0.000000000000000000e+00
1.921921921921922092e+02	0.000000000000000000e+00	0.000000000000000000e+00
1.923923923923923951e+02	0.000000000000000000e+00	0.000000000000000000e+00
1.925925925925926094e+02	0.000000000000000000e+00	0.000000000000000000e+00
1.927927927927927954e+02	0.000000000000000000e+00	0.000000000000000000e+00
1.929929929929930097e+02	0.000000000000000000e+00	0.000000000000000000e+00
1.931931931931931956e+02	0.000000000000000000e+00	0.000000000000000000e+00
1.933933933933934100e+02	0.000000000000000000e+00	0.000000000000000000e+00
1.935935935935935959e+02	0.000000000000000000e+00	0.000000000000000000e+00
1.937937937937938102e+02	0.000000000000000000e+00	0.000000000000000000e+00
1.939939939939939961e+02	0.000000000000000000e+00	0.000000000000000000e+00
1.941941941941942105e+02	0.000000000000000000e+00	0.000000000000000000e+00
1.943943943943943964e+02	0.000000000000000000e+00	0.000000000000000000e+00
1.945945945945946107e+02	0.000000000000000000e+00	0.000000000000000000e+00
1.947947947947947966e+02	0.000000000000000000e+00	0.000000000000000000e+00
1.949949949949950110e+02	0.000000000000000000e+00	0.000000000000000000e+00
1.951951951951951969e+02	0.000000000000000000e+00	0.000000000000000000e+00
1.953953953953954112e+02	0.000000000000000000e+00	0.000000000000000000e+00
1.955955955955955972e+02	0.000000000000000000e+00	0.000000000000000000e+00
1.957957957957958115e+02	0.000000000000000000e+00	0.000000000000000000e+00
1.959959959959959974e+02	0.000000000000000000e+00	0.000000000000000000e+00
1.961961961961962118e+02	0.000000000000000000e+00	0.000000000000000000e+00
1.963963963963963977e+02	0.000000000000000000e+00	0.000000000000000000e+00
1.965965965965966120e+02	0.000000000000000000e+00	0.000000000000000000e+00
1.967967967967967979e+02	0.000000000000000000e+00	0.000000000000000000e+00
1.969969969969970123e+02	0.000000000000000000e+00	0.000000000000000000e+00
1.971971971971971982e+02	0.000000000000000000e+00	0.000000000000000000e+00
1.973973973973974125e+02	0.000000000000000000e+00	0.000000000000000000e+00
1.975975975975975985e+02	0.000000000000000000e+00	0.000000000000000000e+00
1.977977977977978128e+02	0.000000000000000000e+00	0.000000000000000000e+00
1.979979979979979987e+02	0.000000000000000000e+00	0.000000000000000000e+00
1.981981981981982130e+02	0.000000000000000000e+00	0.000000000000000000e+00
1.983983983983983990e+02	0.000000000000000000e+00	0.000000000000000000e+00
1.985985985985986133e+02	0.000000000000000000e+00	0.000000000000000000e+00
1.987987987987987992e+02	0.000000000000000000e+00	0.000000000000000000e+00
1.989989989989990136e+02	0.000000000000000000e+00	0.000000000000000000e+00
1.991991991991991995e+02	0.000000000000000000e+00	0.000000000000000000e+00
1.993993993993994138e+02	0.000000000000000000e+00	0.000000000000000000e+00
1.995995995995995997e+02	0.000000000000000000e+00	0.000000000000000000e+00
1.997997997997998141e+02	0.000000000000000000e+00	0.000000000000000000e+00
2.000000000000000000e+02	0.000000000000000000e+00	0.000000000000000000e+00
