0.000000000000000000e+00	5.832965690057608299e+01	5.972823525646295195e+01
2.002002002002002123e-01	5.832960330766218249e+01	5.972800557060601534e+01
4.004004004004004247e-01	5.832944252893503290e+01	5.972731652878493946e+01
6.006006006006006093e-01	5.832917456435097847e+01	5.972616817824614088e+01
8.008008008008008494e-01	5.832879941396822687e+01	5.972456059772486014e+01
1.001001001001001089e+00	5.832831707775767427e+01	5.972249389743207360e+01
1.201201201201201219e+00	5.832772755573387258e+01	5.971996821903591979e+01
1.401401401401401570e+00	5.832703084791137371e+01	5.971698373563812368e+01
1.601601601601601699e+00	5.832622695424652193e+01	5.971354065174499226e+01
1.801801801801801828e+00	5.832531587479752488e+01	5.970963920323326590e+01
2.002002002002002179e+00	5.832429760954983067e+01	5.970527965731066899e+01
2.202202202202202308e+00	5.832317215850343928e+01	5.970046231247134472e+01
2.402402402402402437e+00	5.832193952167290263e+01	5.969518749844594652e+01
2.602602602602602566e+00	5.832059969907277264e+01	5.968945557614669895e+01
2.802802802802803139e+00	5.831915269068849739e+01	5.968326693760711521e+01
3.003003003003003268e+00	5.831759849656373262e+01	5.967662200591674093e+01
3.203203203203203397e+00	5.831593711665482260e+01	5.966952123515059725e+01
3.403403403403403527e+00	5.831416855103452690e+01	5.966196511029367855e+01
3.603603603603603656e+00	5.831229279967374168e+01	5.965395414716016376e+01
3.803803803803804229e+00	5.831030986260157079e+01	5.964548889230782436e+01
4.004004004004004358e+00	5.830821973981801420e+01	5.963656992294711756e+01
4.204204204204204487e+00	5.830602243135217577e+01	5.962719784684546198e+01
4.404404404404404616e+00	5.830371793718950357e+01	5.961737330222651110e+01
4.604604604604604745e+00	5.830130625738820527e+01	5.960709695766438188e+01
4.804804804804804874e+00	5.829878739191917703e+01	5.959636951197306587e+01
5.005005005005005003e+00	5.829616134081152268e+01	5.958519169409096605e+01
5.205205205205205132e+00	5.829342810410889797e+01	5.957356426296044560e+01
5.405405405405406150e+00	5.829058768178219907e+01	5.956148800740275817e+01
5.605605605605606279e+00	5.828764007388963364e+01	5.954896374598813225e+01
5.805805805805806408e+00	5.828458528044575360e+01	5.953599232690103804e+01
6.006006006006006537e+00	5.828142330143600702e+01	5.952257462780090691e+01
6.206206206206206666e+00	5.827815413690404966e+01	5.950871155567807591e+01
6.406406406406406795e+00	5.827477778686443344e+01	5.949440404670524174e+01
6.606606606606606924e+00	5.827129425134626217e+01	5.947965306608429614e+01
6.806806806806807053e+00	5.826770353037863970e+01	5.946445960788862806e+01
7.007007007007007182e+00	5.826400562396156602e+01	5.944882469490102039e+01
7.207207207207207311e+00	5.826020053212414496e+01	5.943274937844707040e+01
7.407407407407407440e+00	5.825628825489548035e+01	5.941623473822428991e+01
7.607607607607608458e+00	5.825226879230467603e+01	5.939928188212688553e+01
7.807807807807808587e+00	5.824814214438083582e+01	5.938189194606621868e+01
8.008008008008008716e+00	5.824390831112395972e+01	5.936406609378715871e+01
8.208208208208208845e+00	5.823956729259225540e+01	5.934580551668017279e+01
8.408408408408408974e+00	5.823511908878572285e+01	5.932711143358942252e+01
8.608608608608609103e+00	5.823056369973346591e+01	5.930798509061675361e+01
8.808808808808809232e+00	5.822590112550824415e+01	5.928842776092166389e+01
9.009009009009009361e+00	5.822113136606640182e+01	5.926844074451744859e+01
9.209209209209209490e+00	5.821625442149525043e+01	5.924802536806343767e+01
9.409409409409409619e+00	5.821127029180934187e+01	5.922718298465338194e+01
9.609609609609609748e+00	5.820617897703777999e+01	5.920591497360017286e+01
9.809809809809809877e+00	5.820098047720966861e+01	5.918422274021679641e+01
1.001001001001001001e+01	5.819567479235411156e+01	5.916210771559380532e+01
1.021021021021021014e+01	5.819026192250021268e+01	5.913957135637305385e+01
1.041041041041041026e+01	5.818474186772073153e+01	5.911661514451813559e+01
1.061061061061061039e+01	5.817911462800111622e+01	5.909324058708125449e+01
1.081081081081081230e+01	5.817338020339957438e+01	5.906944921596682718e+01
1.101101101101101243e+01	5.816753859395976178e+01	5.904524258769180278e+01
1.121121121121121256e+01	5.816158979968167841e+01	5.902062228314264303e+01
1.141141141141141269e+01	5.815553382063808385e+01	5.899558990732937502e+01
1.161161161161161282e+01	5.814937065687263384e+01	5.897014708913633285e+01
1.181181181181181294e+01	5.814310030839988030e+01	5.894429548107001438e+01
1.201201201201201307e+01	5.813672277524892706e+01	5.891803675900403903e+01
1.221221221221221320e+01	5.813023805750708561e+01	5.889137262192112132e+01
1.241241241241241333e+01	5.812364615515980404e+01	5.886430479165228746e+01
1.261261261261261346e+01	5.811694706827984191e+01	5.883683501261349136e+01
1.281281281281281359e+01	5.811014079689630307e+01	5.880896505153933163e+01
1.301301301301301372e+01	5.810322734108194709e+01	5.878069669721446644e+01
1.321321321321321385e+01	5.809620670085132588e+01	5.875203176020231410e+01
1.341341341341341398e+01	5.808907887624809518e+01	5.872297207257143725e+01
1.361361361361361411e+01	5.808184386731591076e+01	5.869351948761955384e+01
1.381381381381381424e+01	5.807450167409842834e+01	5.866367587959521757e+01
1.401401401401401436e+01	5.806705229665385559e+01	5.863344314341732399e+01
1.421421421421421449e+01	5.805949573504040018e+01	5.860282319439252774e+01
1.441441441441441462e+01	5.805183198928716592e+01	5.857181796793054218e+01
1.461461461461461475e+01	5.804406105942325667e+01	5.854042941925746391e+01
1.481481481481481488e+01	5.803618294555053581e+01	5.850865952312723550e+01
1.501501501501501679e+01	5.802819764765445143e+01	5.847651027353126096e+01
1.521521521521521692e+01	5.802010516582231503e+01	5.844398368340618788e+01
1.541541541541541704e+01	5.801190550011233427e+01	5.841108178434019749e+01
1.561561561561561717e+01	5.800359865055361297e+01	5.837780662627743311e+01
1.581581581581581730e+01	5.799518461720435880e+01	5.834416027722120646e+01
1.601601601601601743e+01	5.798666340012277942e+01	5.831014482293544177e+01
1.621621621621621756e+01	5.797803499935253058e+01	5.827576236664501153e+01
1.641641641641641769e+01	5.796929941495181993e+01	5.824101502873458003e+01
1.661661661661661782e+01	5.796045664699340705e+01	5.820590494644635271e+01
1.681681681681681795e+01	5.795150669549184386e+01	5.817043427357658913e+01
1.701701701701701808e+01	5.794244956056354567e+01	5.813460518017110701e+01
1.721721721721721821e+01	5.793328524219396058e+01	5.809841985221972749e+01
1.741741741741741833e+01	5.792401374049950391e+01	5.806188049134985363e+01
1.761761761761761846e+01	5.791463505549472757e+01	5.802498931451917485e+01
1.781781781781781859e+01	5.790514918725239113e+01	5.798774855370756143e+01
1.801801801801801872e+01	5.789555613585980609e+01	5.795016045560832652e+01
1.821821821821821885e+01	5.788585590133152436e+01	5.791222728131882036e+01
1.841841841841841898e+01	5.787604848376940936e+01	5.787395130603049154e+01
1.861861861861861911e+01	5.786613388320256490e+01	5.783533481871838688e+01
1.881881881881881924e+01	5.785611209971830249e+01	5.779638012183038143e+01
1.901901901901901937e+01	5.784598313334572595e+01	5.775708953097596066e+01
1.921921921921921950e+01	5.783574698420125060e+01	5.771746537461475413e+01
1.941941941941941963e+01	5.782540365229942836e+01	5.767750999374493404e+01
1.961961961961961975e+01	5.781495313771301880e+01	5.763722574159139356e+01
1.981981981981981988e+01	5.780439544052933343e+01	5.759661498329398910e+01
2.002002002002002001e+01	5.779373056079202797e+01	5.755568009559566889e+01
2.022022022022022014e+01	5.778295849860296585e+01	5.751442346653079341e+01
2.042042042042042027e+01	5.777207925397669896e+01	5.747284749511352686e+01
2.062062062062062040e+01	5.776109282701509073e+01	5.743095459102652001e+01
2.082082082082082053e+01	5.774999921777634881e+01	5.738874717430979189e+01
2.102102102102102066e+01	5.773879842636233661e+01	5.734622767505008767e+01
2.122122122122122079e+01	5.772749045278760605e+01	5.730339853307051357e+01
2.142142142142142447e+01	5.771607529715402052e+01	5.726026219762077574e+01
2.162162162162162460e+01	5.770455295953433961e+01	5.721682112706790235e+01
2.182182182182182473e+01	5.769292343998677097e+01	5.717307778858753409e+01
2.202202202202202486e+01	5.768118673859862611e+01	5.712903465785605306e+01
2.222222222222222499e+01	5.766934285542811267e+01	5.708469421874326599e+01
2.242242242242242511e+01	5.765739179056254216e+01	5.704005896300596135e+01
2.262262262262262524e+01	5.764533354407467414e+01	5.699513138998237594e+01
2.282282282282282537e+01	5.763316811603726819e+01	5.694991400628743605e+01
2.302302302302302550e+01	5.762089550652308390e+01	5.690440932550916386e+01
2.322322322322322563e+01	5.760851571561943274e+01	5.685861986790595779e+01
2.342342342342342576e+01	5.759602874336997047e+01	5.681254816010505948e+01
2.362362362362362589e+01	5.758343458990566432e+01	5.676619673480210793e+01
2.382382382382382602e+01	5.757073325525561813e+01	5.671956813046193702e+01
2.402402402402402615e+01	5.755792473955079913e+01	5.667266489102064497e+01
2.422422422422422628e+01	5.754500904282031115e+01	5.662548956558893565e+01
2.442442442442442641e+01	5.753198616518056951e+01	5.657804470815680986e+01
2.462462462462462653e+01	5.751885610668978188e+01	5.653033287729975598e+01
2.482482482482482666e+01	5.750561886744981166e+01	5.648235663588634736e+01
2.502502502502502679e+01	5.749227444751886651e+01	5.643411855078733197e+01
2.522522522522522692e+01	5.747882284701336175e+01	5.638562119258637750e+01
2.542542542542542705e+01	5.746526406599150505e+01	5.633686713529234424e+01
2.562562562562562718e+01	5.745159810452605598e+01	5.628785895605327028e+01
2.582582582582582731e+01	5.743782496273342986e+01	5.623859923487205492e+01
2.602602602602602744e+01	5.742394464068638626e+01	5.618909055432387589e+01
2.622622622622622757e+01	5.740995713848678861e+01	5.613933549927545386e+01
2.642642642642642770e+01	5.739586245620739646e+01	5.608933665660610757e+01
2.662662662662662783e+01	5.738166059392096940e+01	5.603909661493073457e+01
2.682682682682682795e+01	5.736735155174392276e+01	5.598861796432466065e+01
2.702702702702702808e+01	5.735293532973446418e+01	5.593790329605053557e+01
2.722722722722722821e+01	5.733841192802356090e+01	5.588695520228717584e+01
2.742742742742742834e+01	5.732378134668397252e+01	5.583577627586048209e+01
2.762762762762762847e+01	5.730904358578845859e+01	5.578436910997639586e+01
2.782782782782782860e+01	5.729419864546798635e+01	5.573273629795605189e+01
2.802802802802802873e+01	5.727924652576621156e+01	5.568088043297298384e+01
2.822822822822822886e+01	5.726418722681410145e+01	5.562880410779263229e+01
2.842842842842842899e+01	5.724902074868441559e+01	5.557650991451397005e+01
2.862862862862862912e+01	5.723374709149356931e+01	5.552400044431345805e+01
2.882882882882882924e+01	5.721836625531432219e+01	5.547127828719123954e+01
2.902902902902902937e+01	5.720287824026308954e+01	5.541834603171970031e+01
2.922922922922922950e+01	5.718728304641263094e+01	5.536520626479429552e+01
2.942942942942942963e+01	5.717158067387936171e+01	5.531186157138684223e+01
2.962962962962962976e+01	5.715577112277969718e+01	5.525831453430117080e+01
2.982982982982982989e+01	5.713985439314274117e+01	5.520456773393119931e+01
3.003003003003003357e+01	5.712383048514311668e+01	5.515062374802146650e+01
3.023023023023023370e+01	5.710769939886813518e+01	5.509648515143017988e+01
3.043043043043043383e+01	5.709146113439055625e+01	5.504215451589470831e+01
3.063063063063063396e+01	5.707511569181224331e+01	5.498763440979965367e+01
3.083083083083083409e+01	5.705866307124961168e+01	5.493292739794742374e+01
3.103103103103103422e+01	5.704210327281907666e+01	5.487803604133142699e+01
3.123123123123123435e+01	5.702543629659339786e+01	5.482296289691180391e+01
3.143143143143143448e+01	5.700866214268899057e+01	5.476771051739382301e+01
3.163163163163163460e+01	5.699178081122227013e+01	5.471228145100880624e+01
3.183183183183183473e+01	5.697479230229509994e+01	5.465667824129784691e+01
3.203203203203203486e+01	5.695769661600934342e+01	5.460090342689801446e+01
3.223223223223223499e+01	5.694049375246686395e+01	5.454495954133138014e+01
3.243243243243243512e+01	5.692318371176952496e+01	5.448884911279662191e+01
3.263263263263263525e+01	5.690576649403374176e+01	5.443257466396342181e+01
3.283283283283283538e+01	5.688824209937592968e+01	5.437613871176950653e+01
3.303303303303303551e+01	5.687061052788340021e+01	5.431954376722043776e+01
3.323323323323323564e+01	5.685287177971622441e+01	5.426279233519215950e+01
3.343343343343343577e+01	5.683502585491805803e+01	5.420588691423627381e+01
3.363363363363363590e+01	5.681707275366352405e+01	5.414882999638803085e+01
3.383383383383383602e+01	5.679901247601083014e+01	5.409162406697718239e+01
3.403403403403403615e+01	5.678084502210549545e+01	5.403427160444151411e+01
3.423423423423423628e+01	5.676257039204938337e+01	5.397677508014319869e+01
3.443443443443443641e+01	5.674418858595890924e+01	5.391913695818789165e+01
3.463463463463463654e+01	5.672569960395048838e+01	5.386135969524670486e+01
3.483483483483483667e+01	5.670710344615508802e+01	5.380344574038083749e+01
3.503503503503503680e+01	5.668840011264546774e+01	5.374539753486911309e+01
3.523523523523523693e+01	5.666958960358169861e+01	5.368721751203830195e+01
3.543543543543543706e+01	5.665067191906564403e+01	5.362890809709615070e+01
3.563563563563563719e+01	5.663164705921371933e+01	5.357047170696732508e+01
3.583583583583583732e+01	5.661251502415689174e+01	5.351191075013208120e+01
3.603603603603603744e+01	5.659327581396792084e+01	5.345322762646777903e+01
3.623623623623623757e+01	5.657392942885053344e+01	5.339442472709315268e+01
3.643643643643643770e+01	5.655447586884838529e+01	5.333550443421538745e+01
3.663663663663663783e+01	5.653491513412154745e+01	5.327646912098005316e+01
3.683683683683683796e+01	5.651524722477188334e+01	5.321732115132371632e+01
3.703703703703703809e+01	5.649547214094491210e+01	5.315806287982940148e+01
3.723723723723723822e+01	5.647558988274249714e+01	5.309869665158487351e+01
3.743743743743743835e+01	5.645560045032470953e+01	5.303922480204357015e+01
3.763763763763763848e+01	5.643550384376430884e+01	5.297964965688846917e+01
3.783783783783783861e+01	5.641530006322136614e+01	5.291997353189857733e+01
3.803803803803803874e+01	5.639498910882684868e+01	5.286019873281821901e+01
3.823823823823823886e+01	5.637457098069717176e+01	5.280032755522910293e+01
3.843843843843843899e+01	5.635404567894875072e+01	5.274036228442513163e+01
3.863863863863863912e+01	5.633341320371255279e+01	5.268030519528984712e+01
3.883883883883883925e+01	5.631267355513409711e+01	5.262015855217670435e+01
3.903903903903903938e+01	5.629182673332979903e+01	5.255992460879200223e+01
3.923923923923923951e+01	5.627087273841607384e+01	5.249960560808054311e+01
3.943943943943943964e+01	5.624981157056754455e+01	5.243920378211392830e+01
3.963963963963963977e+01	5.622864322987152264e+01	5.237872135198155377e+01
3.983983983983983990e+01	5.620736771648807917e+01	5.231816052768432002e+01
4.004004004004004003e+01	5.618598503054818138e+01	5.225752350803087865e+01
4.024024024024024015e+01	5.616449517218279652e+01	5.219681248053665001e+01
4.044044044044044028e+01	5.614289814149378799e+01	5.213602962132536334e+01
4.064064064064064041e+01	5.612119393865577877e+01	5.207517709503319736e+01
4.084084084084084054e+01	5.609938256379973609e+01	5.201425705471563532e+01
4.104104104104104067e+01	5.607746401705662720e+01	5.195327164175674284e+01
4.124124124124124080e+01	5.605543829854286741e+01	5.189222298578114589e+01
4.144144144144144093e+01	5.603330540843307972e+01	5.183111320456841042e+01
4.164164164164164106e+01	5.601106534681457561e+01	5.176994440397011488e+01
4.184184184184184119e+01	5.598871811389108188e+01	5.170871867782929598e+01
4.204204204204204132e+01	5.596626370974991005e+01	5.164743810790245959e+01
4.224224224224224145e+01	5.594370213456568308e+01	5.158610476378407839e+01
4.244244244244244157e+01	5.592103338845481630e+01	5.152472070283350547e+01
4.264264264264264170e+01	5.589825747156282887e+01	5.146328797010433220e+01
4.284284284284284894e+01	5.587537438404979184e+01	5.140180859827626136e+01
4.304304304304304907e+01	5.585238412604667246e+01	5.134028460758921142e+01
4.324324324324324920e+01	5.582928669769898988e+01	5.127871800577998584e+01
4.344344344344344933e+01	5.580608209913771134e+01	5.121711078802118777e+01
4.364364364364364945e+01	5.578277033053745981e+01	5.115546493686252916e+01
4.384384384384384958e+01	5.575935139201465063e+01	5.109378242217445631e+01
4.404404404404404971e+01	5.573582528371480294e+01	5.103206520109408473e+01
4.424424424424424984e+01	5.571219200582709163e+01	5.097031521797336495e+01
4.444444444444444997e+01	5.568845155845338013e+01	5.090853440432964305e+01
4.464464464464465010e+01	5.566460394173918758e+01	5.084672467879831004e+01
4.484484484484485023e+01	5.564064915587368887e+01	5.078488794708775345e+01
4.504504504504505036e+01	5.561658720098785125e+01	5.072302610193651162e+01
4.524524524524525049e+01	5.559241807721264195e+01	5.066114102307257383e+01
4.544544544544545062e+01	5.556814178473723587e+01	5.059923457717484752e+01
4.564564564564565075e+01	5.554375832367804833e+01	5.053730861783677142e+01
4.584584584584585087e+01	5.551926769419515040e+01	5.047536498553202478e+01
4.604604604604605100e+01	5.549466989644861314e+01	5.041340550758229710e+01
4.624624624624625113e+01	5.546996493059850764e+01	5.035143199812721093e+01
4.644644644644645126e+01	5.544515279679035302e+01	5.028944625809619140e+01
4.664664664664665139e+01	5.542023349518422037e+01	5.022745007518239646e+01
4.684684684684685152e+01	5.539520702591107693e+01	5.016544522381865079e+01
4.704704704704705165e+01	5.537007338917464949e+01	5.010343346515536211e+01
4.724724724724725178e+01	5.534483258509135339e+01	5.004141654704030628e+01
4.744744744744745191e+01	5.531948461383581161e+01	4.997939620400049421e+01
4.764764764764765204e+01	5.529402947556809522e+01	4.991737415722577964e+01
4.784784784784785217e+01	5.526846717044827528e+01	4.985535211455444937e+01
4.804804804804805229e+01	5.524279769863642287e+01	4.979333177046062531e+01
4.824824824824825242e+01	5.521702106026350521e+01	4.973131480604354238e+01
4.844844844844845255e+01	5.519113725553324912e+01	4.966930288901856727e+01
4.864864864864865268e+01	5.516514628456206992e+01	4.960729767371006460e+01
4.884884884884885281e+01	5.513904814756824635e+01	4.954530080104598966e+01
4.904904904904905294e+01	5.511284284468274564e+01	4.948331389855424334e+01
4.924924924924925307e+01	5.508653037603653502e+01	4.942133858036072525e+01
4.944944944944945320e+01	5.506011074187699705e+01	4.935937644718907080e+01
4.964964964964965333e+01	5.503358394229144324e+01	4.929742908636207233e+01
4.984984984984985346e+01	5.500694997749815229e+01	4.923549807180471305e+01
5.005005005005005358e+01	5.498020884761353955e+01	4.917358496404889934e+01
5.025025025025025371e+01	5.495336055285588372e+01	4.911169131023964951e+01
5.045045045045045384e+01	5.492640509335615207e+01	4.904981864414299508e+01
5.065065065065065397e+01	5.489934246930351947e+01	4.898796848615531729e+01
5.085085085085085410e+01	5.487217268084350508e+01	4.892614234331430367e+01
5.105105105105105423e+01	5.484489572819438763e+01	4.886434170931131860e+01
5.125125125125125436e+01	5.481751161147258244e+01	4.880256806450532991e+01
5.145145145145145449e+01	5.479002033086726442e+01	4.874082287593817853e+01
5.165165165165165462e+01	5.476242188656760845e+01	4.867910759735143245e+01
5.185185185185185475e+01	5.473471627871913370e+01	4.861742366920447012e+01
5.205205205205205488e+01	5.470690350752556697e+01	4.855577251869409849e+01
5.225225225225225500e+01	5.467898357313242741e+01	4.849415555977544301e+01
5.245245245245245513e+01	5.465095647571433801e+01	4.843257419318418044e+01
5.265265265265265526e+01	5.462282221547502559e+01	4.837102980646012185e+01
5.285285285285285539e+01	5.459458079256000929e+01	4.830952377397204600e+01
5.305305305305305552e+01	5.456623220714391209e+01	4.824805745694381187e+01
5.325325325325325565e+01	5.453777645944501273e+01	4.818663220348173581e+01
5.345345345345345578e+01	5.450921354959427845e+01	4.812524934860316250e+01
5.365365365365365591e+01	5.448054347780998796e+01	4.806391021426620114e+01
5.385385385385385604e+01	5.445176624425221235e+01	4.800261610940076196e+01
5.405405405405405617e+01	5.442288184908102266e+01	4.794136832994055908e+01
5.425425425425425630e+01	5.439389029251469765e+01	4.788016815885643496e+01
5.445445445445445642e+01	5.436479157469875645e+01	4.781901686619065117e+01
5.465465465465465655e+01	5.433558569583692588e+01	4.775791570909233030e+01
5.485485485485485668e+01	5.430627265610382892e+01	4.769686593185394941e+01
5.505505505505505681e+01	5.427685245568864048e+01	4.763586876594888508e+01
5.525525525525525694e+01	5.424732509478053544e+01	4.757492543006996755e+01
5.545545545545545707e+01	5.421769057353958488e+01	4.751403713016902941e+01
5.565565565565565720e+01	5.418794889216951560e+01	4.745320505949742795e+01
5.585585585585585733e+01	5.415810005085950252e+01	4.739243039864760476e+01
5.605605605605605746e+01	5.412814404978416860e+01	4.733171431559541276e+01
5.625625625625625759e+01	5.409808088913268875e+01	4.727105796574354457e+01
5.645645645645645772e+01	5.406791056910878979e+01	4.721046249196573541e+01
5.665665665665665784e+01	5.403763308987254277e+01	4.714992902465186830e+01
5.685685685685685797e+01	5.400724845165677834e+01	4.708945868175393912e+01
5.705705705705705810e+01	5.397675665460701566e+01	4.702905256883290264e+01
5.725725725725725823e+01	5.394615769891242962e+01	4.696871177910620787e+01
5.745745745745745836e+01	5.391545158480585087e+01	4.690843739349625707e+01
5.765765765765765849e+01	5.388463831244735047e+01	4.684823048067957529e+01
5.785785785785785862e+01	5.385371788204065524e+01	4.678809209713671180e+01
5.805805805805805875e+01	5.382269029377494007e+01	4.672802328720295861e+01
5.825825825825825888e+01	5.379155554785393178e+01	4.666802508311970143e+01
5.845845845845845901e+01	5.376031364445225336e+01	4.660809850508648822e+01
5.865865865865865914e+01	5.372896458377363160e+01	4.654824456131383670e+01
5.885885885885885926e+01	5.369750836603634525e+01	4.648846424807657485e+01
5.905905905905905939e+01	5.366594499138591345e+01	4.642875854976797712e+01
5.925925925925925952e+01	5.363427446006971877e+01	4.636912843895439096e+01
5.945945945945945965e+01	5.360249677227693610e+01	4.630957487643055259e+01
5.965965965965965978e+01	5.357061192818218842e+01	4.625009881127542855e+01
5.985985985985986702e+01	5.353861992800375447e+01	4.619070118090867538e+01
6.006006006006006714e+01	5.350652077191625722e+01	4.613138291114764655e+01
6.026026026026026727e+01	5.347431446016707923e+01	4.607214491626487529e+01
6.046046046046046740e+01	5.344200099291629158e+01	4.601298809904614018e+01
6.066066066066066753e+01	5.340958037038217299e+01	4.595391335084903517e+01
6.086086086086086766e+01	5.337705259276845027e+01	4.589492155166195175e+01
6.106106106106106779e+01	5.334441766026429832e+01	4.583601357016358691e+01
6.126126126126126792e+01	5.331167557310254779e+01	4.577719026378289868e+01
6.146146146146146805e+01	5.327882633145782165e+01	4.571845247875948814e+01
6.166166166166166818e+01	5.324586993554839864e+01	4.565980105020435076e+01
6.186186186186186831e+01	5.321280638557800557e+01	4.560123680216116071e+01
6.206206206206206843e+01	5.317963568175036926e+01	4.554276054766776838e+01
6.226226226226226856e+01	5.314635782428376842e+01	4.548437308881820229e+01
6.246246246246246869e+01	5.311297281338192988e+01	4.542607521682501925e+01
6.266266266266266882e+01	5.307948064924858045e+01	4.536786771208188895e+01
6.286286286286286895e+01	5.304588133208744694e+01	4.530975134422664041e+01
6.306306306306306908e+01	5.301217486211680807e+01	4.525172687220453582e+01
6.326326326326326921e+01	5.297836123956949450e+01	4.519379504433185701e+01
6.346346346346346934e+01	5.294444046459102537e+01	4.513595659835981166e+01
6.366366366366366947e+01	5.291041253747243900e+01	4.507821226153865268e+01
6.386386386386386960e+01	5.287627745838835835e+01	4.502056275068214575e+01
6.406406406406406973e+01	5.284203522752795834e+01	4.496300877223212922e+01
6.426426426426426985e+01	5.280768584513862152e+01	4.490555102232347906e+01
6.446446446446446998e+01	5.277322931145317852e+01	4.484819018684916614e+01
6.466466466466467011e+01	5.273866562661714852e+01	4.479092694152554088e+01
6.486486486486487024e+01	5.270399479093612172e+01	4.473376195195785954e+01
6.506506506506507037e+01	5.266921680455561727e+01	4.467669587370592410e+01
6.526526526526527050e+01	5.263433166772301774e+01	4.461972935234996385e+01
6.546546546546547063e+01	5.259933938064204995e+01	4.456286302355655238e+01
6.566566566566567076e+01	5.256423994354554452e+01	4.450609751314478046e+01
6.586586586586587089e+01	5.252903335665178020e+01	4.444943343715252126e+01
6.606606606606607102e+01	5.249371962016448379e+01	4.439287140190277370e+01
6.626626626626627115e+01	5.245829873433103785e+01	4.433641200407018346e+01
6.646646646646647127e+01	5.242277069934061728e+01	4.428005583074759244e+01
6.666666666666667140e+01	5.238713551545515656e+01	4.422380345951271607e+01
6.686686686686687153e+01	5.235139318286383059e+01	4.416765545849487751e+01
6.706706706706707166e+01	5.231554370181402192e+01	4.411161238644179150e+01
6.726726726726727179e+01	5.227958707249490544e+01	4.405567479278643361e+01
6.746746746746747192e+01	5.224352329516841564e+01	4.399984321771393070e+01
6.766766766766767205e+01	5.220735237003827933e+01	4.394411819222845850e+01
6.786786786786787218e+01	5.217107429733732715e+01	4.388850023822024582e+01
6.806806806806807231e+01	5.213468907729838975e+01	4.383298986853243662e+01
6.826826826826827244e+01	5.209819671015429776e+01	4.377758758702813680e+01
6.846846846846847257e+01	5.206159719609422609e+01	4.372229388865734734e+01
6.866866866866867269e+01	5.202489053538010921e+01	4.366710925952383349e+01
6.886886886886887282e+01	5.198807672823022585e+01	4.361203417695212181e+01
6.906906906906907295e+01	5.195115577489195857e+01	4.355706910955432676e+01
6.926926926926927308e+01	5.191412767558358610e+01	4.350221451729697009e+01
6.946946946946947321e+01	5.187699243053793907e+01	4.344747085156780031e+01
6.966966966966967334e+01	5.183975003995874431e+01	4.339283855524246292e+01
6.986986986986987347e+01	5.180240050413704012e+01	4.333831806275119902e+01
7.007007007007007360e+01	5.176494382326200139e+01	4.328390980014535216e+01
7.027027027027027373e+01	5.172737999756645877e+01	4.322961418516392484e+01
7.047047047047047386e+01	5.168970902729779482e+01	4.317543162729992900e+01
7.067067067067067399e+01	5.165193091271794401e+01	4.312136252786666546e+01
7.087087087087087411e+01	5.161404565401608124e+01	4.306740728006397489e+01
7.107107107107107424e+01	5.157605325145414099e+01	4.301356626904421887e+01
7.127127127127127437e+01	5.153795370526495390e+01	4.295983987197830345e+01
7.147147147147147450e+01	5.149974701569590252e+01	4.290622845812146835e+01
7.167167167167167463e+01	5.146143318296526559e+01	4.285273238887894109e+01
7.187187187187187476e+01	5.142301220732042566e+01	4.279935201787152721e+01
7.207207207207207489e+01	5.138448408900876530e+01	4.274608769100097305e+01
7.227227227227227502e+01	5.134584882827766705e+01	4.269293974651517942e+01
7.247247247247247515e+01	5.130710642534540966e+01	4.263990851507332991e+01
7.267267267267267528e+01	5.126825688047392759e+01	4.258699431981074213e+01
7.287287287287287540e+01	5.122930019389605150e+01	4.253419747640359105e+01
7.307307307307307553e+01	5.119023636585916393e+01	4.248151829313354000e+01
7.327327327327327566e+01	5.115106539658154361e+01	4.242895707095198077e+01
7.347347347347347579e+01	5.111178728636878077e+01	4.237651410354433068e+01
7.367367367367367592e+01	5.107240203541005030e+01	4.232418967739388904e+01
7.387387387387387605e+01	5.103290964398183860e+01	4.227198407184572204e+01
7.407407407407407618e+01	5.099331011230242439e+01	4.221989755917014264e+01
7.427427427427427631e+01	5.095360344064829405e+01	4.216793040462611231e+01
7.447447447447447644e+01	5.091378962926683016e+01	4.211608286652435140e+01
7.467467467467467657e+01	5.087386867837631144e+01	4.206435519629028619e+01
7.487487487487487670e+01	5.083384058825322427e+01	4.201274763852669736e+01
7.507507507507507682e+01	5.079370535914495122e+01	4.196126043107621939e+01
7.527527527527527695e+01	5.075346299129887484e+01	4.190989380508351303e+01
7.547547547547547708e+01	5.071311348493327387e+01	4.185864798505730278e+01
7.567567567567567721e+01	5.067265684038284235e+01	4.180752318893208042e+01
7.587587587587587734e+01	5.063209305780765135e+01	4.175651962812959539e+01
7.607607607607607747e+01	5.059142213751329109e+01	4.170563750762011779e+01
7.627627627627627760e+01	5.055064407976169605e+01	4.165487702598341002e+01
7.647647647647647773e+01	5.050975888477114495e+01	4.160423837546942849e+01
7.667667667667667786e+01	5.046876655283267610e+01	4.155372174205884050e+01
7.687687687687687799e+01	5.042766708416456822e+01	4.150332730552315752e+01
7.707707707707707812e+01	5.038646047905785963e+01	4.145305523948471205e+01
7.727727727727727824e+01	5.034514673774538096e+01	4.140290571147626508e+01
7.747747747747747837e+01	5.030372586050361861e+01	4.135287888300043591e+01
7.767767767767767850e+01	5.026219784756540321e+01	4.130297490958876239e+01
7.787787787787787863e+01	5.022056269923632499e+01	4.125319394086051972e+01
7.807807807807807876e+01	5.017882041573466267e+01	4.120353612058127624e+01
7.827827827827827889e+01	5.013697099735145457e+01	4.115400158672112241e+01
7.847847847847847902e+01	5.009501444430497941e+01	4.110459047151261558e+01
7.867867867867867915e+01	5.005295075690082740e+01	4.105530290150847605e+01
7.887887887887887928e+01	5.001077993538638111e+01	4.100613899763890657e+01
7.907907907907907941e+01	4.996850198000902310e+01	4.095709887526870574e+01
7.927927927927927954e+01	4.992611689107434358e+01	4.090818264425401907e+01
7.947947947947947966e+01	4.988362466878606938e+01	4.085939040899880581e+01
7.967967967967967979e+01	4.984102531346434262e+01	4.081072226851100737e+01
7.987987987987987992e+01	4.979831882535654586e+01	4.076217831645841727e+01
8.008008008008008005e+01	4.975550520471006166e+01	4.071375864122421717e+01
8.028028028028028018e+01	4.971258445184503216e+01	4.066546332596221447e+01
8.048048048048048031e+01	4.966955656697973609e+01	4.061729244865180988e+01
8.068068068068068044e+01	4.962642155037610792e+01	4.056924608215256001e+01
8.088088088088088057e+01	4.958317940235428978e+01	4.052132429425853388e+01
8.108108108108108070e+01	4.953983012314711232e+01	4.047352714775227867e+01
8.128128128128128083e+01	4.949637371304561384e+01	4.042585470045847984e+01
8.148148148148148096e+01	4.945281017229717690e+01	4.037830700529733008e+01
8.168168168168168108e+01	4.940913950117828790e+01	4.033088411033757126e+01
8.188188188188188121e+01	4.936536169996543322e+01	4.028358605884916699e+01
8.208208208208208134e+01	4.932147676894965116e+01	4.023641288935574778e+01
8.228228228228228147e+01	4.927748470840742812e+01	4.018936463568662276e+01
8.248248248248248160e+01	4.923338551858614665e+01	4.014244132702856405e+01
8.268268268268268173e+01	4.918917919976229314e+01	4.009564298797722159e+01
8.288288288288288186e+01	4.914486575224145781e+01	4.004896963858817571e+01
8.308308308308308199e+01	4.910044517625647131e+01	4.000242129442774797e+01
8.328328328328328212e+01	4.905591747214202769e+01	3.995599796662342840e+01
8.348348348348348225e+01	4.901128264011640567e+01	3.990969966191398299e+01
8.368368368368368237e+01	4.896654068051429931e+01	3.986352638269922011e+01
8.388388388388388250e+01	4.892169159358309116e+01	3.981747812708948686e+01
8.408408408408408263e+01	4.887673537959926762e+01	3.977155488895474633e+01
8.428428428428428276e+01	4.883167203885386698e+01	3.972575665797340605e+01
8.448448448448448289e+01	4.878650157162337564e+01	3.968008341968077701e+01
8.468468468468468302e+01	4.874122397819883190e+01	3.963453515551719875e+01
8.488488488488488315e+01	4.869583925885672215e+01	3.958911184287585172e+01
8.508508508508508328e+01	4.865034741388808470e+01	3.954381345515024293e+01
8.528528528528528341e+01	4.860474844355485402e+01	3.949863996178133618e+01
8.548548548548549775e+01	4.855904234816262033e+01	3.945359132830434845e+01
8.568568568568569788e+01	4.851322912800242193e+01	3.940866751639528331e+01
8.588588588588589801e+01	4.846730878333619330e+01	3.936386848391705229e+01
8.608608608608609813e+01	4.842128131446952466e+01	3.931919418496526930e+01
8.628628628628629826e+01	4.837514672169345431e+01	3.927464456991381780e+01
8.648648648648649839e+01	4.832890500526991673e+01	3.923021958545992049e+01
8.668668668668669852e+01	4.828255616553360596e+01	3.918591917466904562e+01
8.688688688688689865e+01	4.823610020273190457e+01	3.914174327701938694e+01
8.708708708708709878e+01	4.818953711717040278e+01	3.909769182844601687e+01
8.728728728728729891e+01	4.814286690912558697e+01	3.905376476138474828e+01
8.748748748748749904e+01	4.809608957891759928e+01	3.900996200481566234e+01
8.768768768768769917e+01	4.804920512680837419e+01	3.896628348430627398e+01
8.788788788788789930e+01	4.800221355313260574e+01	3.892272912205440605e+01
8.808808808808809943e+01	4.795511485812312458e+01	3.887929883693072952e+01
8.828828828828829955e+01	4.790790904212917667e+01	3.883599254452094840e+01
8.848848848848849968e+01	4.786059610542724840e+01	3.879281015716770753e+01
8.868868868868869981e+01	4.781317604829382617e+01	3.874975158401213804e+01
8.888888888888889994e+01	4.776564887104905210e+01	3.870681673103509723e+01
8.908908908908910007e+01	4.771801457399851643e+01	3.866400550109806744e+01
8.928928928928930020e+01	4.767027315741870552e+01	3.862131779398374931e+01
8.948948948948950033e+01	4.762242462158610579e+01	3.857875350643634249e+01
8.968968968968970046e+01	4.757446896684996318e+01	3.853631253220146391e+01
8.988988988988990059e+01	4.752640619348676410e+01	3.849399476206578186e+01
9.009009009009010072e+01	4.747823630177299492e+01	3.845180008389632320e+01
9.029029029029030085e+01	4.742995929205790162e+01	3.840972838267946798e+01
9.049049049049050097e+01	4.738157516460341867e+01	3.836777954055959583e+01
9.069069069069070110e+01	4.733308391972968820e+01	3.832595343687746947e+01
9.089089089089090123e+01	4.728448555775685236e+01	3.828424994820823457e+01
9.109109109109110136e+01	4.723578007894684561e+01	3.824266894839917086e+01
9.129129129129130149e+01	4.718696748363436200e+01	3.820121030860708800e+01
9.149149149149150162e+01	4.713804777211043984e+01	3.815987389733543722e+01
9.169169169169170175e+01	4.708902094468066934e+01	3.811865958047107483e+01
9.189189189189190188e+01	4.703988700165064074e+01	3.807756722132074856e+01
9.209209209209210201e+01	4.699064594335504808e+01	3.803659668064727128e+01
9.229229229229230214e+01	4.694129777007037774e+01	3.799574781670536794e+01
9.249249249249250227e+01	4.689184248210221995e+01	3.795502048527724526e+01
9.269269269269270239e+01	4.684228007977071684e+01	3.791441453970779918e+01
9.289289289289290252e+01	4.679261056339601055e+01	3.787392983093961618e+01
9.309309309309310265e+01	4.674283393326913938e+01	3.783356620754756960e+01
9.329329329329330278e+01	4.669295018971024547e+01	3.779332351577318150e+01
9.349349349349350291e+01	4.664295933303947095e+01	3.775320159955863630e+01
9.369369369369370304e+01	4.659286136356240604e+01	3.771320030058055295e+01
9.389389389389390317e+01	4.654265628158464096e+01	3.767331945828340167e+01
9.409409409409410330e+01	4.649234408741176594e+01	3.763355890991266506e+01
9.429429429429430343e+01	4.644192478139302693e+01	3.759391849054767931e+01
9.449449449449450356e+01	4.639139836380491033e+01	3.755439803313420555e+01
9.469469469469470368e+01	4.634076483499666210e+01	3.751499736851668132e+01
9.489489489489490381e+01	4.629002419525932055e+01	3.747571632547020215e+01
9.509509509509510394e+01	4.623917644491302781e+01	3.743655473073219753e+01
9.529529529529530407e+01	4.618822158427792601e+01	3.739751240903385110e+01
9.549549549549550420e+01	4.613715961367415730e+01	3.735858918313120114e+01
9.569569569569570433e+01	4.608599053343641572e+01	3.731978487383595677e+01
9.589589589589590446e+01	4.603471434387029149e+01	3.728109930004605133e+01
9.609609609609610459e+01	4.598333104529592674e+01	3.724253227877592565e+01
9.629629629629630472e+01	4.593184063800435979e+01	3.720408362518646328e+01
9.649649649649650485e+01	4.588024312238849234e+01	3.716575315261472667e+01
9.669669669669670498e+01	4.582853849869570695e+01	3.712754067260338076e+01
9.689689689689690510e+01	4.577672676730435342e+01	3.708944599492982519e+01
9.709709709709710523e+01	4.572480792849091813e+01	3.705146892763508504e+01
9.729729729729730536e+01	4.567278198261919897e+01	3.701360927705241011e+01
9.749749749749750549e+01	4.562064893000933807e+01	3.697586684783559718e+01
9.769769769769770562e+01	4.556840877096692566e+01	3.693824144298706358e+01
9.789789789789790575e+01	4.551606150581210386e+01	3.690073286388563645e+01
9.809809809809810588e+01	4.546360713492322247e+01	3.686334091031407212e+01
9.829829829829830601e+01	4.541104565856221598e+01	3.682606538048632672e+01
9.849849849849850614e+01	4.535837707710743416e+01	3.678890607107454969e+01
9.869869869869870627e+01	4.530560139084991533e+01	3.675186277723584283e+01
9.889889889889890640e+01	4.525271860015345737e+01	3.671493529263868538e+01
9.909909909909910652e+01	4.519972870533820242e+01	3.667812340948920280e+01
9.929929929929930665e+01	4.514663170670974068e+01	3.664142691855711575e+01
9.949949949949950678e+01	4.509342760463187005e+01	3.660484560920141917e+01
9.969969969969970691e+01	4.504011639942473266e+01	3.656837926939587646e+01
9.989989989989990704e+01	4.498669809143757448e+01	3.653202768575418702e+01
1.001001001001001072e+02	4.493317268097598571e+01	3.649579064355494040e+01
1.003003003003003073e+02	4.487954016837466042e+01	3.645966792676632195e+01
1.005005005005005074e+02	4.482580055398284458e+01	3.642365931807059098e+01
1.007007007007007076e+02	4.477195383814978413e+01	3.638776459888823211e+01
1.009009009009009077e+02	4.471800002118106931e+01	3.635198354940197873e+01
1.011011011011011078e+02	4.466393910344049800e+01	3.631631594858047407e+01
1.013013013013013079e+02	4.460977108523366041e+01	3.628076157420181858e+01
1.015015015015015081e+02	4.455549596693890635e+01	3.624532020287676204e+01
1.017017017017017082e+02	4.450111374886182602e+01	3.620999161007171097e+01
1.019019019019019083e+02	4.444662443136621732e+01	3.617477557013152278e+01
1.021021021021021085e+02	4.439202801478677429e+01	3.613967185630202295e+01
1.023023023023023086e+02	4.433732449944363907e+01	3.610468024075229465e+01
1.025025025025025087e+02	4.428251388570060953e+01	3.606980049459677673e+01
1.027027027027027088e+02	4.422759617390693165e+01	3.603503238791707020e+01
1.029029029029029090e+02	4.417257136438274756e+01	3.600037568978360270e+01
1.031031031031031091e+02	4.411743945747730322e+01	3.596583016827694479e+01
1.033033033033033092e+02	4.406220045353984460e+01	3.593139559050903387e+01
1.035035035035035094e+02	4.400685435291961767e+01	3.589707172264408541e+01
1.037037037037037095e+02	4.395140115596586838e+01	3.586285832991930533e+01
1.039039039039039096e+02	4.389584086301329080e+01	3.582875517666542464e+01
1.041041041041041098e+02	4.384017347439657897e+01	3.579476202632692150e+01
1.043043043043043099e+02	4.378439899047953077e+01	3.576087864148213669e+01
1.045045045045045100e+02	4.372851741164049599e+01	3.572710478386311195e+01
1.047047047047047101e+02	4.367252873817051295e+01	3.569344021437520098e+01
1.049049049049049103e+02	4.361643297046248335e+01	3.565988469311652409e+01
1.051051051051051104e+02	4.356023010885110125e+01	3.562643797939717416e+01
1.053053053053053105e+02	4.350392015367106069e+01	3.559309983175819525e+01
1.055055055055055107e+02	4.344750310530071147e+01	3.555987000799044040e+01
1.057057057057057108e+02	4.339097896407474764e+01	3.552674826515310258e+01
1.059059059059059109e+02	4.333434773037151899e+01	3.549373435959214618e+01
1.061061061061061110e+02	4.327760940451116767e+01	3.546082804695849688e+01
1.063063063063063112e+02	4.322076398688659538e+01	3.542802908222599001e+01
1.065065065065065113e+02	4.316381147780339234e+01	3.539533721970921221e+01
1.067067067067067114e+02	4.310675187766901217e+01	3.536275221308104477e+01
1.069069069069069116e+02	4.304958518680359703e+01	3.533027381539010037e+01
1.071071071071071117e+02	4.299231140557094477e+01	3.529790177907790394e+01
1.073073073073073118e+02	4.293493053433485329e+01	3.526563585599588890e+01
1.075075075075075119e+02	4.287744257345912047e+01	3.523347579742224411e+01
1.077077077077077121e+02	4.281984752329299226e+01	3.520142135407854767e+01
1.079079079079079122e+02	4.276214538420026656e+01	3.516947227614614491e+01
1.081081081081081123e+02	4.270433615654474124e+01	3.513762831328249092e+01
1.083083083083083125e+02	4.264641984067566227e+01	3.510588921463714485e+01
1.085085085085085126e+02	4.258839643697137944e+01	3.507425472886770024e+01
1.087087087087087127e+02	4.253026594578113873e+01	3.504272460415547386e+01
1.089089089089089128e+02	4.247202836748328991e+01	3.501129858822102392e+01
1.091091091091091130e+02	4.241368370241252705e+01	3.497997642833949783e+01
1.093093093093093131e+02	4.235523195096175186e+01	3.494875787135580225e+01
1.095095095095095132e+02	4.229667311349476222e+01	3.491764266369960268e+01
1.097097097097097134e+02	4.223800719036080409e+01	3.488663055140010982e+01
1.099099099099099135e+02	4.217923418192367535e+01	3.485572128010075232e+01
1.101101101101101136e+02	4.212035408856172580e+01	3.482491459507362919e+01
1.103103103103103138e+02	4.206136691065330524e+01	3.479421024123382722e+01
1.105105105105105139e+02	4.200227264854765963e+01	3.476360796315354662e+01
1.107107107107107140e+02	4.194307130262313876e+01	3.473310750507606315e+01
1.109109109109109141e+02	4.188376287325809244e+01	3.470270861092951975e+01
1.111111111111111143e+02	4.182434736080176663e+01	3.467241102434059030e+01
1.113113113113113144e+02	4.176482476563251112e+01	3.464221448864791597e+01
1.115115115115115145e+02	4.170519508812867571e+01	3.461211874691545631e+01
1.117117117117117147e+02	4.164545832866861019e+01	3.458212354194559879e+01
1.119119119119119148e+02	4.158561448761611246e+01	3.455222861629218301e+01
1.121121121121121149e+02	4.152566356533498038e+01	3.452243371227331892e+01
1.123123123123123150e+02	4.146560556221811567e+01	3.449273857198406290e+01
1.125125125125125152e+02	4.140544047862931620e+01	3.446314293730896594e+01
1.127127127127127153e+02	4.134516831494693179e+01	3.443364654993441576e+01
1.129129129129129154e+02	4.128478907156386413e+01	3.440424915136087947e+01
1.131131131131131156e+02	4.122430274882935919e+01	3.437495048291494726e+01
1.133133133133133157e+02	4.116370934712176677e+01	3.434575028576129085e+01
1.135135135135135158e+02	4.110300886684854049e+01	3.431664830091438745e+01
1.137137137137137159e+02	4.104220130835892633e+01	3.428764426925019393e+01
1.139139139139139161e+02	4.098128667206037790e+01	3.425873793151757951e+01
1.141141141141141162e+02	4.092026495830214117e+01	3.422992902834972284e+01
1.143143143143143163e+02	4.085913616749166977e+01	3.420121730027523910e+01
1.145145145145145165e+02	4.079790029999276157e+01	3.417260248772929287e+01
1.147147147147147166e+02	4.073655735621287022e+01	3.414408433106445528e+01
1.149149149149149167e+02	4.067510733650124166e+01	3.411566257056154683e+01
1.151151151151151169e+02	4.061355024127988145e+01	3.408733694644021028e+01
1.153153153153153170e+02	4.055188607088348363e+01	3.405910719886945515e+01
1.155155155155155171e+02	4.049011482576315757e+01	3.403097306797798893e+01
1.157157157157157172e+02	4.042823650622449350e+01	3.400293429386450583e+01
1.159159159159159174e+02	4.036625111271860078e+01	3.397499061660772668e+01
1.161161161161161175e+02	4.030415864560927730e+01	3.394714177627640339e+01
1.163163163163163176e+02	4.024195910528942477e+01	3.391938751293915288e+01
1.165165165165165178e+02	4.017965249213739298e+01	3.389172756667419151e+01
1.167167167167167179e+02	4.011723880656063557e+01	3.386416167757884921e+01
1.169169169169169180e+02	4.005471804892295040e+01	3.383668958577913344e+01
1.171171171171171181e+02	3.999209021963179111e+01	3.380931103143895911e+01
1.173173173173173183e+02	3.992935531906550750e+01	3.378202575476943537e+01
1.175175175175175184e+02	3.986651334764610510e+01	3.375483349603791794e+01
1.177177177177177185e+02	3.980356430573738180e+01	3.372773399557696195e+01
1.179179179179179187e+02	3.974050819373223931e+01	3.370072699379321790e+01
1.181181181181181188e+02	3.967734501203813124e+01	3.367381223117610034e+01
1.183183183183183189e+02	3.961407476104795933e+01	3.364698944830644933e+01
1.185185185185185190e+02	3.955069744116917718e+01	3.362025838586497173e+01
1.187187187187187192e+02	3.948721305278013460e+01	3.359361878464065398e+01
1.189189189189189193e+02	3.942362159624462947e+01	3.356707038553901867e+01
1.191191191191191194e+02	3.935992307201377116e+01	3.354061292959027440e+01
1.193193193193193196e+02	3.929611748048046138e+01	3.351424615795732365e+01
1.195195195195195197e+02	3.923220482202304993e+01	3.348796981194374212e+01
1.197197197197197340e+02	3.916818509704899043e+01	3.346178363300153080e+01
1.199199199199199342e+02	3.910405830595118459e+01	3.343568736273886799e+01
1.201201201201201343e+02	3.903982444912253413e+01	3.340968074292771206e+01
1.203203203203203344e+02	3.897548352698504459e+01	3.338376351551124799e+01
1.205205205205205345e+02	3.891103553993161768e+01	3.335793542261131961e+01
1.207207207207207347e+02	3.884648048836970702e+01	3.333219620653568427e+01
1.209209209209209348e+02	3.878181837267766241e+01	3.330654560978519640e+01
1.211211211211211349e+02	3.871704919330659322e+01	3.328098337506089166e+01
1.213213213213213351e+02	3.865217295062029734e+01	3.325550924527095020e+01
1.215215215215215352e+02	3.858718964504078031e+01	3.323012296353756767e+01
1.217217217217217353e+02	3.852209927697549574e+01	3.320482427320374086e+01
1.219219219219219354e+02	3.845690184683189727e+01	3.317961291783993261e+01
1.221221221221221356e+02	3.839159735498833470e+01	3.315448864125065143e+01
1.223223223223223357e+02	3.832618580189591739e+01	3.312945118748092455e+01
1.225225225225225358e+02	3.826066718794754706e+01	3.310450030082270700e+01
1.227227227227227360e+02	3.819504151353612542e+01	3.307963572582113443e+01
1.229229229229229361e+02	3.812930877906910609e+01	3.305485720728077581e+01
1.231231231231231362e+02	3.806346898499759845e+01	3.303016449027166601e+01
1.233233233233233364e+02	3.799752213168540038e+01	3.300555732013537380e+01
1.235235235235235365e+02	3.793146821956906933e+01	3.298103544249092067e+01
1.237237237237237366e+02	3.786530724905605894e+01	3.295659860324056467e+01
1.239239239239239367e+02	3.779903922058292665e+01	3.293224654857560552e+01
1.241241241241241369e+02	3.773266413451347034e+01	3.290797902498200500e+01
1.243243243243243370e+02	3.766618199131335132e+01	3.288379577924596475e+01
1.245245245245245371e+02	3.759959279136091936e+01	3.285969655845939741e+01
1.247247247247247373e+02	3.753289653509273194e+01	3.283568111002533385e+01
1.249249249249249374e+02	3.746609322293079458e+01	3.281174918166324517e+01
1.251251251251251375e+02	3.739918285523890518e+01	3.278790052141425093e+01
1.253253253253253376e+02	3.733216543251182884e+01	3.276413487764627774e+01
1.255255255255255378e+02	3.726504095512791537e+01	3.274045199905913250e+01
1.257257257257257379e+02	3.719780942349461839e+01	3.271685163468946200e+01
1.259259259259259380e+02	3.713047083806304727e+01	3.269333353391568409e+01
1.261261261261261382e+02	3.706302519922610372e+01	3.266989744646279092e+01
1.263263263263263383e+02	3.699547250743489712e+01	3.264654312240710965e+01
1.265265265265265384e+02	3.692781276308232918e+01	3.262327031218096351e+01
1.267267267267267385e+02	3.686004596660495736e+01	3.260007876657729042e+01
1.269269269269269387e+02	3.679217211843933910e+01	3.257696823675410513e+01
1.271271271271271388e+02	3.672419121897837613e+01	3.255393847423900411e+01
1.273273273273273389e+02	3.665610326864407398e+01	3.253098923093348560e+01
1.275275275275275391e+02	3.658790826790209394e+01	3.250812025911726977e+01
1.277277277277277392e+02	3.651960621714533772e+01	3.248533131145251218e+01
1.279279279279279393e+02	3.645119711681036279e+01	3.246262214098796761e+01
1.281281281281281395e+02	3.638268096733372658e+01	3.243999250116303301e+01
1.283283283283283254e+02	3.631405776913743466e+01	3.241744214581181893e+01
1.285285285285285397e+02	3.624532752264349256e+01	3.239497082916700776e+01
1.287287287287287256e+02	3.617649022828845773e+01	3.237257830586379725e+01
1.289289289289289400e+02	3.610754588647978380e+01	3.235026433094367349e+01
1.291291291291291259e+02	3.603849449769768398e+01	3.232802865985814122e+01
1.293293293293293402e+02	3.596933606230595615e+01	3.230587104847239743e+01
1.295295295295295261e+02	3.590007058078481350e+01	3.228379125306894792e+01
1.297297297297297405e+02	3.583069805357081350e+01	3.226178903035113876e+01
1.299299299299299264e+02	3.576121848107140977e+01	3.223986413744661661e+01
1.301301301301301407e+02	3.569163186372315977e+01	3.221801633191075354e+01
1.303303303303303267e+02	3.562193820197717287e+01	3.219624537173000078e+01
1.305305305305305410e+02	3.555213749624090269e+01	3.217455101532517858e+01
1.307307307307307269e+02	3.548222974699456245e+01	3.215293302155465938e+01
1.309309309309309413e+02	3.541221495464560576e+01	3.213139114971757948e+01
1.311311311311311272e+02	3.534209311963059008e+01	3.210992515955693705e+01
1.313313313313313415e+02	3.527186424238607287e+01	3.208853481126259766e+01
1.315315315315315274e+02	3.520152832336316351e+01	3.206721986547434255e+01
1.317317317317317418e+02	3.513108536296931561e+01	3.204598008328473213e+01
1.319319319319319277e+02	3.506053536168474238e+01	3.202481522624201915e+01
1.321321321321321420e+02	3.498987831994600128e+01	3.200372505635294118e+01
1.323323323323323280e+02	3.491911423817509785e+01	3.198270933608549527e+01
1.325325325325325423e+02	3.484824311682314146e+01	3.196176782837162733e+01
1.327327327327327282e+02	3.477726495632668957e+01	3.194090029660988250e+01
1.329329329329329425e+02	3.470617975715140346e+01	3.192010650466799504e+01
1.331331331331331285e+02	3.463498751969018485e+01	3.189938621688543918e+01
1.333333333333333428e+02	3.456368824445235077e+01	3.187873919807589473e+01
1.335335335335335287e+02	3.449228193183080293e+01	3.185816521352971620e+01
1.337337337337337431e+02	3.442076858229120262e+01	3.183766402901627401e+01
1.339339339339339290e+02	3.434914819629921112e+01	3.181723541078631712e+01
1.341341341341341433e+02	3.427742077426228207e+01	3.179687912557423246e+01
1.343343343343343292e+02	3.420558631666062865e+01	3.177659494060030099e+01
1.345345345345345436e+02	3.413364482393080834e+01	3.175638262357285058e+01
1.347347347347347295e+02	3.406159629650937859e+01	3.173624194269041254e+01
1.349349349349349438e+02	3.398944073489110451e+01	3.171617266664379287e+01
1.351351351351351298e+02	3.391717813948343974e+01	3.169617456461811855e+01
1.353353353353353441e+02	3.384480851072294172e+01	3.167624740629480584e+01
1.355355355355355300e+02	3.377233184911892749e+01	3.165639096185353907e+01
1.357357357357357444e+02	3.369974815509340260e+01	3.163660500197414294e+01
1.359359359359359303e+02	3.362705742909747642e+01	3.161688929783844060e+01
1.361361361361361446e+02	3.355425967156770639e+01	3.159724362113205132e+01
1.363363363363363305e+02	3.348135488298430573e+01	3.157766774404618104e+01
1.365365365365365449e+02	3.340834306381293572e+01	3.155816143927931350e+01
1.367367367367367592e+02	3.333522421449015383e+01	3.153872448003889417e+01
1.369369369369369451e+02	3.326199833546706941e+01	3.151935664004297522e+01
1.371371371371371595e+02	3.318866542720934376e+01	3.150005769352178220e+01
1.373373373373373454e+02	3.311522549018263817e+01	3.148082741521928796e+01
1.375375375375375597e+02	3.304167852482351009e+01	3.146166558039470118e+01
1.377377377377377456e+02	3.296802453161217272e+01	3.144257196482395500e+01
1.379379379379379600e+02	3.289426351101428736e+01	3.142354634480110320e+01
1.381381381381381459e+02	3.282039546348096337e+01	3.140458849713974132e+01
1.383383383383383602e+02	3.274642038944875821e+01	3.138569819917432469e+01
1.385385385385385462e+02	3.267233828941243701e+01	3.136687522876150069e+01
1.387387387387387605e+02	3.259814916380855720e+01	3.134811936428135937e+01
1.389389389389389464e+02	3.252385301313188393e+01	3.132943038463868035e+01
1.391391391391391608e+02	3.244944983783352654e+01	3.131080806926412663e+01
1.393393393393393467e+02	3.237493963836459443e+01	3.129225219811540271e+01
1.395395395395395610e+02	3.230032241521985270e+01	3.127376255167835950e+01
1.397397397397397469e+02	3.222559816882130690e+01	3.125533891096812056e+01
1.399399399399399613e+02	3.215076689966372214e+01	3.123698105753007326e+01
1.401401401401401472e+02	3.207582860822731163e+01	3.121868877344095949e+01
1.403403403403403615e+02	3.200078329494863283e+01	3.120046184130977451e+01
1.405405405405405475e+02	3.192563096029334702e+01	3.118230004427879010e+01
1.407407407407407618e+02	3.185037160478532314e+01	3.116420316602440010e+01
1.409409409409409477e+02	3.177500522884656675e+01	3.114617099075805484e+01
1.411411411411411621e+02	3.169953183294273913e+01	3.112820330322706752e+01
1.413413413413413480e+02	3.162395141758315731e+01	3.111029988871545982e+01
1.415415415415415623e+02	3.154826398318982683e+01	3.109246053304471502e+01
1.417417417417417482e+02	3.147246953028661665e+01	3.107468502257454190e+01
1.419419419419419626e+02	3.139656805932463612e+01	3.105697314420359945e+01
1.421421421421421485e+02	3.132055957076954655e+01	3.103932468537017542e+01
1.423423423423423628e+02	3.124444406508700922e+01	3.102173943405283651e+01
1.425425425425425487e+02	3.116822154278634116e+01	3.100421717877108208e+01
1.427427427427427631e+02	3.109189200433320366e+01	3.098675770858590539e+01
1.429429429429429490e+02	3.101545545017870609e+01	3.096936081310039413e+01
1.431431431431431633e+02	3.093891188083216548e+01	3.095202628246025256e+01
1.433433433433433493e+02	3.086226129673013929e+01	3.093475390735430963e+01
1.435435435435435636e+02	3.078550369841104839e+01	3.091754347901500921e+01
1.437437437437437495e+02	3.070863908631145023e+01	3.090039478921886484e+01
1.439439439439439639e+02	3.063166746091155801e+01	3.088330763028688608e+01
1.441441441441441498e+02	3.055458882272068877e+01	3.086628179508496572e+01
1.443443443443443641e+02	3.047740317217539996e+01	3.084931707702427062e+01
1.445445445445445500e+02	3.040011050979956053e+01	3.083241327006158272e+01
1.447447447447447644e+02	3.032271083605883177e+01	3.081557016869961174e+01
1.449449449449449503e+02	3.024520415143342689e+01	3.079878756798729711e+01
1.451451451451451646e+02	3.016759045641811099e+01	3.078206526352007799e+01
1.453453453453453506e+02	3.008986975147854537e+01	3.076540305144013487e+01
1.455455455455455649e+02	3.001204203712404706e+01	3.074880072843660983e+01
1.457457457457457508e+02	2.993410731382027734e+01	3.073225809174580547e+01
1.459459459459459651e+02	2.985606558207655326e+01	3.071577493915134482e+01
1.461461461461461511e+02	2.977791684234398417e+01	3.069935106898433830e+01
1.463463463463463654e+02	2.969966109514643904e+01	3.068298628012348672e+01
1.465465465465465513e+02	2.962129834094957914e+01	3.066668037199519858e+01
1.467467467467467657e+02	2.954282858026272152e+01	3.065043314457365398e+01
1.469469469469469516e+02	2.946425181356607936e+01	3.063424439838088631e+01
1.471471471471471659e+02	2.938556804133986589e+01	3.061811393448677521e+01
1.473473473473473518e+02	2.930677726409339812e+01	3.060204155450910335e+01
1.475475475475475662e+02	2.922787948229233734e+01	3.058602706061351029e+01
1.477477477477477521e+02	2.914887469644600060e+01	3.057007025551348534e+01
1.479479479479479664e+02	2.906976290707825683e+01	3.055417094247029652e+01
1.481481481481481524e+02	2.899054411462566350e+01	3.053832892529294796e+01
1.483483483483483667e+02	2.891121831962664146e+01	3.052254400833804482e+01
1.485485485485485526e+02	2.883178552254685201e+01	3.050681599650972586e+01
1.487487487487487670e+02	2.875224572391016409e+01	3.049114469525949289e+01
1.489489489489489529e+02	2.867259892418223899e+01	3.047552991058607574e+01
1.491491491491491672e+02	2.859284512387239374e+01	3.045997144903527243e+01
1.493493493493493531e+02	2.851298432348994538e+01	3.044446911769973241e+01
1.495495495495495675e+02	2.843301652355876286e+01	3.042902272421876120e+01
1.497497497497497534e+02	2.835294172450085171e+01	3.041363207677810720e+01
1.499499499499499677e+02	2.827275992688373663e+01	3.039829698410968817e+01
1.501501501501501536e+02	2.819247113117307890e+01	3.038301725549134602e+01
1.503503503503503680e+02	2.811207533789274748e+01	3.036779270074655912e+01
1.505505505505505539e+02	2.803157254752295557e+01	3.035262313024415803e+01
1.507507507507507682e+02	2.795096276058757212e+01	3.033750835489797382e+01
1.509509509509509542e+02	2.787024597758136224e+01	3.032244818616656090e+01
1.511511511511511685e+02	2.778942219901364297e+01	3.030744243605278498e+01
1.513513513513513544e+02	2.770849142536462750e+01	3.029249091710351749e+01
1.515515515515515688e+02	2.762745365717273671e+01	3.027759344240920569e+01
1.517517517517517547e+02	2.754630889491818380e+01	3.026274982560350679e+01
1.519519519519519690e+02	2.746505713912483770e+01	3.024795988086286158e+01
1.521521521521521549e+02	2.738369839028746355e+01	3.023322342290606812e+01
1.523523523523523693e+02	2.730223264892993029e+01	3.021854026699383056e+01
1.525525525525525552e+02	2.722065991553245112e+01	3.020391022892832211e+01
1.527527527527527695e+02	2.713898019063344691e+01	3.018933312505268418e+01
1.529529529529529555e+02	2.705719347474223468e+01	3.017480877225056091e+01
1.531531531531531698e+02	2.697529976835357957e+01	3.016033698794558049e+01
1.533533533533533557e+02	2.689329907197679859e+01	3.014591759010085070e+01
1.535535535535535701e+02	2.681119138613576069e+01	3.013155039721842599e+01
1.537537537537537560e+02	2.672897671133978292e+01	3.011723522833875322e+01
1.539539539539539703e+02	2.664665504811273422e+01	3.010297190304012815e+01
1.541541541541541562e+02	2.656422639693482779e+01	3.008876024143812700e+01
1.543543543543543706e+02	2.648169075837358832e+01	3.007460006418500953e+01
1.545545545545545565e+02	2.639904813288012519e+01	3.006049119246912582e+01
1.547547547547547708e+02	2.631629852102196310e+01	3.004643344801431581e+01
1.549549549549549567e+02	2.623344192329386715e+01	3.003242665307928760e+01
1.551551551551551711e+02	2.615047834021970630e+01	3.001847063045697084e+01
1.553553553553553570e+02	2.606740777230879758e+01	3.000456520347389144e+01
1.555555555555555713e+02	2.598423022009956185e+01	2.999071019598948595e+01
1.557557557557557573e+02	2.590094568407221232e+01	2.997690543239547267e+01
1.559559559559559716e+02	2.581755416479427367e+01	2.996315073761513048e+01
1.561561561561561575e+02	2.573405566276051104e+01	2.994944593710263803e+01
1.563563563563563719e+02	2.565045017848024145e+01	2.993579085684234897e+01
1.565565565565565578e+02	2.556673771252098959e+01	2.992218532334809922e+01
1.567567567567567721e+02	2.548291826536296867e+01	2.990862916366246083e+01
1.569569569569569580e+02	2.539899183753004763e+01	2.989512220535602438e+01
1.571571571571571724e+02	2.531495842956064735e+01	2.988166427652665647e+01
1.573573573573573583e+02	2.523081804197863676e+01	2.986825520579871807e+01
1.575575575575575726e+02	2.514657067532243673e+01	2.985489482232233627e+01
1.577577577577577586e+02	2.506221633008681238e+01	2.984158295577259778e+01
1.579579579579579729e+02	2.497775500682473648e+01	2.982831943634878513e+01
1.581581581581581588e+02	2.489318670606007800e+01	2.981510409477357726e+01
1.583583583583583732e+02	2.480851142827305011e+01	2.980193676229223243e+01
1.585585585585585591e+02	2.472372917407483328e+01	2.978881727067179952e+01
1.587587587587587734e+02	2.463883994394564070e+01	2.977574545220027602e+01
1.589589589589589593e+02	2.455384373842389323e+01	2.976272113968579092e+01
1.591591591591591737e+02	2.446874055803345982e+01	2.974974416645575559e+01
1.593593593593593596e+02	2.438353040331276134e+01	2.973681436635602893e+01
1.595595595595595739e+02	2.429821327480021864e+01	2.972393157375004691e+01
1.597597597597597598e+02	2.421278917299059685e+01	2.971109562351796995e+01
1.599599599599599742e+02	2.412725809849507641e+01	2.969830635105580185e+01
1.601601601601601601e+02	2.404162005177931860e+01	2.968556359227451580e+01
1.603603603603603744e+02	2.395587503339629620e+01	2.967286718359916975e+01
1.605605605605605604e+02	2.387002304386987817e+01	2.966021696196799340e+01
1.607607607607607747e+02	2.378406408375303727e+01	2.964761276483151065e+01
1.609609609609609606e+02	2.369799815359874628e+01	2.963505443015160878e+01
1.611611611611611750e+02	2.361182525391632225e+01	2.962254179640062901e+01
1.613613613613613609e+02	2.352554538525873795e+01	2.961007470256044982e+01
1.615615615615615752e+02	2.343915854814986233e+01	2.959765298812152778e+01
1.617617617617617611e+02	2.335266474312811624e+01	2.958527649308199869e+01
1.619619619619619755e+02	2.326606397077557631e+01	2.957294505794669703e+01
1.621621621621621614e+02	2.317935623155790381e+01	2.956065852372623226e+01
1.623623623623623757e+02	2.309254152608627919e+01	2.954841673193600826e+01
1.625625625625625617e+02	2.300561985487001948e+01	2.953621952459527122e+01
1.627627627627627760e+02	2.291859121844754554e+01	2.952406674422613975e+01
1.629629629629629619e+02	2.283145561737183016e+01	2.951195823385262429e+01
1.631631631631631763e+02	2.274421305219584610e+01	2.949989383699964662e+01
1.633633633633633622e+02	2.265686352344346233e+01	2.948787339769205218e+01
1.635635635635635765e+02	2.256940703168220352e+01	2.947589676045361173e+01
1.637637637637637624e+02	2.248184357745049056e+01	2.946396377030603375e+01
1.639639639639639768e+02	2.239417316128674429e+01	2.945207427276794832e+01
1.641641641641641627e+02	2.230639578372938558e+01	2.944022811385390170e+01
1.643643643643643770e+02	2.221851144536049105e+01	2.942842514007333676e+01
1.645645645645645629e+02	2.213052014670392964e+01	2.941666519842958394e+01
1.647647647647647773e+02	2.204242188829812221e+01	2.940494813641882388e+01
1.649649649649649632e+02	2.195421667071059346e+01	2.939327380202906426e+01
1.651651651651651775e+02	2.186590449450886808e+01	2.938164204373910593e+01
1.653653653653653635e+02	2.177748536020226311e+01	2.937005271051749844e+01
1.655655655655655778e+02	2.168895926838740706e+01	2.935850565182149552e+01
1.657657657657657637e+02	2.160032621957361698e+01	2.934700071759601769e+01
1.659659659659659781e+02	2.151158621434296947e+01	2.933553775827258292e+01
1.661661661661661640e+02	2.142273925324843731e+01	2.932411662476826919e+01
1.663663663663663783e+02	2.133378533682844136e+01	2.931273716848463451e+01
1.665665665665665642e+02	2.124472446565050632e+01	2.930139924130666529e+01
1.667667667667667786e+02	2.115555664026760496e+01	2.929010269560170343e+01
1.669669669669669645e+02	2.106628186124726199e+01	2.927884738421836985e+01
1.671671671671671788e+02	2.097690012912789825e+01	2.926763316048549513e+01
1.673673673673673647e+02	2.088741144446248654e+01	2.925645987821103589e+01
1.675675675675675791e+02	2.079781580784765538e+01	2.924532739168098772e+01
1.677677677677677650e+02	2.070811321980727371e+01	2.923423555565830867e+01
1.679679679679679793e+02	2.061830368092341814e+01	2.922318422538181792e+01
1.681681681681681653e+02	2.052838719170540571e+01	2.921217325656510511e+01
1.683683683683683796e+02	2.043836375279352069e+01	2.920120250539543960e+01
1.685685685685685655e+02	2.034823336469708011e+01	2.919027182853266567e+01
1.687687687687687799e+02	2.025799602799816057e+01	2.917938108310809397e+01
1.689689689689689658e+02	2.016765174324973486e+01	2.916853012672341805e+01
1.691691691691691801e+02	2.007720051103387959e+01	2.915771881744957028e+01
1.693693693693693660e+02	1.998664233187446371e+01	2.914694701382564546e+01
1.695695695695695804e+02	1.989597720638266765e+01	2.913621457485776745e+01
1.697697697697697663e+02	1.980520513509691227e+01	2.912552136001798431e+01
1.699699699699699806e+02	1.971432611859927420e+01	2.911486722924312787e+01
1.701701701701701666e+02	1.962334015744272619e+01	2.910425204293372659e+01
1.703703703703703809e+02	1.953224725220934488e+01	2.909367566195284383e+01
1.705705705705705668e+02	1.944104740346665494e+01	2.908313794762499072e+01
1.707707707707707812e+02	1.934974061178218108e+01	2.907263876173496087e+01
1.709709709709709955e+02	1.925832687769434415e+01	2.906217796652673258e+01
1.711711711711711814e+02	1.916680620182887651e+01	2.905175542470231420e+01
1.713713713713713958e+02	1.907517858472419903e+01	2.904137099942061795e+01
1.715715715715715817e+02	1.898344402694783639e+01	2.903102455429633011e+01
1.717717717717717960e+02	1.889160252908186521e+01	2.902071595339876353e+01
1.719719719719719819e+02	1.879965409172291402e+01	2.901044506125072076e+01
1.721721721721721963e+02	1.870759871539485175e+01	2.900021174282736069e+01
1.723723723723723822e+02	1.861543640072341077e+01	2.899001586355504401e+01
1.725725725725725965e+02	1.852316714824701194e+01	2.897985728931019622e+01
1.727727727727727824e+02	1.843079095854773186e+01	2.896973588641816377e+01
1.729729729729729968e+02	1.833830783220764715e+01	2.895965152165205581e+01
1.731731731731731827e+02	1.824571776982338633e+01	2.894960406223161797e+01
1.733733733733733970e+02	1.815302077194792219e+01	2.893959337582204583e+01
1.735735735735735830e+02	1.806021683916333131e+01	2.892961933053287993e+01
1.737737737737737973e+02	1.796730597205169033e+01	2.891968179491681923e+01
1.739739739739739832e+02	1.787428817118052393e+01	2.890978063796858066e+01
1.741741741741741976e+02	1.778116343717556447e+01	2.889991572912374451e+01
1.743743743743743835e+02	1.768793177056068089e+01	2.889008693825760332e+01
1.745745745745745978e+02	1.759459317196160555e+01	2.888029413568399306e+01
1.747747747747747837e+02	1.750114764193131123e+01	2.887053719215415271e+01
1.749749749749749981e+02	1.740759518106642645e+01	2.886081597885555539e+01
1.751751751751751840e+02	1.731393578994902782e+01	2.885113036741075376e+01
1.753753753753753983e+02	1.722016946914664004e+01	2.884148022987622895e+01
1.755755755755755843e+02	1.712629621928499546e+01	2.883186543874121099e+01
1.757757757757757986e+02	1.703231604091706686e+01	2.882228586692654204e+01
1.759759759759759845e+02	1.693822893463948276e+01	2.881274138778349680e+01
1.761761761761761989e+02	1.684403490104887169e+01	2.880323187509263860e+01
1.763763763763763848e+02	1.674973394072731026e+01	2.879375720306264697e+01
1.765765765765765991e+02	1.665532605422777124e+01	2.878431724632915234e+01
1.767767767767767850e+02	1.656081124219053891e+01	2.877491187995358857e+01
1.769769769769769994e+02	1.646618950519768987e+01	2.876554097942202048e+01
1.771771771771771853e+02	1.637146084380219691e+01	2.875620442064398219e+01
1.773773773773773996e+02	1.627662525864434429e+01	2.874690207995131885e+01
1.775775775775775855e+02	1.618168275027710479e+01	2.873763383409701433e+01
1.777777777777777999e+02	1.608663331931165885e+01	2.872839956025404717e+01
1.779779779779779858e+02	1.599147696634463500e+01	2.871919913601420404e+01
1.781781781781782001e+02	1.589621369195810985e+01	2.871003243938693927e+01
1.783783783783783861e+02	1.580084349676326383e+01	2.870089934879820248e+01
1.785785785785786004e+02	1.570536638132762164e+01	2.869179974308926617e+01
1.787787787787787863e+02	1.560978234627691563e+01	2.868273350151558532e+01
1.789789789789790007e+02	1.551409139219322242e+01	2.867370050374561785e+01
1.791791791791791866e+02	1.541829351967317052e+01	2.866470062985967360e+01
1.793793793793794009e+02	1.532238872931338847e+01	2.865573376034874542e+01
1.795795795795795868e+02	1.522637702171050478e+01	2.864679977611335460e+01
1.797797797797798012e+02	1.513025839747569989e+01	2.863789855846238197e+01
1.799799799799799871e+02	1.503403285720560234e+01	2.862902998911192043e+01
1.801801801801802014e+02	1.493770040149684064e+01	2.862019395018410250e+01
1.803803803803803874e+02	1.484126103096059524e+01	2.861139032420594575e+01
1.805805805805806017e+02	1.474471474617894273e+01	2.860261899410820163e+01
1.807807807807807876e+02	1.464806154776306357e+01	2.859387984322418674e+01
1.809809809809810019e+02	1.455130143632413819e+01	2.858517275528862811e+01
1.811811811811811879e+02	1.445443441245879512e+01	2.857649761443651215e+01
1.813813813813814022e+02	1.435746047676366288e+01	2.856785430520192648e+01
1.815815815815815881e+02	1.426037962986447383e+01	2.855924271251689461e+01
1.817817817817818025e+02	1.416319187234330457e+01	2.855066272171023556e+01
1.819819819819819884e+02	1.406589720484043937e+01	2.854211421850641273e+01
1.821821821821822027e+02	1.396849562790885102e+01	2.853359708902435443e+01
1.823823823823823886e+02	1.387098714223247953e+01	2.852511121977634190e+01
1.825825825825826030e+02	1.377337174834974576e+01	2.851665649766681554e+01
1.827827827827827889e+02	1.367564944690093398e+01	2.850823280999127007e+01
1.829829829829830032e+02	1.357782023849722464e+01	2.849984004443506080e+01
1.831831831831831892e+02	1.347988412374979816e+01	2.849147808907228807e+01
1.833833833833834035e+02	1.338184110324073117e+01	2.848314683236463907e+01
1.835835835835835894e+02	1.328369117761030793e+01	2.847484616316023676e+01
1.837837837837838038e+02	1.318543434749881271e+01	2.846657597069250301e+01
1.839839839839839897e+02	1.308707061345921829e+01	2.845833614457901817e+01
1.841841841841842040e+02	1.298859997613180894e+01	2.845012657482035223e+01
1.843843843843843899e+02	1.289002243614231702e+01	2.844194715179897415e+01
1.845845845845846043e+02	1.279133799408737104e+01	2.843379776627805455e+01
1.847847847847847902e+02	1.269254665059270337e+01	2.842567830940036799e+01
1.849849849849850045e+02	1.259364840628404636e+01	2.841758867268713828e+01
1.851851851851851904e+02	1.249464326175802853e+01	2.840952874803690165e+01
1.853853853853854048e+02	1.239553121764038224e+01	2.840149842772437694e+01
1.855855855855855907e+02	1.229631227457139175e+01	2.839349760439933945e+01
1.857857857857858050e+02	1.219698643313313369e+01	2.838552617108546272e+01
1.859859859859859910e+02	1.209755369398044422e+01	2.837758402117921719e+01
1.861861861861862053e+02	1.199801405769539997e+01	2.836967104844872267e+01
1.863863863863863912e+02	1.189836752491828520e+01	2.836178714703263282e+01
1.865865865865866056e+02	1.179861409628938418e+01	2.835393221143899467e+01
1.867867867867867915e+02	1.169875377241987735e+01	2.834610613654413314e+01
1.869869869869870058e+02	1.159878655390639324e+01	2.833830881759152476e+01
1.871871871871871917e+02	1.149871244141831994e+01	2.833054015019067862e+01
1.873873873873874061e+02	1.139853143555228598e+01	2.832280003031601723e+01
1.875875875875875920e+02	1.129824353691947181e+01	2.831508835430575033e+01
1.877877877877878063e+02	1.119784874617471360e+01	2.830740501886076288e+01
1.879879879879879923e+02	1.109734706392919179e+01	2.829974992104349596e+01
1.881881881881882066e+02	1.099673849082319066e+01	2.829212295827684187e+01
1.883883883883883925e+02	1.089602302746789064e+01	2.828452402834302859e+01
1.885885885885886069e+02	1.079520067450357601e+01	2.827695302938249355e+01
1.887887887887887928e+02	1.069427143257053103e+01	2.826940985989280719e+01
1.889889889889890071e+02	1.059323530226538423e+01	2.826189441872753250e+01
1.891891891891891930e+02	1.049209228424297180e+01	2.825440660509514501e+01
1.893893893893894074e+02	1.039084237911447417e+01	2.824694631855791016e+01
1.895895895895895933e+02	1.028948558753472753e+01	2.823951345903079613e+01
1.897897897897898076e+02	1.018802191014401615e+01	2.823210792678036896e+01
1.899899899899899935e+02	1.008645134755352046e+01	2.822472962242369476e+01
1.901901901901902079e+02	9.984773900388972834e+00	2.821737844692724195e+01
1.903903903903903938e+02	9.882989569290657528e+00	2.821005430160579053e+01
1.905905905905906081e+02	9.781098354927962646e+00	2.820275708812133075e+01
1.907907907907907941e+02	9.679100257897516713e+00	2.819548670848199023e+01
1.909909909909910084e+02	9.576995278868707828e+00	2.818824306504092192e+01
1.911911911911911943e+02	9.474783418438164517e+00	2.818102606049524894e+01
1.913913913913914087e+02	9.372464677246171050e+00	2.817383559788494196e+01
1.915915915915915946e+02	9.270039055976667441e+00	2.816667158059176757e+01
1.917917917917918089e+02	9.167506555240834132e+00	2.815953391233819048e+01
1.919919919919919948e+02	9.064867175678955391e+00	2.815242249718630774e+01
1.921921921921922092e+02	8.962120917916763574e+00	2.814533723953675448e+01
1.923923923923923951e+02	8.859267782638198696e+00	2.813827804412765232e+01
1.925925925925926094e+02	8.756307770439889282e+00	2.813124481603350802e+01
1.927927927927927954e+02	8.653240881962119602e+00	2.812423746066417607e+01
1.929929929929930097e+02	8.550067117903381586e+00	2.811725588376376095e+01
1.931931931931931956e+02	8.446786478845751844e+00	2.811029999140956193e+01
1.933933933933934100e+02	8.343398965473170392e+00	2.810336969001102148e+01
1.935935935935935959e+02	8.239904578411369585e+00	2.809646488630864170e+01
1.937937937937938102e+02	8.136303318315185606e+00	2.808958548737292915e+01
1.939939939939939961e+02	8.032595185824902728e+00	2.808273140060335749e+01
1.941941941941942105e+02	7.928780181595357135e+00	2.807590253372727318e+01
1.943943943943943964e+02	7.824858306266833097e+00	2.806909879479889014e+01
1.945945945945946107e+02	7.720829560494166799e+00	2.806232009219818480e+01
1.947947947947947966e+02	7.616693944932194427e+00	2.805556633462989424e+01
1.949949949949950110e+02	7.512451460192096420e+00	2.804883743112243977e+01
1.951951951951951969e+02	7.408102106972364709e+00	2.804213329102689300e+01
1.953953953953954112e+02	7.303645885927835479e+00	2.803545382401593145e+01
1.955955955955955972e+02	7.199082797655137256e+00	2.802879894008279393e+01
1.957957957957958115e+02	7.094412842852761969e+00	2.802216854954024683e+01
1.959959959959959974e+02	6.989636022160993889e+00	2.801556256301955017e+01
1.961961961961962118e+02	6.884752336234669201e+00	2.800898089146941672e+01
1.963963963963963977e+02	6.779761785728624091e+00	2.800242344615498524e+01
1.965965965965966120e+02	6.674664371297694743e+00	2.799589013865679021e+01
1.967967967967967979e+02	6.569460093582165428e+00	2.798938088086973153e+01
1.969969969969970123e+02	6.464148953280528076e+00	2.798289558500205132e+01
1.971971971971971982e+02	6.358730950989411213e+00	2.797643416357431789e+01
1.973973973973974125e+02	6.253206087436410598e+00	2.796999652941839898e+01
1.975975975975975985e+02	6.147574363203602843e+00	2.796358259567643856e+01
1.977977977977978128e+02	6.041835779018583708e+00	2.795719227579985144e+01
1.979979979979979987e+02	5.935990335507085547e+00	2.795082548354831076e+01
1.981981981981982130e+02	5.830038033323944546e+00	2.794448213298871764e+01
1.983983983983983990e+02	5.723978873167652637e+00	2.793816213849422425e+01
1.985985985985986133e+02	5.617812855634838343e+00	2.793186541474319284e+01
1.987987987987987992e+02	5.511539981453097425e+00	2.792559187671822585e+01
1.989989989989990136e+02	5.405160251248162240e+00	2.791934143970513560e+01
1.991991991991991995e+02	5.298673665703972802e+00	2.791311401929195668e+01
1.993993993993994138e+02	5.192080225446261466e+00	2.790690953136795116e+01
1.995995995995995997e+02	5.085379931217175908e+00	2.790072789212261384e+01
1.997997997997998141e+02	4.978572783598792739e+00	2.789456901804467748e+01
2.000000000000000000e+02	4.871658783304155804e+00	2.788843282592111805e+01
