1.000000000000000021e-03	5.729999999999999716e+01	5.729999999999999716e+01
1.611591591591591544e-01	5.729999999999999716e+01	5.729999999999999716e+01
3.213183183183183078e-01	5.729999999999999716e+01	5.729999999999999716e+01
4.814774774774774890e-01	5.729999999999999716e+01	5.729999999999999716e+01
6.416366366366366147e-01	5.729999999999999716e+01	5.729999999999999716e+01
8.017957957957957404e-01	5.729999999999999716e+01	5.729999999999999716e+01
9.619549549549549772e-01	5.729999999999999716e+01	5.729999999999999716e+01
1.122114114114113992e+00	5.729999999999999716e+01	5.729999999999999716e+01
1.282273273273273118e+00	5.729999999999999716e+01	5.729999999999999716e+01
1.442432432432432243e+00	5.729999999999999716e+01	5.729999999999999716e+01
1.602591591591591369e+00	5.729999999999999716e+01	5.729999999999999716e+01
1.762750750750750495e+00	5.729999999999999716e+01	5.729999999999999716e+01
1.922909909909909842e+00	5.729999999999999716e+01	5.729999999999999716e+01
2.083069069069068746e+00	5.729999999999999716e+01	5.729999999999999716e+01
2.243228228228228094e+00	5.729999999999999716e+01	5.729999999999999716e+01
2.403387387387386998e+00	5.729999999999999716e+01	5.729999999999999716e+01
2.563546546546546345e+00	5.729999999999999716e+01	5.729999999999999716e+01
2.723705705705705693e+00	5.729999999999999716e+01	5.729999999999999716e+01
2.883864864864864597e+00	5.729999999999999716e+01	5.729999999999999716e+01
3.044024024024023944e+00	5.729999999999999716e+01	5.729999999999999716e+01
3.204183183183182848e+00	5.729999999999999716e+01	5.729999999999999716e+01
3.364342342342342196e+00	5.729999999999999716e+01	5.724942043545080850e+01
3.524501501501501100e+00	5.729999999999999716e+01	5.712716000209567113e+01
3.684660660660660447e+00	5.729999999999999716e+01	5.700412740972574710e+01
3.844819819819819795e+00	5.729999999999999716e+01	5.688032417747982805e+01
4.004978978978979143e+00	5.729999999999999716e+01	5.675575195419069274e+01
4.165138138138138046e+00	5.729999999999999716e+01	5.663041251959885614e+01
4.325297297297297838e+00	5.729999999999999716e+01	5.650430778553410960e+01
4.485456456456456742e+00	5.729999999999999716e+01	5.637743979706365849e+01
4.645615615615615646e+00	5.729999999999999716e+01	5.624981073360553552e+01
4.805774774774774549e+00	5.729999999999999716e+01	5.612142291000625960e+01
4.965933933933934341e+00	5.729999999999999716e+01	5.599227877758139016e+01
5.126093093093093245e+00	5.729999999999999716e+01	5.586238092511796083e+01
5.286252252252252148e+00	5.729999999999999716e+01	5.573173207983746380e+01
5.446411411411411940e+00	5.729999999999999716e+01	5.560033510831824799e+01
5.606570570570570844e+00	5.729999999999999716e+01	5.546819301737627228e+01
5.766729729729729748e+00	5.729999999999999716e+01	5.533530895490285673e+01
5.926888888888888651e+00	5.729999999999999716e+01	5.520168621065847248e+01
6.087048048048048443e+00	5.729999999999999716e+01	5.506732821702132696e+01
6.247207207207207347e+00	5.729999999999999716e+01	5.493223854968967146e+01
6.407366366366366250e+00	5.729999999999999716e+01	5.479642092833665856e+01
6.567525525525526042e+00	5.729999999999999716e+01	5.465987921721673359e+01
6.727684684684684946e+00	5.729999999999999716e+01	5.452261742572245851e+01
6.887843843843843850e+00	5.729999999999999716e+01	5.438463970889066701e+01
7.048003003003002753e+00	5.729999999999999716e+01	5.424595036785696323e+01
7.208162162162162545e+00	5.729999999999999716e+01	5.410655385025756203e+01
7.368321321321321449e+00	5.729999999999999716e+01	5.396645475057736974e+01
7.528480480480480352e+00	5.729999999999999716e+01	5.382565781044350928e+01
7.688639639639640144e+00	5.729999999999999716e+01	5.368416791886313177e+01
7.848798798798799048e+00	5.729999999999999716e+01	5.354199011240479678e+01
8.008957957957957063e+00	5.729999999999999716e+01	5.339912957532242643e+01
8.169117117117115967e+00	5.729999999999999716e+01	5.325559163962095965e+01
8.329276276276274871e+00	5.729999999999999716e+01	5.311138178506288909e+01
8.489435435435433774e+00	5.729999999999999716e+01	5.296650563911496334e+01
8.649594594594594454e+00	5.729999999999999716e+01	5.282096897683415193e+01
8.809753753753753358e+00	5.729999999999999716e+01	5.267477772069224073e+01
8.969912912912912262e+00	5.729999999999999716e+01	5.252793794033834729e+01
9.130072072072071165e+00	5.729999999999999716e+01	5.238045585229865964e+01
9.290231231231230069e+00	5.729999999999999716e+01	5.223233781961280187e+01
9.450390390390388973e+00	5.729999999999999716e+01	5.208359035140627924e+01
9.610549549549547876e+00	5.729999999999999716e+01	5.193422010239840603e+01
9.770708708708708556e+00	5.729999999999999716e+01	5.178423387234527553e+01
9.930867867867867460e+00	5.729999999999999716e+01	5.163363860541725359e+01
1.009102702702702636e+01	5.729999999999999716e+01	5.148244138951066873e+01
1.025118618618618527e+01	5.729999999999999716e+01	5.133064945549330105e+01
1.041134534534534417e+01	5.729999999999999716e+01	5.117827017638327902e+01
1.057150450450450307e+01	5.729999999999999716e+01	5.102531106646124925e+01
1.073166366366366198e+01	5.729999999999999716e+01	5.087177978031553494e+01
1.089182282282282266e+01	5.729999999999999716e+01	5.071768411182004854e+01
1.105198198198198156e+01	5.729999999999999716e+01	5.056303199304497298e+01
1.121214114114114047e+01	5.729999999999999716e+01	5.040783149310002642e+01
1.137230030030029937e+01	5.729999999999999716e+01	5.025209081691034640e+01
1.153245945945945827e+01	5.729999999999999716e+01	5.009581830392502155e+01
1.169261861861861718e+01	5.729999999999999716e+01	4.993902242675835623e+01
1.185277777777777608e+01	5.729999999999999716e+01	4.978171178976399602e+01
1.201293693693693676e+01	5.729999999999999716e+01	4.962389512754214849e+01
1.217309609609609566e+01	5.729999999999999716e+01	4.946558130338011239e+01
1.233325525525525457e+01	5.729999999999999716e+01	4.930677930762642092e+01
1.249341441441441347e+01	5.729999999999999716e+01	4.914749825599900390e+01
1.265357357357357238e+01	5.729999999999999716e+01	4.898774738782774563e+01
1.281373273273273128e+01	5.729999999999999716e+01	4.882753606423188586e+01
1.297389189189189018e+01	5.729999999999999716e+01	4.866687376623292494e+01
1.313405105105105086e+01	5.729999999999999716e+01	4.850577009280343077e+01
1.329421021021020977e+01	5.729999999999999716e+01	4.834423475885255783e+01
1.345436936936936867e+01	5.729999999999999716e+01	4.818227759314881808e+01
1.361452852852852757e+01	5.729999999999999716e+01	4.801990853618107025e+01
1.377468768768768648e+01	5.729668950840237329e+01	4.785713763795828157e+01
1.393484684684684538e+01	5.726804450967116367e+01	4.769397505574915641e+01
1.409500600600600428e+01	5.723936304672916009e+01	4.753043105176240601e+01
1.425516516516516496e+01	5.721064512787430800e+01	4.736651599076870411e+01
1.441532432432432387e+01	5.718189076162375528e+01	4.720224033766532301e+01
1.457548348348348277e+01	5.715309995671431409e+01	4.703761465498455863e+01
1.473564264264264168e+01	5.712427272210295115e+01	4.687264960034710981e+01
1.489580180180180058e+01	5.709540906696721407e+01	4.670735592386146351e+01
1.505596096096095948e+01	5.706650900070577137e+01	4.654174446547074240e+01
1.521612012012011839e+01	5.703757253293886009e+01	4.637582615224810212e+01
1.537627927927927907e+01	5.700859967350873347e+01	4.620961199564216315e+01
1.553643843843843797e+01	5.697959043248013700e+01	4.604311308867374919e+01
1.569659759759759687e+01	5.695054482014081287e+01	4.587634060308550232e+01
1.585675675675675578e+01	5.692146284700190506e+01	4.570930578644568953e+01
1.601691591591591646e+01	5.689234452379845663e+01	4.554201995920792001e+01
1.617707507507507714e+01	5.686318986148987875e+01	4.537449451172813752e+01
1.633723423423423426e+01	5.683399887126037697e+01	4.520674090124073530e+01
1.649739339339339494e+01	5.680477156451944154e+01	4.503877064879516467e+01
1.665755255255255207e+01	5.677550795290227370e+01	4.487059533615506268e+01
1.681771171171171275e+01	5.674620804827026177e+01	4.470222660266127690e+01
1.697787087087086988e+01	5.671687186271143588e+01	4.453367614206090508e+01
1.713803003003003056e+01	5.668749940854086589e+01	4.436495569930381322e+01
1.729818918918919124e+01	5.665809069830117295e+01	4.419607706730878505e+01
1.745834834834834837e+01	5.662864574476294166e+01	4.402705208370091583e+01
1.761850750750750905e+01	5.659916456092518189e+01	4.385789262752228268e+01
1.777866666666666617e+01	5.656964716001574800e+01	4.368861061591778849e+01
1.793882582582582685e+01	5.654009355549180071e+01	4.351921800079811220e+01
1.809898498498498398e+01	5.651050376104020501e+01	4.334972676548173354e+01
1.825914414414414466e+01	5.648087779057801328e+01	4.318014892131807159e+01
1.841930330330330534e+01	5.645121565825288457e+01	4.301049650429365556e+01
1.857946246246246247e+01	5.642151737844350379e+01	4.284078157162348077e+01
1.873962162162162315e+01	5.639178296576000804e+01	4.267101619832950377e+01
1.889978078078078028e+01	5.636201243504442715e+01	4.250121247380836564e+01
1.905993993993994096e+01	5.633220580137109579e+01	4.233138249839041123e+01
1.922009909909909808e+01	5.630236308004710821e+01	4.216153837989210729e+01
1.938025825825825876e+01	5.627248428661268775e+01	4.199169223016387775e+01
1.954041741741741944e+01	5.624256943684162735e+01	4.182185616163558706e+01
1.970057657657657657e+01	5.621261854674175140e+01	4.165204228386153318e+01
1.986073573573573725e+01	5.618263163255524262e+01	4.148226270006730942e+01
2.002089489489489438e+01	5.615260871075912519e+01	4.131252950370047472e+01
2.018105405405405506e+01	5.612254979806562716e+01	4.114285477498705745e+01
2.034121321321321219e+01	5.609245491142263518e+01	4.097325057749619504e+01
2.050137237237237287e+01	5.606232406801404267e+01	4.080372895471474948e+01
2.066153153153153355e+01	5.603215728526021167e+01	4.063430192663413010e+01
2.082169069069069067e+01	5.600195458081833522e+01	4.046498148635127734e+01
2.098184984984985135e+01	5.597171597258282816e+01	4.029577959668586118e+01
2.114200900900900848e+01	5.594144147868577477e+01	4.012670818681578311e+01
2.130216816816816916e+01	5.591113111749724851e+01	3.995777914893286464e+01
2.146232732732732629e+01	5.588078490762575257e+01	3.978900433492078292e+01
2.162248648648648697e+01	5.585040286791862485e+01	3.962039555305723582e+01
2.178264564564564765e+01	5.581998501746235064e+01	3.945196456474212710e+01
2.194280480480480477e+01	5.578953137558303865e+01	3.928372308125388201e+01
2.210296396396396545e+01	5.575904196184672656e+01	3.911568276053557014e+01
2.226312312312312258e+01	5.572851679605978603e+01	3.894785520401281076e+01
2.242328228228228326e+01	5.569795589826932769e+01	3.878025195344525144e+01
2.258344144144144039e+01	5.566735928876353512e+01	3.861288448781333216e+01
2.274360060060060107e+01	5.563672698807204853e+01	3.844576422024218942e+01
2.290375975975976175e+01	5.560605901696634845e+01	3.827890249496429220e+01
2.306391891891891888e+01	5.557535539646009681e+01	3.811231058432256447e+01
2.322407807807807956e+01	5.554461614780952772e+01	3.794599968581558613e+01
2.338423723723723668e+01	5.551384129251380273e+01	3.777998091918645684e+01
2.354439639639639736e+01	5.548303085231533771e+01	3.761426532355685026e+01
2.370455555555555449e+01	5.545218484920020074e+01	3.744886385460780787e+01
2.386471471471471517e+01	5.542130330539844607e+01	3.728378738180870045e+01
2.402487387387387585e+01	5.539038624338448358e+01	3.711904668569565047e+01
2.418503303303303298e+01	5.535943368587739144e+01	3.695465245520106379e+01
2.434519219219219366e+01	5.532844565584127849e+01	3.679061528503515888e+01
2.450535135135135079e+01	5.529742217648567504e+01	3.662694567312122729e+01
2.466551051051051147e+01	5.526636327126577442e+01	3.646365401808530748e+01
2.482566966966966859e+01	5.523526896388285934e+01	3.630075061680199866e+01
2.498582882882882927e+01	5.520413927828460743e+01	3.613824566199697585e+01
2.514598798798798995e+01	5.517297423866538963e+01	3.597614923990763458e+01
2.530614714714714708e+01	5.514177386946667525e+01	3.581447132800266786e+01
2.546630630630630776e+01	5.511053819537726639e+01	3.565322179276162728e+01
2.562646546546546489e+01	5.507926724133370300e+01	3.549241038751521415e+01
2.578662462462462557e+01	5.504796103252054706e+01	3.533204675034726705e+01
2.594678378378378270e+01	5.501661959437070948e+01	3.517214040205917058e+01
2.610694294294294338e+01	5.498524295256572714e+01	3.501270074419736744e+01
2.626710210210210406e+01	5.495383113303613953e+01	3.485373705714465586e+01
2.642726126126126118e+01	5.492238416196178008e+01	3.469525849827594755e+01
2.658742042042042186e+01	5.489090206577203901e+01	3.453727410017886257e+01
2.674757957957957899e+01	5.485938487114623285e+01	3.437979276893990033e+01
2.690773873873873967e+01	5.482783260501385314e+01	3.422282328249634276e+01
2.706789789789789680e+01	5.479624529455488613e+01	3.406637428905456488e+01
2.722805705705705748e+01	5.476462296720011125e+01	3.391045430557478113e+01
2.738821621621621816e+01	5.473296565063141372e+01	3.375507171632274606e+01
2.754837537537537528e+01	5.470127337278201907e+01	3.360023477148847348e+01
2.770853453453453596e+01	5.466954616183681281e+01	3.344595158587220141e+01
2.786869369369369309e+01	5.463778404623264606e+01	3.329223013763765948e+01
2.802885285285285377e+01	5.460598705465858416e+01	3.313907826713277416e+01
2.818901201201201090e+01	5.457415521605616249e+01	3.298650367577769060e+01
2.834917117117117158e+01	5.454228855961975597e+01	3.283451392502020383e+01
2.850933033033033226e+01	5.451038711479673537e+01	3.268311643535834321e+01
2.866948948948948939e+01	5.447845091128777995e+01	3.253231848543011040e+01
2.882964864864865007e+01	5.444647997904720427e+01	3.238212721116997983e+01
2.898980780780780719e+01	5.441447434828312169e+01	3.223254960503217603e+01
2.914996696696696787e+01	5.438243404945775694e+01	3.208359251528010248e+01
2.931012612612612500e+01	5.435035911328770197e+01	3.193526264534185799e+01
2.947028528528528568e+01	5.431824957074415750e+01	3.178756655323129365e+01
2.963044444444444636e+01	5.428610545305317459e+01	3.164051065103420513e+01
2.979060360360360349e+01	5.425392679169595311e+01	3.149410120445918437e+01
2.995076276276276417e+01	5.422171361840899095e+01	3.134834433245261209e+01
3.011092192192192130e+01	5.418946596518439662e+01	3.120324600687723660e+01
3.027108108108108198e+01	5.415718386427014508e+01	3.105881205225367836e+01
3.043124024024023910e+01	5.412486734817021983e+01	3.091504814556427050e+01
3.059139939939939978e+01	5.409251644964493977e+01	3.077195981611855302e+01
3.075155855855856046e+01	5.406013120171110842e+01	3.062955244547968192e+01
3.091171771771771759e+01	5.402771163764233364e+01	3.048783126745095018e+01
3.107187687687687827e+01	5.399525779096912004e+01	3.034680136812174567e+01
3.123203603603603540e+01	5.396276969547919578e+01	3.020646768597204357e+01
3.139219519519519608e+01	5.393024738521769734e+01	3.006683501203460196e+01
3.155235435435435321e+01	5.389769089448734007e+01	2.992790799011397240e+01
3.171251351351351389e+01	5.386510025784868816e+01	2.978969111706140183e+01
3.187267267267267101e+01	5.383247551012028964e+01	2.965218874310478014e+01
3.203283183183182814e+01	5.379981668637896064e+01	2.951540507223253584e+01
3.219299099099098527e+01	5.376712382195988482e+01	2.937934416263056647e+01
3.235315015015014950e+01	5.373439695245690473e+01	2.924400992717119863e+01
3.251330930930930663e+01	5.370163611372264967e+01	2.910940613395315779e+01
3.267346846846846375e+01	5.366884134186874178e+01	2.897553640689141474e+01
3.283362762762762088e+01	5.363601267326597366e+01	2.884240422635592438e+01
3.299378678678678511e+01	5.360315014454450733e+01	2.871001292985815212e+01
3.315394594594594224e+01	5.357025379259403763e+01	2.857836571278426874e+01
3.331410510510509937e+01	5.353732365456394149e+01	2.844746562917386967e+01
3.347426426426426360e+01	5.350435976786349812e+01	2.831731559254313879e+01
3.363442342342342073e+01	5.347136217016202409e+01	2.818791837675131973e+01
3.379458258258257786e+01	5.343833089938903669e+01	2.805927661690922292e+01
3.395474174174173498e+01	5.340526599373442451e+01	2.793139281032879850e+01
3.411490090090089922e+01	5.337216749164859664e+01	2.780426931751240360e+01
3.427506006006005634e+01	5.333903543184263185e+01	2.767790836318076941e+01
3.443521921921921347e+01	5.330586985328844207e+01	2.755231203733827527e+01
3.459537837837837770e+01	5.327267079521888604e+01	2.742748229637457058e+01
3.475553753753753483e+01	5.323943829712795406e+01	2.730342096420117315e+01
3.491569669669669196e+01	5.320617239877086035e+01	2.718012973342192140e+01
3.507585585585584909e+01	5.317287314016422783e+01	2.705761016653606887e+01
3.523601501501501332e+01	5.313954056158616623e+01	2.693586369717286999e+01
3.539617417417417045e+01	5.310617470357645686e+01	2.681489163135640297e+01
3.555633333333332757e+01	5.307277560693660945e+01	2.669469514879941840e+01
3.571649249249249181e+01	5.303934331273001845e+01	2.657527530422514062e+01
3.587665165165164893e+01	5.300587786228211229e+01	2.645663302871571432e+01
3.603681081081080606e+01	5.297237929718038174e+01	2.633876913108615980e+01
3.619696996996996319e+01	5.293884765927457181e+01	2.622168429928268552e+01
3.635712912912912742e+01	5.290528299067673146e+01	2.610537910180418564e+01
3.651728828828828455e+01	5.287168533376134860e+01	2.598985398914571476e+01
3.667744744744744168e+01	5.283805473116542828e+01	2.587510929526285253e+01
3.683760660660660591e+01	5.280439122578858502e+01	2.576114523905577869e+01
3.699776576576576304e+01	5.277069486079316363e+01	2.564796192587197510e+01
3.715792492492492016e+01	5.273696567960425341e+01	2.553555934902634306e+01
3.731808408408407729e+01	5.270320372590987290e+01	2.542393739133773778e+01
3.747824324324324152e+01	5.266940904366094145e+01	2.531309582668077240e+01
3.763840240240239865e+01	5.263558167707145685e+01	2.520303432155180445e+01
3.779856156156155578e+01	5.260172167061845983e+01	2.509375243664802468e+01
3.795872072072072001e+01	5.256782906904221164e+01	2.498524962845868558e+01
3.811887987987987714e+01	5.253390391734615861e+01	2.487752525086729349e+01
3.827903903903903426e+01	5.249994626079705284e+01	2.477057855676384435e+01
3.843919819819819139e+01	5.246595614492498072e+01	2.466440869966609739e+01
3.859935735735735562e+01	5.243193361552343390e+01	2.455901473534878221e+01
3.875951651651651275e+01	5.239787871864933066e+01	2.445439562347994666e+01
3.891967567567566988e+01	5.236379150062308696e+01	2.435055022926331603e+01
3.907983483483483411e+01	5.232967200802862351e+01	2.424747732508584619e+01
3.923999399399399124e+01	5.229552028771345107e+01	2.414517559216949039e+01
3.940015315315314837e+01	5.226133638678864202e+01	2.404364362222629126e+01
3.956031231231230549e+01	5.222712035262890851e+01	2.394287991911590652e+01
3.972047147147146973e+01	5.219287223287258115e+01	2.384288290050475112e+01
3.988063063063062685e+01	5.215859207542168718e+01	2.374365089952584995e+01
4.004078978978978398e+01	5.212427992844190072e+01	2.364518216643856618e+01
4.020094894894894821e+01	5.208993584036261382e+01	2.354747487028751607e+01
4.036110810810810534e+01	5.205555985987688672e+01	2.345052710055971446e+01
4.052126726726726247e+01	5.202115203594151183e+01	2.335433686883931159e+01
4.068142642642641960e+01	5.198671241777695684e+01	2.325890211045913603e+01
4.084158558558558383e+01	5.195224105486740029e+01	2.316422068614829044e+01
4.100174474474474096e+01	5.191773799696071023e+01	2.307029038367512186e+01
4.116190390390389808e+01	5.188320329406843001e+01	2.297710891948489120e+01
4.132206306306306232e+01	5.184863699646574986e+01	2.288467394033141744e+01
4.148222222222221944e+01	5.181403915469149979e+01	2.279298302490214922e+01
4.164238138138137657e+01	5.177940981954816380e+01	2.270203368543589306e+01
4.180254054054053370e+01	5.174474904210174486e+01	2.261182336933274328e+01
4.196269969969969793e+01	5.171005687368185733e+01	2.252234946075554234e+01
4.212285885885885506e+01	5.167533336588159187e+01	2.243360928222231365e+01
4.228301801801801219e+01	5.164057857055752265e+01	2.234560009618910925e+01
4.244317717717717642e+01	5.160579253982966463e+01	2.225831910662277835e+01
4.260333633633633355e+01	5.157097532608140256e+01	2.217176346056316305e+01
4.276349549549549067e+01	5.153612698195942698e+01	2.208593024967412788e+01
4.292365465465464780e+01	5.150124756037373430e+01	2.200081651178309983e+01
4.308381381381381203e+01	5.146633711449748461e+01	2.191641923240855405e+01
4.324397297297296916e+01	5.143139569776700881e+01	2.183273534627506862e+01
4.340413213213212629e+01	5.139642336388169497e+01	2.174976173881550778e+01
4.356429129129129052e+01	5.136142016680389588e+01	2.166749524765998203e+01
4.372445045045044765e+01	5.132638616075892202e+01	2.158593266411115152e+01
4.388460960960960477e+01	5.129132140023488517e+01	2.150507073460554608e+01
4.404476876876876190e+01	5.125622593998265586e+01	2.142490616216056409e+01
4.420492792792792613e+01	5.122109983501573538e+01	2.134543560780682725e+01
4.436508708708708326e+01	5.118594314061020611e+01	2.126665569200556050e+01
4.452524624624624039e+01	5.115075591230458230e+01	2.118856299605073445e+01
4.468540540540540462e+01	5.111553820589974606e+01	2.111115406345566825e+01
4.484556456456456175e+01	5.108029007745880534e+01	2.103442540132391514e+01
4.500572372372371888e+01	5.104501158330699440e+01	2.095837348170403658e+01
4.516588288288287600e+01	5.100970278003158853e+01	2.088299474292822566e+01
4.532604204204204024e+01	5.097436372448171227e+01	2.080828559093443886e+01
4.548620120120119736e+01	5.093899447376827538e+01	2.073424240057188683e+01
4.564636036036035449e+01	5.090359508526381660e+01	2.066086151688969252e+01
4.580651951951951872e+01	5.086816561660235436e+01	2.058813925640860276e+01
4.596667867867867585e+01	5.083270612567930868e+01	2.051607190837551542e+01
4.612683783783783298e+01	5.079721667065127377e+01	2.044465573600076524e+01
4.628699699699699011e+01	5.076169730993591145e+01	2.037388697767799783e+01
4.644715615615615434e+01	5.072614810221183745e+01	2.030376184818654650e+01
4.660731531531531147e+01	5.069056910641837987e+01	2.023427653987621611e+01
4.676747447447446859e+01	5.065496038175549387e+01	2.016542722383436015e+01
4.692763363363363283e+01	5.061932198768355562e+01	2.009721005103520852e+01
4.708779279279278995e+01	5.058365398392319889e+01	2.002962115347141037e+01
4.724795195195194708e+01	5.054795643045515874e+01	1.996265664526764283e+01
4.740811111111110421e+01	5.051222938752007963e+01	1.989631262377641718e+01
4.756827027027026844e+01	5.047647291561831651e+01	1.983058517065585846e+01
4.772842942942942557e+01	5.044068707550977848e+01	1.976547035292961851e+01
4.788858858858858270e+01	5.040487192821372986e+01	1.970096422402881231e+01
4.804874774774774693e+01	5.036902753500856278e+01	1.963706282481599530e+01
4.820890690690690406e+01	5.033315395743164089e+01	1.957376218459128125e+01
4.836906606606606118e+01	5.029725125727907198e+01	1.951105832208047985e+01
4.852922522522521831e+01	5.026131949660548770e+01	1.944894724640543870e+01
4.868938438438438254e+01	5.022535873772384463e+01	1.938742495803649390e+01
4.884954354354353967e+01	5.018936904320523951e+01	1.932648744972722810e+01
4.900970270270269680e+01	5.015335047587858952e+01	1.926613070743142586e+01
4.916986186186186103e+01	5.011730309883051859e+01	1.920635071120245740e+01
4.933002102102101816e+01	5.008122697540504475e+01	1.914714343607506208e+01
4.949018018018017528e+01	5.004512216920338119e+01	1.908850485292961707e+01
4.965033933933933241e+01	5.000898874408368044e+01	1.903043092933905811e+01
4.981049849849849664e+01	4.997282676416080704e+01	1.897291763039844170e+01
4.997065765765765377e+01	4.993663629380607460e+01	1.891596091953735836e+01
5.013081681681681090e+01	4.990041739764698292e+01	1.885955675931517561e+01
5.029097597597597513e+01	4.986417014056696217e+01	1.880370111219940554e+01
5.045113513513513226e+01	4.982789458770514557e+01	1.874838994132709757e+01
5.061129429429428939e+01	4.979159080445604957e+01	1.869361921124959736e+01
5.077145345345344651e+01	4.975525885646933943e+01	1.863938488866061149e+01
5.093161261261261075e+01	4.971889880964950947e+01	1.858568294310786939e+01
5.109177177177176787e+01	4.968251073015567698e+01	1.853250934768843550e+01
5.125193093093092500e+01	4.964609468440120565e+01	1.847986007972780698e+01
5.141209009009008923e+01	4.960965073905348532e+01	1.842773112144300995e+01
5.157224924924924636e+01	4.957317896103359800e+01	1.837611846058980092e+01
5.173240840840840349e+01	4.953667941751604786e+01	1.832501809109410829e+01
5.189256756756756062e+01	4.950015217592841310e+01	1.827442601366796637e+01
5.205272672672672485e+01	4.946359730395109011e+01	1.822433823640996664e+01
5.221288588588588198e+01	4.942701486951694534e+01	1.817475077539053174e+01
5.237304504504503910e+01	4.939040494081100974e+01	1.812565965522207279e+01
5.253320420420420334e+01	4.935376758627015903e+01	1.807706090961426071e+01
5.269336336336336046e+01	4.931710287458277264e+01	1.802895058191456812e+01
5.285352252252251759e+01	4.928041087468841397e+01	1.798132472563425921e+01
5.301368168168167472e+01	4.924369165577751062e+01	1.793417940496000185e+01
5.317384084084083895e+01	4.920694528729097783e+01	1.788751069525126525e+01
5.333399999999999608e+01	4.917017183891988452e+01	1.784131468352375904e+01
5.349415915915915321e+01	4.913337138060514064e+01	1.779558746891895993e+01
5.365431831831831744e+01	4.909654398253709928e+01	1.775032516316006337e+01
5.381447747747747457e+01	4.905968971515520138e+01	1.770552389099444568e+01
5.397463663663663169e+01	4.902280864914764891e+01	1.766117979062282473e+01
5.413479579579578882e+01	4.898590085545097139e+01	1.761728901411538573e+01
5.429495495495495305e+01	4.894896640524974174e+01	1.757384772781497162e+01
5.445511411411411018e+01	4.891200536997614279e+01	1.753085211272757604e+01
5.461527327327326731e+01	4.887501782130956229e+01	1.748829836490030232e+01
5.477543243243243154e+01	4.883800383117625898e+01	1.744618269578701941e+01
5.493559159159158867e+01	4.880096347174897176e+01	1.740450133260183918e+01
5.509575075075074579e+01	4.876389681544647203e+01	1.736325051866068492e+01
5.525590990990990292e+01	4.872680393493322271e+01	1.732242651371105069e+01
5.541606906906906715e+01	4.868968490311892339e+01	1.728202559425024276e+01
5.557622822822822428e+01	4.865253979315816224e+01	1.724204405383219552e+01
5.573638738738738141e+01	4.861536867844993992e+01	1.720247820336311406e+01
5.589654654654654564e+01	4.857817163263727167e+01	1.716332437138611411e+01
5.605670570570570277e+01	4.854094872960680362e+01	1.712457890435506158e+01
5.621686486486485990e+01	4.850370004348831543e+01	1.708623816689774344e+01
5.637702402402401702e+01	4.846642564865435077e+01	1.704829854206863970e+01
5.653718318318318126e+01	4.842912561971976260e+01	1.701075643159142459e+01
5.669734234234233838e+01	4.839180003154123710e+01	1.697360825609140633e+01
5.685750150150149551e+01	4.835444895921689579e+01	1.693685045531807276e+01
5.701766066066065974e+01	4.831707247808582650e+01	1.690047948835794500e+01
5.717781981981981687e+01	4.827967066372762162e+01	1.686449183383790285e+01
5.733797897897897400e+01	4.824224359196194456e+01	1.682888399011920555e+01
5.749813813813813113e+01	4.820479133884801826e+01	1.679365247548229689e+01
5.765829729729729536e+01	4.816731398068421299e+01	1.675879382830268227e+01
5.781845645645645249e+01	4.812981159400752773e+01	1.672430460721799150e+01
5.797861561561560961e+01	4.809228425559314957e+01	1.669018139128640144e+01
5.813877477477477385e+01	4.805473204245392083e+01	1.665642078013661020e+01
5.829893393393393097e+01	4.801715503183992695e+01	1.662301939410955853e+01
5.845909309309308810e+01	4.797955330123794226e+01	1.658997387439200111e+01
5.861925225225224523e+01	4.794192692837094683e+01	1.655728088314217672e+01
5.877941141141140946e+01	4.790427599119765034e+01	1.652493710360768375e+01
5.893957057057056659e+01	4.786660056791197349e+01	1.649293924023576352e+01
5.909972972972972372e+01	4.782890073694251498e+01	1.646128401877614778e+01
5.925988888888888795e+01	4.779117657695208266e+01	1.642996818637661605e+01
5.942004804804804508e+01	4.775342816683713920e+01	1.639898851167144045e+01
5.958020720720720220e+01	4.771565558572730481e+01	1.636834178486289915e+01
5.974036636636635933e+01	4.767785891298481005e+01	1.633802481779594018e+01
5.990052552552552356e+01	4.764003822820394873e+01	1.630803444402624791e+01
6.006068468468468069e+01	4.760219361121059478e+01	1.627836751888182221e+01
6.022084384384383782e+01	4.756432514206162665e+01	1.624902091951815564e+01
6.038100300300300205e+01	4.752643290104435891e+01	1.621999154496730711e+01
6.054116216216215918e+01	4.748851696867603778e+01	1.619127631618088259e+01
6.070132132132131630e+01	4.745057742570327974e+01	1.616287217606712545e+01
6.086148048048047343e+01	4.741261435310145345e+01	1.613477608952227627e+01
6.102163963963963766e+01	4.737462783207421069e+01	1.610698504345631221e+01
6.118179879879879479e+01	4.733661794405284695e+01	1.607949604681322242e+01
6.134195795795795192e+01	4.729858477069574008e+01	1.605230613058594358e+01
6.150211711711711615e+01	4.726052839388781024e+01	1.602541234782610857e+01
6.166227627627627328e+01	4.722244889573989468e+01	1.599881177364874851e+01
6.182243543543543041e+01	4.718434635858818638e+01	1.597250150523203338e+01
6.198259459459458753e+01	4.714622086499362297e+01	1.594647866181225560e+01
6.214275375375375177e+01	4.710807249774131833e+01	1.592074038467411334e+01
6.230291291291290889e+01	4.706990133983995861e+01	1.589528383713646598e+01
6.246307207207206602e+01	4.703170747452116984e+01	1.587010620453366805e+01
6.262323123123122315e+01	4.699349098523893531e+01	1.584520469419260102e+01
6.278339039039038738e+01	4.695525195566898446e+01	1.582057653540553233e+01
6.294354954954954451e+01	4.691699046970816767e+01	1.579621897939892605e+01
6.310370870870870164e+01	4.687870661147382378e+01	1.577212929929828711e+01
6.326386786786786587e+01	4.684040046530316204e+01	1.574830479008920925e+01
6.342402702702702300e+01	4.680207211575265802e+01	1.572474276857467856e+01
6.358418618618618012e+01	4.676372164759737871e+01	1.570144057332879406e+01
6.374434534534533725e+01	4.672534914583035714e+01	1.567839556464697637e+01
6.390450450450450148e+01	4.668695469566196721e+01	1.565560512449279962e+01
6.406466366366366572e+01	4.664853838251922724e+01	1.563306665644153171e+01
6.422482282282282995e+01	4.661010029204523875e+01	1.561077758562049134e+01
6.438498198198197997e+01	4.657164051009840477e+01	1.558873535864633375e+01
6.454514114114114420e+01	4.653315912275188282e+01	1.556693744355933084e+01
6.470530030030030844e+01	4.649465621629283163e+01	1.554538132975480380e+01
6.486545945945945846e+01	4.645613187722183568e+01	1.552406452791173308e+01
6.502561861861862269e+01	4.641758619225211646e+01	1.550298456991868257e+01
6.518577777777778692e+01	4.637901924830894984e+01	1.548213900879713556e+01
6.534593693693693695e+01	4.634043113252895552e+01	1.546152541862229413e+01
6.550609609609610118e+01	4.630182193225935805e+01	1.544114139444146083e+01
6.566625525525525120e+01	4.626319173505736870e+01	1.542098455219009523e+01
6.582641441441441543e+01	4.622454062868947489e+01	1.540105252860558771e+01
6.598657357357357967e+01	4.618586870113067988e+01	1.538134298113889464e+01
6.614673273273272969e+01	4.614717604056389888e+01	1.536185358786405963e+01
6.630689189189189392e+01	4.610846273537914897e+01	1.534258204738572573e+01
6.646705105105105815e+01	4.606972887417289542e+01	1.532352607874473627e+01
6.662721021021020817e+01	4.603097454574733405e+01	1.530468342132186166e+01
6.678736936936937241e+01	4.599219983910963805e+01	1.528605183473973916e+01
6.694752852852853664e+01	4.595340484347127585e+01	1.526762909876312868e+01
6.710768768768768666e+01	4.591458964824722955e+01	1.524941301319751474e+01
6.726784684684685089e+01	4.587575434305531275e+01	1.523140139778614355e+01
6.742800600600601513e+01	4.583689901771538899e+01	1.521359209210556962e+01
6.758816516516516515e+01	4.579802376224865412e+01	1.519598295545977251e+01
6.774832432432432938e+01	4.575912866687688307e+01	1.517857186677288972e+01
6.790848348348347940e+01	4.572021382202169804e+01	1.516135672448068128e+01
6.806864264264264364e+01	4.568127931830375843e+01	1.514433544642072249e+01
6.822880180180180787e+01	4.564232524654206458e+01	1.512750596972144734e+01
6.838896096096095789e+01	4.560335169775317610e+01	1.511086625069006040e+01
6.854912012012012212e+01	4.556435876315041611e+01	1.509441426469937753e+01
6.870927927927928636e+01	4.552534653414312515e+01	1.507814800607369854e+01
6.886943843843843638e+01	4.548631510233589381e+01	1.506206548797370637e+01
6.902959759759760061e+01	4.544726455952775268e+01	1.504616474228047096e+01
6.918975675675676484e+01	4.540819499771141921e+01	1.503044381947864139e+01
6.934991591591591487e+01	4.536910650907250186e+01	1.501490078853882615e+01
6.951007507507507910e+01	4.532999918598868305e+01	1.499953373679923807e+01
6.967023423423424333e+01	4.529087312102896590e+01	1.498434076984666952e+01
6.983039339339339335e+01	4.525172840695285004e+01	1.496932001139681212e+01
6.999055255255255759e+01	4.521256513670950739e+01	1.495446960317397966e+01
7.015071171171170761e+01	4.517338340343702896e+01	1.493978770479030338e+01
7.031087087087087184e+01	4.513418330046155802e+01	1.492527249362440855e+01
7.047103003003003607e+01	4.509496492129650846e+01	1.491092216469962928e+01
7.063118918918918610e+01	4.505572835964172640e+01	1.489673493056182707e+01
7.079134834834835033e+01	4.501647370938268722e+01	1.488270902115679384e+01
7.095150750750751456e+01	4.497720106458963585e+01	1.486884268370737061e+01
7.111166666666666458e+01	4.493791051951679094e+01	1.485513418259022167e+01
7.127182582582582882e+01	4.489860216860147801e+01	1.484158179921237242e+01
7.143198498498499305e+01	4.485927610646332653e+01	1.482818383188752165e+01
7.159214414414414307e+01	4.481993242790337462e+01	1.481493859571216376e+01
7.175230330330330730e+01	4.478057122790327327e+01	1.480184442244156173e+01
7.191246246246247154e+01	4.474119260162440526e+01	1.478889966036559400e+01
7.207262162162162156e+01	4.470179664440704670e+01	1.477610267418452850e+01
7.223278078078078579e+01	4.466238345176949309e+01	1.476345184488472739e+01
7.239293993993993581e+01	4.462295311940720666e+01	1.475094556961434833e+01
7.255309909909910004e+01	4.458350574319193527e+01	1.473858226155903317e+01
7.271325825825826428e+01	4.454404141917088822e+01	1.472636034981764297e+01
7.287341741741741430e+01	4.450456024356579832e+01	1.471427827927806753e+01
7.303357657657657853e+01	4.446506231277208343e+01	1.470233451049310247e+01
7.319373573573574276e+01	4.442554772335795832e+01	1.469052751955647551e+01
7.335389489489489279e+01	4.438601657206356066e+01	1.467885579797899531e+01
7.351405405405405702e+01	4.434646895580002735e+01	1.466731785256487441e+01
7.367421321321322125e+01	4.430690497164863473e+01	1.465591220528826177e+01
7.383437237237237127e+01	4.426732471685991044e+01	1.464463739316997604e+01
7.399453153153153551e+01	4.422772828885268126e+01	1.463349196815448217e+01
7.415469069069069974e+01	4.418811578521323469e+01	1.462247449698714163e+01
7.431484984984984976e+01	4.414848730369435970e+01	1.461158356109173440e+01
7.447500900900901399e+01	4.410884294221447988e+01	1.460081775644829527e+01
7.463516816816816402e+01	4.406918279885670842e+01	1.459017569347126475e+01
7.479532732732732825e+01	4.402950697186792439e+01	1.457965599688799507e+01
7.495548648648649248e+01	4.398981555965788459e+01	1.456925730561760979e+01
7.511564564564564250e+01	4.395010866079829270e+01	1.455897827265025235e+01
7.527580480480480674e+01	4.391038637402183298e+01	1.454881756492672018e+01
7.543596396396397097e+01	4.387064879822127494e+01	1.453877386321852327e+01
7.559612312312312099e+01	4.383089603244853549e+01	1.452884586200837447e+01
7.575628228228228522e+01	4.379112817591371964e+01	1.451903226937111668e+01
7.591644144144144946e+01	4.375134532798420395e+01	1.450933180685511914e+01
7.607660060060059948e+01	4.371154758818367014e+01	1.449974320936414607e+01
7.623675975975976371e+01	4.367173505619116725e+01	1.449026522503970682e+01
7.639691891891892794e+01	4.363190783184015231e+01	1.448089661514393178e+01
7.655707807807807797e+01	4.359206601511755252e+01	1.447163615394293323e+01
7.671723723723724220e+01	4.355220970616277754e+01	1.446248262859071509e+01
7.687739639639639222e+01	4.351233900526676734e+01	1.445343483901361381e+01
7.703755555555555645e+01	4.347245401287104727e+01	1.444449159779528280e+01
7.719771471471472069e+01	4.343255482956672608e+01	1.443565173006226310e+01
7.735787387387387071e+01	4.339264155609355811e+01	1.442691407337008869e+01
7.751803303303303494e+01	4.335271429333892712e+01	1.441827747759000644e+01
7.767819219219219917e+01	4.331277314233690845e+01	1.440974080479626451e+01
7.783835135135134919e+01	4.327281820426725290e+01	1.440130292915400823e+01
7.799851051051051343e+01	4.323284958045442750e+01	1.439296273680779237e+01
7.815866966966967766e+01	4.319286737236661367e+01	1.438471912577069212e+01
7.831882882882882768e+01	4.315287168161471243e+01	1.437657100581405523e+01
7.847898798798799191e+01	4.311286260995135677e+01	1.436851729835786529e+01
7.863914714714715615e+01	4.307284025926990978e+01	1.436055693636177466e+01
7.879930630630630617e+01	4.303280473160347697e+01	1.435268886421674672e+01
7.895946546546547040e+01	4.299275612912386890e+01	1.434491203763737310e+01
7.911962462462462042e+01	4.295269455414063486e+01	1.433722542355484109e+01
7.927978378378378466e+01	4.291262010910003255e+01	1.432962800001055292e+01
7.943994294294294889e+01	4.287253289658399780e+01	1.432211875605044149e+01
7.960010210210209891e+01	4.283243301930915692e+01	1.431469669161992364e+01
7.976026126126126314e+01	4.279232058012580353e+01	1.430736081745954991e+01
7.992042042042042738e+01	4.275219568201686116e+01	1.430011015500133453e+01
8.008057957957957740e+01	4.271205842809687425e+01	1.429294373626577297e+01
8.024073873873874163e+01	4.267190892161094240e+01	1.428586060375952904e+01
8.040089789789790586e+01	4.263174726593374686e+01	1.427885981037384688e+01
8.056105705705705589e+01	4.259157356456849897e+01	1.427194041928362722e+01
8.072121621621622012e+01	4.255138792114585300e+01	1.426510150384721776e+01
8.088137537537538435e+01	4.251119043942293274e+01	1.425834214750690521e+01
8.104153453453453437e+01	4.247098122328227277e+01	1.425166144369010368e+01
8.120169369369369861e+01	4.243076037673073131e+01	1.424505849571124294e+01
8.136185285285284863e+01	4.239052800389849551e+01	1.423853241667438851e+01
8.152201201201201286e+01	4.235028420903799429e+01	1.423208232937653683e+01
8.168217117117117709e+01	4.231002909652287514e+01	1.422570736621164222e+01
8.184233033033032712e+01	4.226976277084692413e+01	1.421940666907534911e+01
8.200248948948949135e+01	4.222948533662301429e+01	1.421317938927043478e+01
8.216264864864865558e+01	4.218919689858204691e+01	1.420702468741296443e+01
8.232280780780780560e+01	4.214889756157188572e+01	1.420094173333916387e+01
8.248296696696696984e+01	4.210858743055627684e+01	1.419492970601299575e+01
8.264312612612613407e+01	4.206826661061380435e+01	1.418898779343446215e+01
8.280328528528528409e+01	4.202793520693681018e+01	1.418311519254860897e+01
8.296344444444444832e+01	4.198759332483029993e+01	1.417731110915525150e+01
8.312360360360359834e+01	4.194724106971089839e+01	1.417157475781940867e+01
8.328376276276276258e+01	4.190687854710572680e+01	1.416590536178244975e+01
8.344392192192192681e+01	4.186650586265137264e+01	1.416030215287395322e+01
8.360408108108107683e+01	4.182612312209275984e+01	1.415476437142428345e+01
8.376424024024024106e+01	4.178573043128209008e+01	1.414929126617785826e+01
8.392439939939940530e+01	4.174532789617774142e+01	1.414388209420714659e+01
8.408455855855855532e+01	4.170491562284318121e+01	1.413853612082735722e+01
8.424471771771771955e+01	4.166449371744585761e+01	1.413325261951184153e+01
8.440487687687688378e+01	4.162406228625612670e+01	1.412803087180820505e+01
8.456503603603603381e+01	4.158362143564615110e+01	1.412287016725510114e+01
8.472519519519519804e+01	4.154317127208876315e+01	1.411776980329974940e+01
8.488535435435436227e+01	4.150271190215639194e+01	1.411272908521613623e+01
8.504551351351351229e+01	4.146224343251999045e+01	1.410774732602392412e+01
8.520567267267267653e+01	4.142176596994784177e+01	1.410282384640803954e+01
8.536583183183182655e+01	4.138127962130452886e+01	1.409795797463897138e+01
8.552599099099099078e+01	4.134078449354976925e+01	1.409314904649374611e+01
8.568615015015015501e+01	4.130028069373734212e+01	1.408839640517758873e+01
8.584630930930930504e+01	4.125976832901394431e+01	1.408369940124628705e+01
8.600646846846846927e+01	4.121924750661807479e+01	1.407905739252921329e+01
8.616662762762763350e+01	4.117871833387892622e+01	1.407446974405304019e+01
8.632678678678678352e+01	4.113818091821524803e+01	1.406993582796613218e+01
8.648694594594594776e+01	4.109763536713423093e+01	1.406545502346360088e+01
8.664710510510511199e+01	4.105708178823037002e+01	1.406102671671304805e+01
8.680726426426426201e+01	4.101652028918435633e+01	1.405665030078095867e+01
8.696742342342342624e+01	4.097595097776192574e+01	1.405232517555976735e+01
8.712758258258259048e+01	4.093537396181271504e+01	1.404805074769558892e+01
8.728774174174174050e+01	4.089478934926918896e+01	1.404382643051659407e+01
8.744790090090090473e+01	4.085419724814540388e+01	1.403965164396205623e+01
8.760806006006005475e+01	4.081359776653598459e+01	1.403552581451203451e+01
8.776821921921921899e+01	4.077299101261486669e+01	1.403144837511771748e+01
8.792837837837838322e+01	4.073237709463424494e+01	1.402741876513240094e+01
8.808853753753753324e+01	4.069175612092340799e+01	1.402343643024311604e+01
8.824869669669669747e+01	4.065112819988755177e+01	1.401950082240287898e+01
8.840885585585586171e+01	4.061049344000667816e+01	1.401561139976359804e+01
8.856901501501501173e+01	4.056985194983444387e+01	1.401176762660958275e+01
8.872917417417417596e+01	4.052920383799695259e+01	1.400796897329170854e+01
8.888933333333334019e+01	4.048854921319168199e+01	1.400421491616217295e+01
8.904949249249249021e+01	4.044788818418630427e+01	1.400050493750990199e+01
8.920965165165165445e+01	4.040722085981748535e+01	1.399683852549653906e+01
8.936981081081081868e+01	4.036654734898977637e+01	1.399321517409307525e+01
8.952996996996996870e+01	4.032586776067444845e+01	1.398963438301706752e+01
8.969012912912913293e+01	4.028518220390832028e+01	1.398609565767046092e+01
8.985028828828828296e+01	4.024449078779259992e+01	1.398259850907802360e+01
9.001044744744744719e+01	4.020379362149170532e+01	1.397914245382635379e+01
9.017060660660661142e+01	4.016309081423215588e+01	1.397572701400351036e+01
9.033076576576576144e+01	4.012238247530134316e+01	1.397235171713919399e+01
9.049092492492492568e+01	4.008166871404637988e+01	1.396901609614554118e+01
9.065108408408408991e+01	4.004094963987294165e+01	1.396571968925848140e+01
9.081124324324323993e+01	4.000022536224413727e+01	1.396246203997967683e+01
9.097140240240240416e+01	3.995949599067921554e+01	1.395924269701902354e+01
9.113156156156156840e+01	3.991876163475254202e+01	1.395606121423773338e+01
9.129172072072071842e+01	3.987802240409231302e+01	1.395291715059196846e+01
9.145187987987988265e+01	3.983727840837944001e+01	1.394981007007703688e+01
9.161203903903904688e+01	3.979652975734634168e+01	1.394673954167214269e+01
9.177219819819819691e+01	3.975577656077578581e+01	1.394370513928569011e+01
9.193235735735736114e+01	3.971501892849970261e+01	1.394070644170112594e+01
9.209251651651651116e+01	3.967425697039801236e+01	1.393774303252333446e+01
9.225267567567567539e+01	3.963349079639741745e+01	1.393481450012556344e+01
9.241283483483483963e+01	3.959272051647025137e+01	1.393192043759687948e+01
9.257299399399398965e+01	3.955194624063330622e+01	1.392906044269017407e+01
9.273315315315315388e+01	3.951116807894658933e+01	1.392623411777066167e+01
9.289331231231231811e+01	3.947038614151220060e+01	1.392344106976493201e+01
9.305347147147146813e+01	3.942960053847311741e+01	1.392068091011050335e+01
9.321363063063063237e+01	3.938881138001199389e+01	1.391795325470588729e+01
9.337378978978979660e+01	3.934801877635000977e+01	1.391525772386116522e+01
9.353394894894894662e+01	3.930722283774566250e+01	1.391259394224907986e+01
9.369410810810811086e+01	3.926642367449355930e+01	1.390996153885661180e+01
9.385426726726727509e+01	3.922562139692325900e+01	1.390736014693706046e+01
9.401442642642642511e+01	3.918481611539807119e+01	1.390478940396262075e+01
9.417458558558558934e+01	3.914400794031383413e+01	1.390224895157743923e+01
9.433474474474473936e+01	3.910319698209777073e+01	1.389973843555116417e+01
9.449490390390390360e+01	3.906238335120725935e+01	1.389725750573296814e+01
9.465506306306306783e+01	3.902156715812864718e+01	1.389480581600605547e+01
9.481522222222221785e+01	3.898074851337607782e+01	1.389238302424262983e+01
9.497538138138138208e+01	3.893992752749024788e+01	1.388998879225934147e+01
9.513554054054054632e+01	3.889910431103725585e+01	1.388762278577319265e+01
9.529569969969969634e+01	3.885827897460739422e+01	1.388528467435790503e+01
9.545585885885886057e+01	3.881745162881394151e+01	1.388297413140074354e+01
9.561601801801802480e+01	3.877662238429195440e+01	1.388069083405978787e+01
9.577617717717717483e+01	3.873579135169710952e+01	1.387843446322165519e+01
9.593633633633633906e+01	3.869495864170445287e+01	1.387620470345967405e+01
9.609649549549550329e+01	3.865412436500724880e+01	1.387400124299248461e+01
9.625665465465465331e+01	3.861328863231575070e+01	1.387182377364308472e+01
9.641681381381381755e+01	3.857245155435600736e+01	1.386967199079830948e+01
9.657697297297296757e+01	3.853161324186866210e+01	1.386754559336872461e+01
9.673713213213213180e+01	3.849077380560775907e+01	1.386544428374897286e+01
9.689729129129129603e+01	3.844993335633952114e+01	1.386336776777850766e+01
9.705745045045044606e+01	3.840909200484118458e+01	1.386131575470276900e+01
9.721760960960961029e+01	3.836824986189975562e+01	1.385928795713475914e+01
9.737776876876877452e+01	3.832740703831084517e+01	1.385728409101703207e+01
9.753792792792792454e+01	3.828656364487745378e+01	1.385530387558409338e+01
9.769808708708708878e+01	3.824571979240874242e+01	1.385334703332518735e+01
9.785824624624625301e+01	3.820487559171888137e+01	1.385141328994749976e+01
9.801840540540540303e+01	3.816403115362579967e+01	1.384950237433974252e+01
9.817856456456456726e+01	3.812318658895001278e+01	1.384761401853612917e+01
9.833872372372373150e+01	3.808234200851340745e+01	1.384574795768074829e+01
9.849888288288288152e+01	3.804149752313804811e+01	1.384390392999231167e+01
9.865904204204204575e+01	3.800065324364494046e+01	1.384208167672927914e+01
9.881920120120119577e+01	3.795980928085290884e+01	1.384028094215536342e+01
9.897936036036036000e+01	3.791896574557728172e+01	1.383850147350541171e+01
9.913951951951952424e+01	3.787812274862878326e+01	1.383674302095165487e+01
9.929967867867867426e+01	3.783728040081229693e+01	1.383500533757030659e+01
9.945983783783783849e+01	3.779643881292562924e+01	1.383328817930855159e+01
9.961999699699700273e+01	3.775559809575838699e+01	1.383159130495186595e+01
9.978015615615615275e+01	3.771475836009068416e+01	1.382991447609171232e+01
9.994031531531531698e+01	3.767391971669200501e+01	1.382825745709357079e+01
1.001004744744744812e+02	3.763308227631999614e+01	1.382662001506532867e+01
1.002606336336336312e+02	3.759224614971920886e+01	1.382500191982601478e+01
1.004207927927927955e+02	3.755141144761999072e+01	1.382340294387486423e+01
1.005809519519519597e+02	3.751057828073719946e+01	1.382182286236072954e+01
1.007411111111111097e+02	3.746974675976903768e+01	1.382026145305182929e+01
1.009012702702702740e+02	3.742891699539588046e+01	1.381871849630582005e+01
1.010614294294294240e+02	3.738808909827903193e+01	1.381719377504019874e+01
1.012215885885885882e+02	3.734726317905951021e+01	1.381568707470303181e+01
1.013817477477477524e+02	3.730643934835693898e+01	1.381419818324400595e+01
1.015419069069069025e+02	3.726561771676826851e+01	1.381272689108579321e+01
1.017020660660660667e+02	3.722479839486657482e+01	1.381127299109573769e+01
1.018622252252252309e+02	3.718398149319992996e+01	1.380983627855784412e+01
1.020223843843843810e+02	3.714316712229013717e+01	1.380841655114508448e+01
1.021825435435435452e+02	3.710235539263158699e+01	1.380701360889200480e+01
1.023427027027027094e+02	3.706154641468999245e+01	1.380562725416764103e+01
1.025028618618618594e+02	3.702074029890129481e+01	1.380425729164872628e+01
1.026630210210210237e+02	3.697993715567038464e+01	1.380290352829319644e+01
1.028231801801801879e+02	3.693913709536992940e+01	1.380156577331399426e+01
1.029833393393393379e+02	3.689834022833921523e+01	1.380024383815315936e+01
1.031434984984985022e+02	3.685754666488291775e+01	1.379893753645620436e+01
1.033036576576576522e+02	3.681675651526992255e+01	1.379764668404678041e+01
1.034638168168168164e+02	3.677596988973213854e+01	1.379637109890162172e+01
1.036239759759759806e+02	3.673518689846331142e+01	1.379511060112576715e+01
1.037841351351351307e+02	3.669440765161782281e+01	1.379386501292806244e+01
1.039442942942942949e+02	3.665363225930949653e+01	1.379263415859692543e+01
1.041044534534534591e+02	3.661286083161046889e+01	1.379141786447639539e+01
1.042646126126126092e+02	3.657209347854993098e+01	1.379021595894243823e+01
1.044247717717717734e+02	3.653133031011296339e+01	1.378902827237952344e+01
1.045849309309309376e+02	3.649057143623938515e+01	1.378785463715745685e+01
1.047450900900900876e+02	3.644981696682255290e+01	1.378669488760847806e+01
1.049052492492492519e+02	3.640906701170813875e+01	1.378554886000461011e+01
1.050654084084084161e+02	3.636832168069304316e+01	1.378441639253526496e+01
1.052255675675675661e+02	3.632758108352411597e+01	1.378329732528509766e+01
1.053857267267267304e+02	3.628684532989702660e+01	1.378219150021211803e+01
1.055458858858858804e+02	3.624611452945510592e+01	1.378109876112602805e+01
1.057060450450450446e+02	3.620538879178812408e+01	1.378001895366682739e+01
1.058662042042042088e+02	3.616466822643115364e+01	1.377895192528364099e+01
1.060263633633633589e+02	3.612395294286338299e+01	1.377789752521379363e+01
1.061865225225225231e+02	3.608324305050692971e+01	1.377685560446211888e+01
1.063466816816816873e+02	3.604253865872568241e+01	1.377582601578049193e+01
1.065068408408408374e+02	3.600183987682417097e+01	1.377480861364761289e+01
1.066670000000000016e+02	3.596114681404630886e+01	1.377380325424899610e+01
1.068271591591591658e+02	3.592045957957430602e+01	1.377280979545720463e+01
1.069873183183183158e+02	3.587977828252748225e+01	1.377182809681228726e+01
1.071474774774774801e+02	3.583910303196108060e+01	1.377085801950246058e+01
1.073076366366366443e+02	3.579843393686513053e+01	1.376989942634498831e+01
1.074677957957957943e+02	3.575777110616328258e+01	1.376895218176728797e+01
1.076279549549549586e+02	3.571711464871163599e+01	1.376801615178825244e+01
1.077881141141141086e+02	3.567646467329760895e+01	1.376709120399977238e+01
1.079482732732732728e+02	3.563582128863872356e+01	1.376617720754848584e+01
1.081084324324324371e+02	3.559518460338154000e+01	1.376527403311771636e+01
1.082685915915915871e+02	3.555455472610042733e+01	1.376438155290962229e+01
1.084287507507507513e+02	3.551393176529646212e+01	1.376349964062756470e+01
1.085889099099099155e+02	3.547331582939622763e+01	1.376262817145864048e+01
1.087490690690690656e+02	3.543270702675071959e+01	1.376176702205645519e+01
1.089092282282282298e+02	3.539210546563416671e+01	1.376091607052405941e+01
1.090693873873873940e+02	3.535151125424290797e+01	1.376007519639709287e+01
1.092295465465465441e+02	3.531092450069421318e+01	1.375924428062712579e+01
1.093897057057057083e+02	3.527034531302519582e+01	1.375842320556517784e+01
1.095498648648648725e+02	3.522977379919161933e+01	1.375761185494542538e+01
1.097100240240240225e+02	3.518921006706682419e+01	1.375681011386911123e+01
1.098701831831831868e+02	3.514865422444050580e+01	1.375601786878861965e+01
1.100303423423423368e+02	3.510810637901766285e+01	1.375523500749173955e+01
1.101905015015015010e+02	3.506756663841741073e+01	1.375446141908610365e+01
1.103506606606606653e+02	3.502703511017191573e+01	1.375369699398382295e+01
1.105108198198198153e+02	3.498651190172518000e+01	1.375294162388626518e+01
1.106709789789789795e+02	3.494599712043198281e+01	1.375219520176903742e+01
1.108311381381381437e+02	3.490549087355674374e+01	1.375145762186712695e+01
1.109912972972972938e+02	3.486499326827237866e+01	1.375072877966020712e+01
1.111514564564564580e+02	3.482450441165919131e+01	1.375000857185812642e+01
1.113116156156156222e+02	3.478402441070380036e+01	1.374929689638654651e+01
1.114717747747747723e+02	3.474355337229794571e+01	1.374859365237276343e+01
1.116319339339339365e+02	3.470309140323741559e+01	1.374789874013167079e+01
1.117920930930931007e+02	3.466263861022095227e+01	1.374721206115190597e+01
1.119522522522522507e+02	3.462219509984913657e+01	1.374653351808213486e+01
1.121124114114114150e+02	3.458176097862322962e+01	1.374586301471750716e+01
1.122725705705705650e+02	3.454133635294414262e+01	1.374520045598626261e+01
1.124327297297297292e+02	3.450092132911130705e+01	1.374454574793649542e+01
1.125928888888888935e+02	3.446051601332153780e+01	1.374389879772306067e+01
1.127530480480480435e+02	3.442012051166801712e+01	1.374325951359464248e+01
1.129132072072072077e+02	3.437973493013908666e+01	1.374262780488096780e+01
1.130733663663663719e+02	3.433935937461729537e+01	1.374200358198015692e+01
1.132335255255255220e+02	3.429899395087817737e+01	1.374138675634624285e+01
1.133936846846846862e+02	3.425863876458923585e+01	1.374077724047680604e+01
1.135538438438438504e+02	3.421829392130885594e+01	1.374017494790077443e+01
1.137140030030030005e+02	3.417795952648518920e+01	1.373957979316635125e+01
1.138741621621621647e+02	3.413763568545510196e+01	1.373899169182909219e+01
1.140343213213213289e+02	3.409732250344309534e+01	1.373841056044010323e+01
1.141944804804804789e+02	3.405702008556021099e+01	1.373783631653439485e+01
1.143546396396396432e+02	3.401672853680296527e+01	1.373726887861935886e+01
1.145147987987987932e+02	3.397644796205231899e+01	1.373670816616337653e+01
1.146749579579579574e+02	3.393617846607251920e+01	1.373615409958456723e+01
1.148351171171171217e+02	3.389592015351011867e+01	1.373560660023966129e+01
1.149952762762762717e+02	3.385567312889291003e+01	1.373506559041300257e+01
1.151554354354354359e+02	3.381543749662879605e+01	1.373453099330567007e+01
1.153155945945946002e+02	3.377521336100480198e+01	1.373400273302475050e+01
1.154757537537537502e+02	3.373500082618597418e+01	1.373348073457269791e+01
1.156359129129129144e+02	3.369479999621439958e+01	1.373296492383684964e+01
1.157960720720720786e+02	3.365461097500803334e+01	1.373245522757904880e+01
1.159562312312312287e+02	3.361443386635980346e+01	1.373195157342538231e+01
1.161163903903903929e+02	3.357426877393643849e+01	1.373145388985604498e+01
1.162765495495495571e+02	3.353411580127750113e+01	1.373096210619532798e+01
1.164367087087087071e+02	3.349397505179432954e+01	1.373047615260170673e+01
1.165968678678678714e+02	3.345384662876899284e+01	1.372999596005805145e+01
1.167570270270270214e+02	3.341373063535328214e+01	1.372952146036196197e+01
1.169171861861861856e+02	3.337362717456765893e+01	1.372905258611619139e+01
1.170773453453453499e+02	3.333353634930023190e+01	1.372858927071920654e+01
1.172375045045044999e+02	3.329345826230576932e+01	1.372813144835583543e+01
1.173976636636636641e+02	3.325339301620460475e+01	1.372767905398804089e+01
1.175578228228228284e+02	3.321334071348171335e+01	1.372723202334578829e+01
1.177179819819819784e+02	3.317330145648560347e+01	1.372679029291803054e+01
1.178781411411411426e+02	3.313327534742738578e+01	1.372635379994378724e+01
1.180383003003003068e+02	3.309326248837971463e+01	1.372592248240333390e+01
1.181984594594594569e+02	3.305326298127580031e+01	1.372549627900949432e+01
1.183586186186186211e+02	3.301327692790841439e+01	1.372507512919903050e+01
1.185187777777777853e+02	3.297330442992885935e+01	1.372465897312413396e+01
1.186789369369369354e+02	3.293334558884603069e+01	1.372424775164401645e+01
1.188390960960960996e+02	3.289340050602535115e+01	1.372384140631659655e+01
1.189992552552552496e+02	3.285346928268785405e+01	1.372343987939029297e+01
1.191594144144144138e+02	3.281355201990913883e+01	1.372304311379589414e+01
1.193195735735735781e+02	3.277364881861841184e+01	1.372265105313854150e+01
1.194797327327327281e+02	3.273375977959752703e+01	1.372226364168979273e+01
1.196398918918918923e+02	3.269388500347996285e+01	1.372188082437979162e+01
1.198000510510510566e+02	3.265402459074988428e+01	1.372150254678951065e+01
1.199602102102102066e+02	3.261417864174118364e+01	1.372112875514310026e+01
1.201203693693693708e+02	3.257434725663645736e+01	1.372075939630031804e+01
1.202805285285285350e+02	3.253453053546608942e+01	1.372039441774905022e+01
1.204406876876876851e+02	3.249472857810731341e+01	1.372003376759792381e+01
1.206008468468468493e+02	3.245494148428316805e+01	1.371967739456898805e+01
1.207610060060060135e+02	3.241516935356163742e+01	1.371932524799050768e+01
1.209211651651651636e+02	3.237541228535464910e+01	1.371897727778982023e+01
1.210813243243243278e+02	3.233567037891713625e+01	1.371863343448628036e+01
1.212414834834834778e+02	3.229594373334611390e+01	1.371829366918429116e+01
1.214016426426426420e+02	3.225623244757969843e+01	1.371795793356641724e+01
1.215618018018018063e+02	3.221653662039622645e+01	1.371762617988657063e+01
1.217219609609609563e+02	3.217685635041326719e+01	1.371729836096328725e+01
1.218821201201201205e+02	3.213719173608672719e+01	1.371697443017307094e+01
1.220422792792792848e+02	3.209754287570991949e+01	1.371665434144381912e+01
1.222024384384384348e+02	3.205790986741263993e+01	1.371633804924833555e+01
1.223625975975975990e+02	3.201829280916022924e+01	1.371602550859789815e+01
1.225227567567567633e+02	3.197869179875269907e+01	1.371571667503592273e+01
1.226829159159159133e+02	3.193910693382377275e+01	1.371541150463168890e+01
1.228430750750750775e+02	3.189953831184001842e+01	1.371510995397413879e+01
1.230032342342342417e+02	3.185998603009990049e+01	1.371481198016575753e+01
1.231633933933933918e+02	3.182045018573295536e+01	1.371451754081651941e+01
1.233235525525525560e+02	3.178093087569878605e+01	1.371422659403789801e+01
1.234837117117117060e+02	3.174142819678626992e+01	1.371393909843696335e+01
1.236438708708708702e+02	3.170194224561259944e+01	1.371365501311053237e+01
1.238040300300300345e+02	3.166247311862243663e+01	1.371337429763939220e+01
1.239641891891891845e+02	3.162302091208702493e+01	1.371309691208259984e+01
1.241243483483483487e+02	3.158358572210326898e+01	1.371282281697183691e+01
1.242845075075075130e+02	3.154416764459293532e+01	1.371255197330583364e+01
1.244446666666666630e+02	3.150476677530171443e+01	1.371228434254486750e+01
1.246048258258258272e+02	3.146538320979837167e+01	1.371201988660530802e+01
1.247649849849849915e+02	3.142601704347391589e+01	1.371175856785424507e+01
1.249251441441441415e+02	3.138666837154070777e+01	1.371150034910416338e+01
1.250853033033033057e+02	3.134733728903157868e+01	1.371124519360769689e+01
1.252454624624624557e+02	3.130802389079906334e+01	1.371099306505242410e+01
1.254056216216216200e+02	3.126872827151444056e+01	1.371074392755574323e+01
1.255657807807807842e+02	3.122945052566699431e+01	1.371049774565980073e+01
1.257259399399399342e+02	3.119019074756310772e+01	1.371025448432646776e+01
1.258860990990990985e+02	3.115094903132543891e+01	1.371001410893239836e+01
1.260462582582582627e+02	3.111172547089209672e+01	1.370977658526412668e+01
1.262064174174174127e+02	3.107252016001582007e+01	1.370954187951322822e+01
1.263665765765765769e+02	3.103333319226312170e+01	1.370930995827153964e+01
1.265267357357357412e+02	3.099416466101351375e+01	1.370908078852643541e+01
1.266868948948948912e+02	3.095501465945863373e+01	1.370885433765615069e+01
1.268470540540540554e+02	3.091588328060149138e+01	1.370863057342517344e+01
1.270072132132132197e+02	3.087677061725561245e+01	1.370840946397968096e+01
1.271673723723723697e+02	3.083767676204426067e+01	1.370819097784302976e+01
1.273275315315315339e+02	3.079860180739961706e+01	1.370797508391130037e+01
1.274876906906906839e+02	3.075954584556201610e+01	1.370776175144890274e+01
1.276478498498498482e+02	3.072050896857909308e+01	1.370755095008421698e+01
1.278080090090090124e+02	3.068149126830508067e+01	1.370734264980529460e+01
1.279681681681681624e+02	3.064249283639993493e+01	1.370713682095562014e+01
1.281283273273273267e+02	3.060351376432861770e+01	1.370693343422989408e+01
1.282884864864864767e+02	3.056455414336029008e+01	1.370673246066990281e+01
1.284486456456456551e+02	3.052561406456755222e+01	1.370653387166040105e+01
1.286088048048048051e+02	3.048669361882566520e+01	1.370633763892507417e+01
1.287689639639639552e+02	3.044779289681179790e+01	1.370614373452251833e+01
1.289291231231231336e+02	3.040891198900424897e+01	1.370595213084229513e+01
1.290892822822822836e+02	3.037005098568171846e+01	1.370576280060101126e+01
1.292494414414414337e+02	3.033120997692253340e+01	1.370557571683846376e+01
1.294096006006006121e+02	3.029238905260388748e+01	1.370539085291380665e+01
1.295697597597597621e+02	3.025358830240114827e+01	1.370520818250178863e+01
1.297299189189189121e+02	3.021480781578707919e+01	1.370502767958901380e+01
1.298900780780780906e+02	3.017604768203107568e+01	1.370484931847025933e+01
1.300502372372372406e+02	3.013730799019851858e+01	1.370467307374483390e+01
1.302103963963963906e+02	3.009858882914997835e+01	1.370449892031297345e+01
1.303705555555555691e+02	3.005989028754048675e+01	1.370432683337228319e+01
1.305307147147147191e+02	3.002121245381890091e+01	1.370415678841422924e+01
1.306908738738738691e+02	2.998255541622707554e+01	1.370398876122065346e+01
1.308510330330330191e+02	2.994391926279923766e+01	1.370382272786034505e+01
1.310111921921921976e+02	2.990530408136124052e+01	1.370365866468565130e+01
1.311713513513513476e+02	2.986670995952990637e+01	1.370349654832911490e+01
1.313315105105104976e+02	2.982813698471226616e+01	1.370333635570016817e+01
1.314916696696696761e+02	2.978958524410488806e+01	1.370317806398185745e+01
1.316518288288288261e+02	2.975105482469325224e+01	1.370302165062760125e+01
1.318119879879879761e+02	2.971254581325096567e+01	1.370286709335799991e+01
1.319721471471471546e+02	2.967405829633914394e+01	1.370271437015766836e+01
1.321323063063063046e+02	2.963559236030573629e+01	1.370256345927212038e+01
1.322924654654654546e+02	2.959714809128482571e+01	1.370241433920467422e+01
1.324526246246246330e+02	2.955872557519597876e+01	1.370226698871340965e+01
1.326127837837837831e+02	2.952032489774359902e+01	1.370212138680814995e+01
1.327729429429429331e+02	2.948194614441622718e+01	1.370197751274748832e+01
1.329331021021021115e+02	2.944358940048592288e+01	1.370183534603583553e+01
1.330932612612612616e+02	2.940525475100761454e+01	1.370169486642051915e+01
1.332534204204204116e+02	2.936694228081842439e+01	1.370155605388891118e+01
1.334135795795795900e+02	2.932865207453706446e+01	1.370141888866557878e+01
1.335737387387387400e+02	2.929038421656318292e+01	1.370128335120948471e+01
1.337338978978978901e+02	2.925213879107672454e+01	1.370114942221120913e+01
1.338940570570570685e+02	2.921391588203730549e+01	1.370101708259021400e+01
1.340542162162162185e+02	2.917571557318362352e+01	1.370088631349212882e+01
1.342143753753753685e+02	2.913753794803278296e+01	1.370075709628607541e+01
1.343745345345345470e+02	2.909938308987973699e+01	1.370062941256202649e+01
1.345346936936936970e+02	2.906125108179663385e+01	1.370050324412818377e+01
1.346948528528528470e+02	2.902314200663223431e+01	1.370037857300840578e+01
1.348550120120120255e+02	2.898505594701130406e+01	1.370025538143964283e+01
1.350151711711711755e+02	2.894699298533403464e+01	1.370013365186942700e+01
1.351753303303303255e+02	2.890895320377541466e+01	1.370001336695337102e+01
1.353354894894894755e+02	2.887093668428467197e+01	1.369989450955270271e+01
1.354956486486486540e+02	2.883294350858468391e+01	1.369977706273184381e+01
1.356558078078078040e+02	2.879497375817140892e+01	1.369966100975599055e+01
1.358159669669669540e+02	2.875702751431328963e+01	1.369954633408874223e+01
1.359761261261261325e+02	2.871910485805068447e+01	1.369943301938975289e+01
1.361362852852852825e+02	2.868120587019534895e+01	1.369932104951241136e+01
1.362964444444444325e+02	2.864333063132980683e+01	1.369921040850153915e+01
1.364566036036036110e+02	2.860547922180683855e+01	1.369910108059113796e+01
1.366167627627627610e+02	2.856765172174893053e+01	1.369899305020213376e+01
1.367769219219219110e+02	2.852984821104769253e+01	1.369888630194017587e+01
1.369370810810810895e+02	2.849206876936335675e+01	1.369878082059344315e+01
1.370972402402402395e+02	2.845431347612423423e+01	1.369867659113048219e+01
1.372573993993993895e+02	2.841658241052613931e+01	1.369857359869807389e+01
1.374175585585585679e+02	2.837887565153189939e+01	1.369847182861912493e+01
1.375777177177177180e+02	2.834119327787085041e+01	1.369837126639057168e+01
1.377378768768768680e+02	2.830353536803826131e+01	1.369827189768133380e+01
1.378980360360360464e+02	2.826590200029484379e+01	1.369817370833026438e+01
1.380581951951951964e+02	2.822829325266626554e+01	1.369807668434414261e+01
1.382183543543543465e+02	2.819070920294261740e+01	1.369798081189568606e+01
1.383785135135135249e+02	2.815314992867789456e+01	1.369788607732158425e+01
1.385386726726726749e+02	2.811561550718956326e+01	1.369779246712055176e+01
1.386988318318318250e+02	2.807810601555799579e+01	1.369769996795141864e+01
1.388589909909910034e+02	2.804062153062601226e+01	1.369760856663122084e+01
1.390191501501501534e+02	2.800316212899844004e+01	1.369751825013334035e+01
1.391793093093093034e+02	2.796572788704154178e+01	1.369742900558564180e+01
1.393394684684684819e+02	2.792831888088262460e+01	1.369734082026864641e+01
1.394996276276276319e+02	2.789093518640953562e+01	1.369725368161372181e+01
1.396597867867867819e+02	2.785357687927020010e+01	1.369716757720130218e+01
1.398199459459459320e+02	2.781624403487215602e+01	1.369708249475911188e+01
1.399801051051051104e+02	2.777893672838209937e+01	1.369699842216042462e+01
1.401402642642642604e+02	2.774165503472546135e+01	1.369691534742234040e+01
1.403004234234234104e+02	2.770439902858591452e+01	1.369683325870408375e+01
1.404605825825825889e+02	2.766716878440495364e+01	1.369675214430530907e+01
1.406207417417417389e+02	2.762996437638146929e+01	1.369667199266444868e+01
1.407809009009008889e+02	2.759278587847130382e+01	1.369659279235706428e+01
1.409410600600600674e+02	2.755563336438680011e+01	1.369651453209421810e+01
1.411012192192192174e+02	2.751850690759643925e+01	1.369643720072087234e+01
1.412613783783783674e+02	2.748140658132433600e+01	1.369636078721429939e+01
1.414215375375375459e+02	2.744433245854989423e+01	1.369628528068251505e+01
1.415816966966966959e+02	2.740728461200738408e+01	1.369621067036272954e+01
1.417418558558558459e+02	2.737026311418550151e+01	1.369613694561981809e+01
1.419020150150150243e+02	2.733326803732698806e+01	1.369606409594480212e+01
1.420621741741741744e+02	2.729629945342825792e+01	1.369599211095335711e+01
1.422223333333333244e+02	2.725935743423897506e+01	1.369592098038434358e+01
1.423824924924925028e+02	2.722244205126165895e+01	1.369585069409832911e+01
1.425426516516516529e+02	2.718555337575134345e+01	1.369578124207616554e+01
1.427028108108108029e+02	2.714869147871516120e+01	1.369571261441755006e+01
1.428629699699699813e+02	2.711185643091196695e+01	1.369564480133961837e+01
1.430231291291291313e+02	2.707504830285201791e+01	1.369557779317555912e+01
1.431832882882882814e+02	2.703826716479655090e+01	1.369551158037323191e+01
1.433434474474474598e+02	2.700151308675743422e+01	1.369544615349381012e+01
1.435036066066066098e+02	2.696478613849686212e+01	1.369538150321044156e+01
1.436637657657657599e+02	2.692808638952694267e+01	1.369531762030691091e+01
1.438239249249249383e+02	2.689141390910936025e+01	1.369525449567634112e+01
1.439840840840840883e+02	2.685476876625508424e+01	1.369519212031988786e+01
1.441442432432432383e+02	2.681815102972397113e+01	1.369513048534546051e+01
1.443044024024023884e+02	2.678156076802446606e+01	1.369506958196646451e+01
1.444645615615615668e+02	2.674499804941325820e+01	1.369500940150053658e+01
1.446247207207207168e+02	2.670846294189498593e+01	1.369494993536832261e+01
1.447848798798798668e+02	2.667195551322187441e+01	1.369489117509224840e+01
1.449450390390390453e+02	2.663547583089344784e+01	1.369483311229531353e+01
1.451051981981981953e+02	2.659902396215623455e+01	1.369477573869990650e+01
1.452653573573573453e+02	2.656259997400341888e+01	1.369471904612661284e+01
1.454255165165165238e+02	2.652620393317457470e+01	1.369466302649306400e+01
1.455856756756756738e+02	2.648983590615536343e+01	1.369460767181278271e+01
1.457458348348348238e+02	2.645349595917724272e+01	1.369455297419403905e+01
1.459059939939940023e+02	2.641718415821714316e+01	1.369449892583873840e+01
1.460661531531531523e+02	2.638090056899726576e+01	1.369444551904130414e+01
1.462263123123123023e+02	2.634464525698472315e+01	1.369439274618757985e+01
1.463864714714714808e+02	2.630841828739129440e+01	1.369434059975375106e+01
1.465466306306306308e+02	2.627221972517318704e+01	1.369428907230526882e+01
1.467067897897897808e+02	2.623604963503072440e+01	1.369423815649579268e+01
1.468669489489489592e+02	2.619990808140810401e+01	1.369418784506614628e+01
1.470271081081081093e+02	2.616379512849316669e+01	1.369413813084328346e+01
1.471872672672672593e+02	2.612771084021709811e+01	1.369408900673926510e+01
1.473474264264264377e+02	2.609165528025422631e+01	1.369404046575025014e+01
1.475075855855855878e+02	2.605562851202175167e+01	1.369399250095549903e+01
1.476677447447447378e+02	2.601963059867952310e+01	1.369394510551639144e+01
1.478279039039039162e+02	2.598366160312979289e+01	1.369389827267544568e+01
1.479880630630630662e+02	2.594772158801701067e+01	1.369385199575536483e+01
1.481482222222222163e+02	2.591181061572757116e+01	1.369380626815807389e+01
1.483083813813813947e+02	2.587592874838960455e+01	1.369376108336379438e+01
1.484685405405405447e+02	2.584007604787279533e+01	1.369371643493010815e+01
1.486286996996996947e+02	2.580425257578809450e+01	1.369367231649103545e+01
1.487888588588588448e+02	2.576845839348759881e+01	1.369362872175614143e+01
1.489490180180180232e+02	2.573269356206428071e+01	1.369358564450962490e+01
1.491091771771771732e+02	2.569695814235184272e+01	1.369354307860944964e+01
1.492693363363363233e+02	2.566125219492449361e+01	1.369350101798645092e+01
1.494294954954955017e+02	2.562557578009675652e+01	1.369345945664348818e+01
1.495896546546546517e+02	2.558992895792331979e+01	1.369341838865458172e+01
1.497498138138138017e+02	2.555431178819881310e+01	1.369337780816407069e+01
1.499099729729729802e+02	2.551872433045764765e+01	1.369333770938577644e+01
1.500701321321321302e+02	2.548316664397388465e+01	1.369329808660218539e+01
1.502302912912912802e+02	2.544763878776100086e+01	1.369325893416362838e+01
1.503904504504504587e+02	2.541214082057176071e+01	1.369322024648747771e+01
1.505506096096096087e+02	2.537667280089808841e+01	1.369318201805735136e+01
1.507107687687687587e+02	2.534123478697084764e+01	1.369314424342232783e+01
1.508709279279279372e+02	2.530582683675974920e+01	1.369310691719617168e+01
1.510310870870870872e+02	2.527044900797318405e+01	1.369307003405656431e+01
1.511912462462462372e+02	2.523510135805807764e+01	1.369303358874434551e+01
1.513514054054054156e+02	2.519978394419976198e+01	1.369299757606276025e+01
1.515115645645645657e+02	2.516449682332185489e+01	1.369296199087673216e+01
1.516717237237237157e+02	2.512924005208611078e+01	1.369292682811211215e+01
1.518318828828828941e+02	2.509401368689229983e+01	1.369289208275497494e+01
1.519920420420420442e+02	2.505881778387811920e+01	1.369285774985089255e+01
1.521522012012011942e+02	2.502365239891903670e+01	1.369282382450422908e+01
1.523123603603603726e+02	2.498851758762820197e+01	1.369279030187744972e+01
1.524725195195195226e+02	2.495341340535636121e+01	1.369275717719042795e+01
1.526326786786786727e+02	2.491833990719170799e+01	1.369272444571976344e+01
1.527928378378378511e+02	2.488329714795981573e+01	1.369269210279810700e+01
1.529529969969970011e+02	2.484828518222356308e+01	1.369266014381350516e+01
1.531131561561561512e+02	2.481330406428299540e+01	1.369262856420873220e+01
1.532733153153153012e+02	2.477835384817528208e+01	1.369259735948064716e+01
1.534334744744744796e+02	2.474343458767461357e+01	1.369256652517955075e+01
1.535936336336336296e+02	2.470854633629215158e+01	1.369253605690854592e+01
1.537537927927927797e+02	2.467368914727591900e+01	1.369250595032292672e+01
1.539139519519519581e+02	2.463886307361075723e+01	1.369247620112953889e+01
1.540741111111111081e+02	2.460406816801826935e+01	1.369244680508618295e+01
1.542342702702702582e+02	2.456930448295674552e+01	1.369241775800100669e+01
1.543944294294294366e+02	2.453457207062109902e+01	1.369238905573190479e+01
1.545545885885885866e+02	2.449987098294284849e+01	1.369236069418592727e+01
1.547147477477477366e+02	2.446520127159004332e+01	1.369233266931870219e+01
1.548749069069069151e+02	2.443056298796722103e+01	1.369230497713385653e+01
1.550350660660660651e+02	2.439595618321539661e+01	1.369227761368244600e+01
1.551952252252252151e+02	2.436138090821199143e+01	1.369225057506239018e+01
1.553553843843843936e+02	2.432683721357082263e+01	1.369222385741792536e+01
1.555155435435435436e+02	2.429232514964209599e+01	1.369219745693904144e+01
1.556757027027026936e+02	2.425784476651233490e+01	1.369217136986095262e+01
1.558358618618618721e+02	2.422339611400440162e+01	1.369214559246354845e+01
1.559960210210210221e+02	2.418897924167748315e+01	1.369212012107087695e+01
1.561561801801801721e+02	2.415459419882705916e+01	1.369209495205060989e+01
1.563163393393393505e+02	2.412024103448491275e+01	1.369207008181352769e+01
1.564764984984985006e+02	2.408591979741913036e+01	1.369204550681301313e+01
1.566366576576576506e+02	2.405163053613408763e+01	1.369202122354453799e+01
1.567968168168168290e+02	2.401737329887047423e+01	1.369199722854517098e+01
1.569569759759759791e+02	2.398314813360530451e+01	1.369197351839308041e+01
1.571171351351351291e+02	2.394895508805191042e+01	1.369195008970704386e+01
1.572772942942943075e+02	2.391479420965998415e+01	1.369192693914597214e+01
1.574374534534534575e+02	2.388066554561559229e+01	1.369190406340843325e+01
1.575976126126126076e+02	2.384656914284120077e+01	1.369188145923217093e+01
1.577577717717717576e+02	2.381250504799569967e+01	1.369185912339365707e+01
1.579179309309309360e+02	2.377847330747444943e+01	1.369183705270761919e+01
1.580780900900900861e+02	2.374447396740931993e+01	1.369181524402658567e+01
1.582382492492492361e+02	2.371050707366871890e+01	1.369179369424045056e+01
1.583984084084084145e+02	2.367657267185764880e+01	1.369177240027601528e+01
1.585585675675675645e+02	2.364267080731776005e+01	1.369175135909655872e+01
1.587187267267267146e+02	2.360880152512739727e+01	1.369173056770140207e+01
1.588788858858858930e+02	2.357496487010164543e+01	1.369171002312548424e+01
1.590390450450450430e+02	2.354116088679244001e+01	1.369168972243893556e+01
1.591992042042041930e+02	2.350738961948857053e+01	1.369166966274665675e+01
1.593593633633633715e+02	2.347365111221578005e+01	1.369164984118791573e+01
1.595195225225225215e+02	2.343994540873686105e+01	1.369163025493593722e+01
1.596796816816816715e+02	2.340627255255168748e+01	1.369161090119748891e+01
1.598398408408408500e+02	2.337263258689731060e+01	1.369159177721250131e+01
1.600000000000000000e+02	2.333902555474808693e+01	1.369157288025365737e+01
