0.0000000000	60.0000000000	60.0000000000
0.2002002002	25.6157152298	16.2838857923
0.4004004004	20.7016764824	12.5087770362
0.6006006006	18.0453690811	10.6196465537
0.8008008008	16.2838857923	9.4202637170
1.0010010010	14.9943728895	8.5677539207
1.2012012012	13.9926034059	7.9197889141
1.4014014014	13.1826873649	7.4048037942
1.6016016016	12.5087770362	6.9822130726
1.8018018018	11.9356992104	6.6269984388
2.0020020020	11.4399817758	6.3227596843
2.2022022022	11.0052454961	6.0582248455
2.4024024024	10.6196465537	5.8253495545
2.6026026026	10.2743681979	5.6182141014
2.8028028028	9.9626863799	5.4323498378
3.0030030030	9.6793670166	5.2643100868
3.2032032032	9.4202637170	5.1113869685
3.4034034034	9.1820413889	4.9714188047
3.6036036036	8.9619815163	4.8426556806
3.8038038038	8.7578419395	4.7236634521
4.0040040040	8.5677539207	4.6132538231
4.2042042042	8.3901452767	4.5104325048
4.4044044044	8.2236820945	4.4143601696
4.6046046046	8.0672239260	4.3243226206
4.8048048048	7.9197889141	4.2397077079
5.0050050050	7.7805263402	4.1599872570
5.2052052052	7.6486947911	4.0847027688
5.4054054054	7.5236446289	4.0134539943
5.6056056056	7.4048037942	3.9458897238
5.8058058058	7.2916662159	3.8817002990
6.0060060060	7.1837822774	3.8206114807
6.2062062062	7.0807509221	3.7623793888
6.4064064064	6.9822130726	3.7067863010
6.6066066066	6.8878461124	3.6536371428
6.8068068068	6.7973592330	3.6027565366
7.0070070070	6.7104894891	3.5539863093
7.2072072072	6.6269984388	3.5071833757
7.4074074074	6.5466692674	3.4622179314
7.6076076076	6.4693043150	3.4189719050
7.8078078078	6.3947229431	3.3773376248
8.0080080080	6.3227596843	3.3372166671
8.2082082082	6.2532626343	3.2985188564
8.4084084084	6.1860920475	3.2611613952
8.6086086086	6.1211191074	3.2250681036
8.8088088088	6.0582248455	3.1901687528
9.0090090090	5.9972991896	3.1563984784
9.2092092092	5.9382401215	3.1236972642
9.4094094094	5.8809529313	3.0920094843
9.6096096096	5.8253495545	3.0612834978
9.8098098098	5.7713479810	3.0314712880
10.0100100100	5.7188717279	3.0025281414
10.2102102102	5.6678493670	2.9744123603
10.4104104104	5.6182141014	2.9470850051
10.6106106106	5.5699033845	2.9205096644
10.8108108108	5.5228585768	2.8946522466
11.0110110110	5.4770246362	2.8694807931
11.2112112112	5.4323498378	2.8449653092
11.4114114114	5.3887855198	2.8210776114
11.6116116116	5.3462858536	2.7977911889
11.8118118118	5.3048076336	2.7750810775
12.0120120120	5.2643100868	2.7529237454
12.2122122122	5.2247546986	2.7312969891
12.4124124124	5.1861050537	2.7101798381
12.6126126126	5.1483266907	2.6895524683
12.8128128128	5.1113869685	2.6693961222
13.0130130130	5.0752549444	2.6496930362
13.2132132132	5.0399012611	2.6304263739
13.4134134134	5.0052980438	2.6115801643
13.6136136136	4.9714188047	2.5931392458
13.8138138138	4.9382383550	2.5750892135
14.0140140140	4.9057327239	2.5574163718
14.2142142142	4.8738790839	2.5401076898
14.4144144144	4.8426556806	2.5231507600
14.6146146146	4.8120417692	2.5065337609
14.8148148148	4.7820175544	2.4902454215
15.0150150150	4.7525641348	2.4742749888
15.2152152152	4.7236634521	2.4586121976
15.4154154154	4.6952982427	2.4432472420
15.6156156156	4.6674519929	2.4281707498
15.8158158158	4.6401088980	2.4133737577
16.0160160160	4.6132538231	2.3988476888
16.2162162162	4.5868722667	2.3845843312
16.4164164164	4.5609503274	2.3705758183
16.6166166166	4.5354746717	2.3568146106
16.8168168168	4.5104325048	2.3432934780
17.0170170170	4.4858115426	2.3300054838
17.2172172172	4.4615999858	2.3169439694
17.4174174174	4.4377864953	2.3041025405
17.6176176176	4.4143601696	2.2914750532
17.8178178178	4.3913105229	2.2790556018
18.0180180180	4.3686274651	2.2668385072
18.2182182182	4.3463012827	2.2548183054
18.4184184184	4.3243226206	2.2429897375
18.6186186186	4.3026824656	2.2313477394
18.8188188188	4.2813721303	2.2198874334
19.0190190190	4.2603832378	2.2086041186
19.2192192192	4.2397077079	2.1974932633
19.4194194194	4.2193377435	2.1865504971
19.6196196196	4.1992658178	2.1757716033
19.8198198198	4.1794846627	2.1651525123
20.0200200200	4.1599872570	2.1546892953
20.2202202202	4.1407668159	2.1443781572
20.4204204204	4.1218167809	2.1342154320
20.6206206206	4.1031308101	2.1241975761
20.8208208208	4.0847027688	2.1143211637
21.0210210210	4.0665267212	2.1045828817
21.2212212212	4.0485969222	2.0949795249
21.4214214214	4.0309078090	2.0855079916
21.6216216216	4.0134539943	2.0761652791
21.8218218218	3.9962302592	2.0669484801
22.0220220220	3.9792315458	2.0578547783
22.2222222222	3.9624529519	2.0488814454
22.4224224224	3.9458897238	2.0400258368
22.6226226226	3.9295372513	2.0312853890
22.8228228228	3.9133910618	2.0226576162
23.0230230230	3.8974468153	2.0141401072
23.2232232232	3.8817002990	2.0057305226
23.4234234234	3.8661474230	1.9974265921
23.6236236236	3.8507842152	1.9892261118
23.8238238238	3.8356068173	1.9811269420
24.0240240240	3.8206114807	1.9731270044
24.2242242242	3.8057945622	1.9652242801
24.4244244244	3.7911525205	1.9574168074
24.6246246246	3.7766819122	1.9497026798
24.8248248248	3.7623793888	1.9420800438
25.0250250250	3.7482416929	1.9345470972
25.2252252252	3.7342656553	1.9271020871
25.4254254254	3.7204481920	1.9197433087
25.6256256256	3.7067863010	1.9124691028
25.8258258258	3.6932770598	1.9052778548
26.0260260260	3.6799176223	1.8981679932
26.2262262262	3.6667052167	1.8911379877
26.4264264264	3.6536371428	1.8841863483
26.6266266266	3.6407107697	1.8773116235
26.8268268268	3.6279235333	1.8705123996
27.0270270270	3.6152729344	1.8637872987
27.2272272272	3.6027565366	1.8571349781
27.4274274274	3.5903719640	1.8505541292
27.6276276276	3.5781168995	1.8440434758
27.8278278278	3.5659890830	1.8376017737
28.0280280280	3.5539863093	1.8312278094
28.2282282282	3.5421064269	1.8249203990
28.4284284284	3.5303473356	1.8186783878
28.6286286286	3.5187069856	1.8125006486
28.8288288288	3.5071833757	1.8063860815
29.0290290290	3.4957745517	1.8003336128
29.2292292292	3.4844786053	1.7943421942
29.4294294294	3.4732936722	1.7884108021
29.6296296296	3.4622179314	1.7825384369
29.8298298298	3.4512496036	1.7767241220
30.0300300300	3.4403869499	1.7709669035
30.2302302302	3.4296282708	1.7652658493
30.4304304304	3.4189719050	1.7596200484
30.6306306306	3.4084162283	1.7540286107
30.8308308308	3.3979596525	1.7484906657
31.0310310310	3.3876006244	1.7430053626
31.2312312312	3.3773376248	1.7375718695
31.4314314314	3.3671691678	1.7321893726
31.6316316316	3.3570937992	1.7268570761
31.8318318318	3.3471100964	1.7215742015
32.0320320320	3.3372166671	1.7163399870
32.2322322322	3.3274121486	1.7111536874
32.4324324324	3.3176952068	1.7060145731
32.6326326326	3.3080645356	1.7009219304
32.8328328328	3.2985188564	1.6958750604
33.0330330330	3.2890569168	1.6908732788
33.2332332332	3.2796774902	1.6859159158
33.4334334334	3.2703793753	1.6810023152
33.6336336336	3.2611613952	1.6761318345
33.8338338338	3.2520223967	1.6713038444
34.0340340340	3.2429612498	1.6665177283
34.2342342342	3.2339768472	1.6617728822
34.4344344344	3.2250681036	1.6570687139
34.6346346346	3.2162339552	1.6524046436
34.8348348348	3.2074733590	1.6477801027
35.0350350350	3.1987852924	1.6431945338
35.2352352352	3.1901687528	1.6386473906
35.4354354354	3.1816227568	1.6341381374
35.6356356356	3.1731463400	1.6296662491
35.8358358358	3.1647385566	1.6252312106
36.0360360360	3.1563984784	1.6208325166
36.2362362362	3.1481251951	1.6164696717
36.4364364364	3.1399178134	1.6121421898
36.6366366366	3.1317754565	1.6078495941
36.8368368368	3.1236972642	1.6035914165
37.0370370370	3.1156823922	1.5993671979
37.2372372372	3.1077300115	1.5951764878
37.4374374374	3.0998393085	1.5910188439
37.6376376376	3.0920094843	1.5868938320
37.8378378378	3.0842397545	1.5828010260
38.0380380380	3.0765293489	1.5787400075
38.2382382382	3.0688775110	1.5747103657
38.4384384384	3.0612834978	1.5707116972
38.6386386386	3.0537465795	1.5667436058
38.8388388388	3.0462660393	1.5628057024
39.0390390390	3.0388411728	1.5588976049
39.2392392392	3.0314712880	1.5550189378
39.4394394394	3.0241557050	1.5511693324
39.6396396396	3.0168937555	1.5473484261
39.8398398398	3.0096847828	1.5435558630
40.0400400400	3.0025281414	1.5397912931
40.2402402402	2.9954231970	1.5360543727
40.4404404404	2.9883693257	1.5323447636
40.6406406406	2.9813659144	1.5286621337
40.8408408408	2.9744123603	1.5250061565
41.0410410410	2.9675080704	1.5213765108
41.2412412412	2.9606524619	1.5177728811
41.4414414414	2.9538449614	1.5141949569
41.6416416416	2.9470850051	1.5106424331
41.8418418418	2.9403720385	1.5071150095
42.0420420420	2.9337055158	1.5036123909
42.2422422422	2.9270849005	1.5001342871
42.4424424424	2.9205096644	1.4966804123
42.6426426426	2.9139792882	1.4932504857
42.8428428428	2.9074932605	1.4898442308
43.0430430430	2.9010510783	1.4864613756
43.2432432432	2.8946522466	1.4831016527
43.4434434434	2.8882962781	1.4797647987
43.6436436436	2.8819826931	1.4764505544
43.8438438438	2.8757110197	1.4731586649
44.0440440440	2.8694807931	1.4698888791
44.2442442442	2.8632915557	1.4666409499
44.4444444444	2.8571428571	1.4634146341
44.6446446446	2.8510342539	1.4602096924
44.8448448448	2.8449653092	1.4570258888
45.0450450450	2.8389355929	1.4538629914
45.2452452452	2.8329446816	1.4507207716
45.4454454454	2.8269921581	1.4475990043
45.6456456456	2.8210776114	1.4444974679
45.8458458458	2.8152006369	1.4414159442
46.0460460460	2.8093608359	1.4383542180
46.2462462462	2.8035578155	1.4353120777
46.4464464464	2.7977911889	1.4322893147
46.6466466466	2.7920605748	1.4292857234
46.8468468468	2.7863655974	1.4263011013
47.0470470470	2.7807058865	1.4233352492
47.2472472472	2.7750810775	1.4203879702
47.4474474474	2.7694908107	1.4174590709
47.6476476476	2.7639347317	1.4145483604
47.8478478478	2.7584124914	1.4116556505
48.0480480480	2.7529237454	1.4087807560
48.2482482482	2.7474681544	1.4059234941
48.4484484484	2.7420453838	1.4030836847
48.6486486486	2.7366551038	1.4002611504
48.8488488488	2.7312969891	1.3974557161
49.0490490490	2.7259707192	1.3946672094
49.2492492492	2.7206759779	1.3918954601
49.4494494494	2.7154124533	1.3891403006
49.6496496496	2.7101798381	1.3864015655
49.8498498498	2.7049778291	1.3836790918
50.0500500501	2.6998061271	1.3809727186
50.2502502503	2.6946644371	1.3782822874
50.4504504505	2.6895524683	1.3756076419
50.6506506507	2.6844699337	1.3729486278
50.8508508509	2.6794165500	1.3703050929
51.0510510511	2.6743920380	1.3676768872
51.2512512513	2.6693961222	1.3650638626
51.4514514515	2.6644285306	1.3624658732
51.6516516517	2.6594889950	1.3598827748
51.8518518519	2.6545772506	1.3573144252
52.0520520521	2.6496930362	1.3547606844
52.2522522523	2.6448360941	1.3522214137
52.4524524525	2.6400061699	1.3496964768
52.6526526527	2.6352030124	1.3471857388
52.8528528529	2.6304263739	1.3446890668
53.0530530531	2.6256760097	1.3422063295
53.2532532533	2.6209516784	1.3397373974
53.4534534535	2.6162531417	1.3372821426
53.6536536537	2.6115801643	1.3348404389
53.8538538539	2.6069325139	1.3324121618
54.0540540541	2.6023099611	1.3299971883
54.2542542543	2.5977122796	1.3275953970
54.4544544545	2.5931392458	1.3252066680
54.6546546547	2.5885906388	1.3228308831
54.8548548549	2.5840662409	1.3204679253
55.0550550551	2.5795658366	1.3181176794
55.2552552553	2.5750892135	1.3157800315
55.4554554555	2.5706361615	1.3134548689
55.6556556557	2.5662064734	1.3111420808
55.8558558559	2.5617999442	1.3088415574
56.0560560561	2.5574163718	1.3065531902
56.2562562563	2.5530555564	1.3042768725
56.4564564565	2.5487173005	1.3020124984
56.6566566567	2.5444014091	1.2997599636
56.8568568569	2.5401076898	1.2975191650
57.0570570571	2.5358359521	1.2952900006
57.2572572573	2.5315860080	1.2930723700
57.4574574575	2.5273576718	1.2908661736
57.6576576577	2.5231507600	1.2886713134
57.8578578579	2.5189650911	1.2864876921
58.0580580581	2.5148004861	1.2843152141
58.2582582583	2.5106567676	1.2821537845
58.4584584585	2.5065337609	1.2800033097
58.6586586587	2.5024312929	1.2778636973
58.8588588589	2.4983491926	1.2757348559
59.0590590591	2.4942872911	1.2736166950
59.2592592593	2.4902454215	1.2715091256
59.4594594595	2.4862234187	1.2694120593
59.6596596597	2.4822211195	1.2673254089
59.8598598599	2.4782383627	1.2652490883
60.0600600601	2.4742749888	1.2631830122
60.2602602603	2.4703308403	1.2611270965
60.4604604605	2.4664057613	1.2590812579
60.6606606607	2.4624995979	1.2570454142
60.8608608609	2.4586121976	1.2550194839
61.0610610611	2.4547434099	1.2530033867
61.2612612613	2.4508930860	1.2509970430
61.4614614615	2.4470610785	1.2490003743
61.6616616617	2.4432472420	1.2470133028
61.8618618619	2.4394514325	1.2450357516
62.0620620621	2.4356735075	1.2430676448
62.2622622623	2.4319133264	1.2411089073
62.4624624625	2.4281707498	1.2391594646
62.6626626627	2.4244456401	1.2372192434
62.8628628629	2.4207378611	1.2352881709
63.0630630631	2.4170472781	1.2333661754
63.2632632633	2.4133737577	1.2314531856
63.4634634635	2.4097171683	1.2295491313
63.6636636637	2.4060773794	1.2276539429
63.8638638639	2.4024542621	1.2257675517
64.0640640641	2.3988476888	1.2238898897
64.2642642643	2.3952575332	1.2220208895
64.4644644645	2.3916836706	1.2201604845
64.6646646647	2.3881259773	1.2183086090
64.8648648649	2.3845843312	1.2164651977
65.0650650651	2.3810586112	1.2146301861
65.2652652653	2.3775486978	1.2128035106
65.4654654655	2.3740544726	1.2109851080
65.6656656657	2.3705758183	1.2091749160
65.8658658659	2.3671126191	1.2073728726
66.0660660661	2.3636647603	1.2055789168
66.2662662663	2.3602321282	1.2037929882
66.4664664665	2.3568146106	1.2020150268
66.6666666667	2.3534120963	1.2002449735
66.8668668669	2.3500244752	1.1984827696
67.0670670671	2.3466516383	1.1967283572
67.2672672673	2.3432934780	1.1949816788
67.4674674675	2.3399498874	1.1932426776
67.6676676677	2.3366207611	1.1915112975
67.8678678679	2.3333059943	1.1897874827
68.0680680681	2.3300054838	1.1880711782
68.2682682683	2.3267191269	1.1863623295
68.4684684685	2.3234468223	1.1846608825
68.6686686687	2.3201884696	1.1829667839
68.8688688689	2.3169439694	1.1812799808
69.0690690691	2.3137132233	1.1796004208
69.2692692693	2.3104961340	1.1779280521
69.4694694695	2.3072926049	1.1762628234
69.6696696697	2.3041025405	1.1746046839
69.8698698699	2.3009258463	1.1729535833
70.0700700701	2.2977624287	1.1713094718
70.2702702703	2.2946121949	1.1696723001
70.4704704705	2.2914750532	1.1680420195
70.6706706707	2.2883509126	1.1664185815
70.8708708709	2.2852396831	1.1648019383
71.0710710711	2.2821412757	1.1631920426
71.2712712713	2.2790556018	1.1615888473
71.4714714715	2.2759825743	1.1599923061
71.6716716717	2.2729221064	1.1584023729
71.8718718719	2.2698741123	1.1568190020
72.0720720721	2.2668385072	1.1552421485
72.2722722723	2.2638152069	1.1536717676
72.4724724725	2.2608041281	1.1521078149
72.6726726727	2.2578051882	1.1505502467
72.8728728729	2.2548183054	1.1489990196
73.0730730731	2.2518433988	1.1474540904
73.2732732733	2.2488803882	1.1459154166
73.4734734735	2.2459291940	1.1443829561
73.6736736737	2.2429897375	1.1428566669
73.8738738739	2.2400619407	1.1413365076
74.0740740741	2.2371457263	1.1398224373
74.2742742743	2.2342410178	1.1383144152
74.4744744745	2.2313477394	1.1368124012
74.6746746747	2.2284658159	1.1353163553
74.8748748749	2.2255951728	1.1338262381
75.0750750751	2.2227357363	1.1323420102
75.2752752753	2.2198874334	1.1308636331
75.4754754755	2.2170501916	1.1293910682
75.6756756757	2.2142239392	1.1279242774
75.8758758759	2.2114086050	1.1264632230
76.0760760761	2.2086041186	1.1250078677
76.2762762763	2.2058104101	1.1235581744
76.4764764765	2.2030274104	1.1221141063
76.6766766767	2.2002550508	1.1206756271
76.8768768769	2.1974932633	1.1192427008
77.0770770771	2.1947419807	1.1178152916
77.2772772773	2.1920011361	1.1163933641
77.4774774775	2.1892706635	1.1149768832
77.6776776777	2.1865504971	1.1135658142
77.8778778779	2.1838405720	1.1121601227
78.0780780781	2.1811408238	1.1107597743
78.2782782783	2.1784511887	1.1093647354
78.4784784785	2.1757716033	1.1079749723
78.6786786787	2.1731020048	1.1065904518
78.8788788789	2.1704423312	1.1052111410
79.0790790791	2.1677925208	1.1038370071
79.2792792793	2.1651525123	1.1024680178
79.4794794795	2.1625222454	1.1011041410
79.6796796797	2.1599016598	1.0997453449
79.8798798799	2.1572906961	1.0983915979
80.0800800801	2.1546892953	1.0970428687
80.2802802803	2.1520973987	1.0956991264
80.4804804805	2.1495149485	1.0943603401
80.6806806807	2.1469418870	1.0930264796
80.8808808809	2.1443781572	1.0916975145
81.0810810811	2.1418237027	1.0903734149
81.2812812813	2.1392784673	1.0890541511
81.4814814815	2.1367423954	1.0877396937
81.6816816817	2.1342154320	1.0864300135
81.8818818819	2.1316975223	1.0851250815
82.0820820821	2.1291886122	1.0838248692
82.2822822823	2.1266886478	1.0825293479
82.4824824825	2.1241975761	1.0812384895
82.6826826827	2.1217153439	1.0799522661
82.8828828829	2.1192418991	1.0786706498
83.0830830831	2.1167771895	1.0773936133
83.2832832833	2.1143211637	1.0761211291
83.4834834835	2.1118737704	1.0748531704
83.6836836837	2.1094349592	1.0735897101
83.8838838839	2.1070046795	1.0723307218
84.0840840841	2.1045828817	1.0710761791
84.2842842843	2.1021695161	1.0698260557
84.4844844845	2.0997645339	1.0685803258
84.6846846847	2.0973678862	1.0673389636
84.8848848849	2.0949795249	1.0661019436
85.0850850851	2.0925994021	1.0648692405
85.2852852853	2.0902274702	1.0636408291
85.4854854855	2.0878636823	1.0624166846
85.6856856857	2.0855079916	1.0611967822
85.8858858859	2.0831603516	1.0599810975
86.0860860861	2.0808207166	1.0587696061
86.2862862863	2.0784890408	1.0575622839
86.4864864865	2.0761652791	1.0563591071
86.6866866867	2.0738493865	1.0551600518
86.8868868869	2.0715413185	1.0539650946
87.0870870871	2.0692410310	1.0527742121
87.2872872873	2.0669484801	1.0515873812
87.4874874875	2.0646636223	1.0504045789
87.6876876877	2.0623864146	1.0492257823
87.8878878879	2.0601168141	1.0480509689
88.0880880881	2.0578547783	1.0468801163
88.2882882883	2.0556002652	1.0457132021
88.4884884885	2.0533532330	1.0445502043
88.6886886887	2.0511136401	1.0433911010
88.8888888889	2.0488814454	1.0422358705
89.0890890891	2.0466566081	1.0410844911
89.2892892893	2.0444390876	1.0399369416
89.4894894895	2.0422288438	1.0387932005
89.6896896897	2.0400258368	1.0376532470
89.8898898899	2.0378300269	1.0365170600
90.0900900901	2.0356413749	1.0353846189
90.2902902903	2.0334598419	1.0342559030
90.4904904905	2.0312853890	1.0331308919
90.6906906907	2.0291179780	1.0320095653
90.8908908909	2.0269575707	1.0308919032
91.0910910911	2.0248041292	1.0297778856
91.2912912913	2.0226576162	1.0286674926
91.4914914915	2.0205179943	1.0275607046
91.6916916917	2.0183852266	1.0264575021
91.8918918919	2.0162592764	1.0253578658
92.0920920921	2.0141401072	1.0242617763
92.2922922923	2.0120276830	1.0231692147
92.4924924925	2.0099219678	1.0220801620
92.6926926927	2.0078229261	1.0209945994
92.8928928929	2.0057305226	1.0199125084
93.0930930931	2.0036447221	1.0188338703
93.2932932933	2.0015654898	1.0177586668
93.4934934935	1.9994927913	1.0166868797
93.6936936937	1.9974265921	1.0156184909
93.8938938939	1.9953668582	1.0145534824
94.0940940941	1.9933135559	1.0134918364
94.2942942943	1.9912666515	1.0124335352
94.4944944945	1.9892261118	1.0113785613
94.6946946947	1.9871919038	1.0103268971
94.8948948949	1.9851639944	1.0092785255
95.0950950951	1.9831423513	1.0082334291
95.2952952953	1.9811269420	1.0071915910
95.4954954955	1.9791177345	1.0061529942
95.6956956957	1.9771146967	1.0051176219
95.8958958959	1.9751177972	1.0040854574
96.0960960961	1.9731270044	1.0030564842
96.2962962963	1.9711422872	1.0020306857
96.4964964965	1.9691636145	1.0010080458
96.6966966967	1.9671909557	0.9999885481
96.8968968969	1.9652242801	0.9989721765
97.0970970971	1.9632635575	0.9979589152
97.2972972973	1.9613087578	0.9969487481
97.4974974975	1.9593598510	0.9959416597
97.6976976977	1.9574168074	0.9949376341
97.8978978979	1.9554795977	0.9939366560
98.0980980981	1.9535481926	0.9929387098
98.2982982983	1.9516225629	0.9919437803
98.4984984985	1.9497026798	0.9909518523
98.6986986987	1.9477885147	0.9899629106
98.8988988989	1.9458800392	0.9889769403
99.0990990991	1.9439772249	0.9879939265
99.2992992993	1.9420800438	0.9870138545
99.4994994995	1.9401884680	0.9860367095
99.6996996997	1.9383024700	0.9850624769
99.8998998999	1.9364220221	0.9840911424
100.1001001001	1.9345470972	0.9831226915
100.3003003003	1.9326776680	0.9821571099
100.5005005005	1.9308137077	0.9811943836
100.7007007007	1.9289551896	0.9802344983
100.9009009009	1.9271020871	0.9792774402
101.1011011011	1.9252543739	0.9783231954
101.3013013013	1.9234120237	0.9773717500
101.5015015015	1.9215750106	0.9764230904
101.7017017017	1.9197433087	0.9754772030
101.9019019019	1.9179168924	0.9745340742
102.1021021021	1.9160957361	0.9735936907
102.3023023023	1.9142798146	0.9726560392
102.5025025025	1.9124691028	0.9717211063
102.7027027027	1.9106635756	0.9707888791
102.9029029029	1.9088632083	0.9698593443
103.1031031031	1.9070679762	0.9689324891
103.3033033033	1.9052778548	0.9680083006
103.5035035035	1.9034928199	0.9670867659
103.7037037037	1.9017128473	0.9661678725
103.9039039039	1.8999379130	0.9652516075
104.1041041041	1.8981679932	0.9643379587
104.3043043043	1.8964030642	0.9634269134
104.5045045045	1.8946431025	0.9625184592
104.7047047047	1.8928880847	0.9616125841
104.9049049049	1.8911379877	0.9607092756
105.1051051051	1.8893927884	0.9598085217
105.3053053053	1.8876524638	0.9589103103
105.5055055055	1.8859169914	0.9580146296
105.7057057057	1.8841863483	0.9571214675
105.9059059059	1.8824605122	0.9562308123
106.1061061061	1.8807394608	0.9553426523
106.3063063063	1.8790231719	0.9544569758
106.5065065065	1.8773116235	0.9535737711
106.7067067067	1.8756047938	0.9526930270
106.9069069069	1.8739026609	0.9518147318
107.1071071071	1.8722052033	0.9509388742
107.3073073073	1.8705123996	0.9500654431
107.5075075075	1.8688242284	0.9491944270
107.7077077077	1.8671406685	0.9483258150
107.9079079079	1.8654616989	0.9474595960
108.1081081081	1.8637872987	0.9465957589
108.3083083083	1.8621174471	0.9457342929
108.5085085085	1.8604521234	0.9448751871
108.7087087087	1.8587913072	0.9440184307
108.9089089089	1.8571349781	0.9431640131
109.1091091091	1.8554831158	0.9423119234
109.3093093093	1.8538357002	0.9414621513
109.5095095095	1.8521927113	0.9406146862
109.7097097097	1.8505541292	0.9397695176
109.9099099099	1.8489199341	0.9389266352
110.1101101101	1.8472901065	0.9380860286
110.3103103103	1.8456646269	0.9372476876
110.5105105105	1.8440434758	0.9364116021
110.7107107107	1.8424266340	0.9355777619
110.9109109109	1.8408140824	0.9347461569
111.1111111111	1.8392058019	0.9339167772
111.3113113113	1.8376017737	0.9330896129
111.5115115115	1.8360019789	0.9322646540
111.7117117117	1.8344063990	0.9314418909
111.9119119119	1.8328150153	0.9306213136
112.1121121121	1.8312278094	0.9298029126
112.3123123123	1.8296447629	0.9289866782
112.5125125125	1.8280658578	0.9281726009
112.7127127127	1.8264910758	0.9273606712
112.9129129129	1.8249203990	0.9265508795
113.1131131131	1.8233538096	0.9257432166
113.3133133133	1.8217912896	0.9249376731
113.5135135135	1.8202328215	0.9241342397
113.7137137137	1.8186783878	0.9233329073
113.9139139139	1.8171279709	0.9225336665
114.1141141141	1.8155815535	0.9217365085
114.3143143143	1.8140391185	0.9209414240
114.5145145145	1.8125006486	0.9201484041
114.7147147147	1.8109661268	0.9193574399
114.9149149149	1.8094355362	0.9185685225
115.1151151151	1.8079088600	0.9177816430
115.3153153153	1.8063860815	0.9169967928
115.5155155155	1.8048671839	0.9162139629
115.7157157157	1.8033521509	0.9154331449
115.9159159159	1.8018409660	0.9146543300
116.1161161161	1.8003336128	0.9138775097
116.3163163163	1.7988300751	0.9131026755
116.5165165165	1.7973303368	0.9123298189
116.7167167167	1.7958343818	0.9115589315
116.9169169169	1.7943421942	0.9107900049
117.1171171171	1.7928537581	0.9100230308
117.3173173173	1.7913690579	0.9092580010
117.5175175175	1.7898880777	0.9084949072
117.7177177177	1.7884108021	0.9077337413
117.9179179179	1.7869372156	0.9069744951
118.1181181181	1.7854673027	0.9062171606
118.3183183183	1.7840010482	0.9054617297
118.5185185185	1.7825384369	0.9047081945
118.7187187187	1.7810794536	0.9039565471
118.9189189189	1.7796240833	0.9032067794
119.1191191191	1.7781723110	0.9024588838
119.3193193193	1.7767241220	0.9017128525
119.5195195195	1.7752795013	0.9009686775
119.7197197197	1.7738384344	0.9002263514
119.9199199199	1.7724009067	0.8994858664
120.1201201201	1.7709669035	0.8987472148
120.3203203203	1.7695364105	0.8980103892
120.5205205205	1.7681094132	0.8972753820
120.7207207207	1.7666858976	0.8965421858
120.9209209209	1.7652658493	0.8958107930
121.1211211211	1.7638492542	0.8950811963
121.3213213213	1.7624360983	0.8943533883
121.5215215215	1.7610263677	0.8936273617
121.7217217217	1.7596200484	0.8929031093
121.9219219219	1.7582171268	0.8921806238
122.1221221221	1.7568175890	0.8914598981
122.3223223223	1.7554214215	0.8907409249
122.5225225225	1.7540286107	0.8900236972
122.7227227227	1.7526391430	0.8893082080
122.9229229229	1.7512530052	0.8885944501
123.1231231231	1.7498701838	0.8878824167
123.3233233233	1.7484906657	0.8871721007
123.5235235235	1.7471144376	0.8864634952
123.7237237237	1.7457414864	0.8857565935
123.9239239239	1.7443717990	0.8850513885
124.1241241241	1.7430053626	0.8843478737
124.3243243243	1.7416421643	0.8836460422
124.5245245245	1.7402821911	0.8829458873
124.7247247247	1.7389254304	0.8822474022
124.9249249249	1.7375718695	0.8815505805
125.1251251251	1.7362214958	0.8808554154
125.3253253253	1.7348742967	0.8801619005
125.5255255255	1.7335302598	0.8794700291
125.7257257257	1.7321893726	0.8787797948
125.9259259259	1.7308516229	0.8780911911
126.1261261261	1.7295169984	0.8774042117
126.3263263263	1.7281854868	0.8767188500
126.5265265265	1.7268570761	0.8760350998
126.7267267267	1.7255317542	0.8753529548
126.9269269269	1.7242095091	0.8746724086
127.1271271271	1.7228903288	0.8739934550
127.3273273273	1.7215742015	0.8733160878
127.5275275275	1.7202611154	0.8726403008
127.7277277277	1.7189510587	0.8719660879
127.9279279279	1.7176440198	0.8712934430
128.1281281281	1.7163399870	0.8706223599
128.3283283283	1.7150389488	0.8699528327
128.5285285285	1.7137408938	0.8692848553
128.7287287287	1.7124458104	0.8686184217
128.9289289289	1.7111536874	0.8679535260
129.1291291291	1.7098645133	0.8672901622
129.3293293293	1.7085782770	0.8666283246
129.5295295295	1.7072949674	0.8659680072
129.7297297297	1.7060145731	0.8653092042
129.9299299299	1.7047370833	0.8646519098
130.1301301301	1.7034624869	0.8639961182
130.3303303303	1.7021907729	0.8633418238
130.5305305305	1.7009219304	0.8626890208
130.7307307307	1.6996559487	0.8620377036
130.9309309309	1.6983928169	0.8613878665
131.1311311311	1.6971325244	0.8607395039
131.3313313313	1.6958750604	0.8600926103
131.5315315315	1.6946204144	0.8594471800
131.7317317317	1.6933685758	0.8588032076
131.9319319319	1.6921195341	0.8581606876
132.1321321321	1.6908732788	0.8575196144
132.3323323323	1.6896297997	0.8568799828
132.5325325325	1.6883890863	0.8562417872
132.7327327327	1.6871511284	0.8556050224
132.9329329329	1.6859159158	0.8549696829
133.1331331331	1.6846834382	0.8543357634
133.3333333333	1.6834536856	0.8537032586
133.5335335335	1.6822266480	0.8530721634
133.7337337337	1.6810023152	0.8524424723
133.9339339339	1.6797806773	0.8518141803
134.1341341341	1.6785617245	0.8511872822
134.3343343343	1.6773454468	0.8505617727
134.5345345345	1.6761318345	0.8499376468
134.7347347347	1.6749208778	0.8493148994
134.9349349349	1.6737125670	0.8486935253
135.1351351351	1.6725068924	0.8480735196
135.3353353353	1.6713038444	0.8474548772
135.5355355355	1.6701034135	0.8468375931
135.7357357357	1.6689055902	0.8462216623
135.9359359359	1.6677103649	0.8456070799
136.1361361361	1.6665177283	0.8449938410
136.3363363363	1.6653276711	0.8443819406
136.5365365365	1.6641401838	0.8437713740
136.7367367367	1.6629552572	0.8431621362
136.9369369369	1.6617728822	0.8425542224
137.1371371371	1.6605930494	0.8419476279
137.3373373373	1.6594157498	0.8413423478
137.5375375375	1.6582409744	0.8407383774
137.7377377377	1.6570687139	0.8401357120
137.9379379379	1.6558989596	0.8395343469
138.1381381381	1.6547317023	0.8389342774
138.3383383383	1.6535669333	0.8383354988
138.5385385385	1.6524046436	0.8377380066
138.7387387387	1.6512448245	0.8371417961
138.9389389389	1.6500874671	0.8365468626
139.1391391391	1.6489325627	0.8359532018
139.3393393393	1.6477801027	0.8353608090
139.5395395395	1.6466300783	0.8347696797
139.7397397397	1.6454824811	0.8341798094
139.9399399399	1.6443373024	0.8335911937
140.1401401401	1.6431945338	0.8330038280
140.3403403403	1.6420541667	0.8324177080
140.5405405405	1.6409161927	0.8318328293
140.7407407407	1.6397806034	0.8312491875
140.9409409409	1.6386473906	0.8306667782
141.1411411411	1.6375165458	0.8300855971
141.3413413413	1.6363880608	0.8295056398
141.5415415415	1.6352619274	0.8289269021
141.7417417417	1.6341381374	0.8283493797
141.9419419419	1.6330166827	0.8277730683
142.1421421421	1.6318975551	0.8271979637
142.3423423423	1.6307807466	0.8266240617
142.5425425425	1.6296662491	0.8260513581
142.7427427427	1.6285540547	0.8254798487
142.9429429429	1.6274441554	0.8249095293
143.1431431431	1.6263365434	0.8243403959
143.3433433433	1.6252312106	0.8237724444
143.5435435435	1.6241281493	0.8232056705
143.7437437437	1.6230273517	0.8226400703
143.9439439439	1.6219288101	0.8220756397
144.1441441441	1.6208325166	0.8215123747
144.3443443443	1.6197384637	0.8209502713
144.5445445445	1.6186466436	0.8203893254
144.7447447447	1.6175570489	0.8198295331
144.9449449449	1.6164696717	0.8192708904
145.1451451451	1.6153845048	0.8187133935
145.3453453453	1.6143015404	0.8181570383
145.5455455455	1.6132207713	0.8176018210
145.7457457457	1.6121421898	0.8170477377
145.9459459459	1.6110657887	0.8164947845
146.1461461461	1.6099915606	0.8159429576
146.3463463463	1.6089194982	0.8153922532
146.5465465465	1.6078495941	0.8148426675
146.7467467467	1.6067818410	0.8142941966
146.9469469469	1.6057162319	0.8137468368
147.1471471471	1.6046527594	0.8132005844
147.3473473473	1.6035914165	0.8126554356
147.5475475475	1.6025321959	0.8121113867
147.7477477477	1.6014750907	0.8115684339
147.9479479479	1.6004200937	0.8110265737
148.1481481481	1.5993671979	0.8104858023
148.3483483483	1.5983163964	0.8099461162
148.5485485485	1.5972676821	0.8094075116
148.7487487487	1.5962210482	0.8088699849
148.9489489489	1.5951764878	0.8083335326
149.1491491491	1.5941339940	0.8077981511
149.3493493493	1.5930935599	0.8072638368
149.5495495495	1.5920551788	0.8067305861
149.7497497497	1.5910188439	0.8061983956
149.9499499499	1.5899845484	0.8056672617
150.1501501502	1.5889522857	0.8051371809
150.3503503504	1.5879220491	0.8046081498
150.5505505506	1.5868938320	0.8040801648
150.7507507508	1.5858676277	0.8035532225
150.9509509510	1.5848434296	0.8030273196
151.1511511512	1.5838212312	0.8025024525
151.3513513514	1.5828010260	0.8019786178
151.5515515516	1.5817828075	0.8014558123
151.7517517518	1.5807665692	0.8009340324
151.9519519520	1.5797523047	0.8004132750
152.1521521522	1.5787400075	0.7998935365
152.3523523524	1.5777296714	0.7993748137
152.5525525526	1.5767212899	0.7988571033
152.7527527528	1.5757148568	0.7983404020
152.9529529530	1.5747103657	0.7978247065
153.1531531532	1.5737078104	0.7973100135
153.3533533534	1.5727071847	0.7967963198
153.5535535536	1.5717084824	0.7962836222
153.7537537538	1.5707116972	0.7957719174
153.9539539540	1.5697168231	0.7952612023
154.1541541542	1.5687238538	0.7947514735
154.3543543544	1.5677327834	0.7942427281
154.5545545546	1.5667436058	0.7937349627
154.7547547548	1.5657563149	0.7932281743
154.9549549550	1.5647709047	0.7927223597
155.1551551552	1.5637873692	0.7922175158
155.3553553554	1.5628057024	0.7917136395
155.5555555556	1.5618258985	0.7912107277
155.7557557558	1.5608479516	0.7907087772
155.9559559560	1.5598718557	0.7902077852
156.1561561562	1.5588976049	0.7897077484
156.3563563564	1.5579251936	0.7892086640
156.5565565566	1.5569546158	0.7887105287
156.7567567568	1.5559858658	0.7882133397
156.9569569570	1.5550189378	0.7877170939
157.1571571572	1.5540538262	0.7872217884
157.3573573574	1.5530905252	0.7867274201
157.5575575576	1.5521290291	0.7862339862
157.7577577578	1.5511693324	0.7857414836
157.9579579580	1.5502114293	0.7852499095
158.1581581582	1.5492553142	0.7847592609
158.3583583584	1.5483009817	0.7842695349
158.5585585586	1.5473484261	0.7837807287
158.7587587588	1.5463976419	0.7832928393
158.9589589590	1.5454486237	0.7828058639
159.1591591592	1.5445013658	0.7823197996
159.3593593594	1.5435558630	0.7818346436
159.5595595596	1.5426121097	0.7813503930
159.7597597598	1.5416701005	0.7808670451
159.9599599600	1.5407298301	0.7803845970
160.1601601602	1.5397912931	0.7799030459
160.3603603604	1.5388544842	0.7794223891
160.5605605606	1.5379193980	0.7789426238
160.7607607608	1.5369860292	0.7784637471
160.9609609610	1.5360543727	0.7779857565
161.1611611612	1.5351244230	0.7775086491
161.3613613614	1.5341961751	0.7770324223
161.5615615616	1.5332696237	0.7765570733
161.7617617618	1.5323447636	0.7760825994
161.9619619620	1.5314215897	0.7756089979
162.1621621622	1.5305000968	0.7751362662
162.3623623624	1.5295802798	0.7746644015
162.5625625626	1.5286621337	0.7741934013
162.7627627628	1.5277456534	0.7737232629
162.9629629630	1.5268308337	0.7732539837
163.1631631632	1.5259176698	0.7727855611
163.3633633634	1.5250061565	0.7723179923
163.5635635636	1.5240962889	0.7718512750
163.7637637638	1.5231880621	0.7713854064
163.9639639640	1.5222814710	0.7709203840
164.1641641642	1.5213765108	0.7704562052
164.3643643644	1.5204731766	0.7699928675
164.5645645646	1.5195714635	0.7695303683
164.7647647648	1.5186713666	0.7690687051
164.9649649650	1.5177728811	0.7686078755
165.1651651652	1.5168760021	0.7681478767
165.3653653654	1.5159807250	0.7676887065
165.5655655656	1.5150870448	0.7672303623
165.7657657658	1.5141949569	0.7667728415
165.9659659660	1.5133044565	0.7663161418
166.1661661662	1.5124155388	0.7658602607
166.3663663664	1.5115281993	0.7654051958
166.5665665666	1.5106424331	0.7649509445
166.7667667668	1.5097582357	0.7644975045
166.9669669670	1.5088756023	0.7640448734
167.1671671672	1.5079945285	0.7635930487
167.3673673674	1.5071150095	0.7631420281
167.5675675676	1.5062370408	0.7626918092
167.7677677678	1.5053606178	0.7622423895
167.9679679680	1.5044857361	0.7617937668
168.1681681682	1.5036123909	0.7613459387
168.3683683684	1.5027405780	0.7608989028
168.5685685686	1.5018702926	0.7604526568
168.7687687688	1.5010015305	0.7600071983
168.9689689690	1.5001342871	0.7595625251
169.1691691692	1.4992685580	0.7591186348
169.3693693694	1.4984043387	0.7586755252
169.5695695696	1.4975416250	0.7582331939
169.7697697698	1.4966804123	0.7577916387
169.9699699700	1.4958206964	0.7573508572
170.1701701702	1.4949624728	0.7569108474
170.3703703704	1.4941057374	0.7564716067
170.5705705706	1.4932504857	0.7560331332
170.7707707708	1.4923967134	0.7555954244
170.9709709710	1.4915444163	0.7551584783
171.1711711712	1.4906935902	0.7547222925
171.3713713714	1.4898442308	0.7542868648
171.5715715716	1.4889963338	0.7538521932
171.7717717718	1.4881498951	0.7534182753
171.9719719720	1.4873049104	0.7529851089
172.1721721722	1.4864613756	0.7525526921
172.3723723724	1.4856192866	0.7521210225
172.5725725726	1.4847786392	0.7516900979
172.7727727728	1.4839394293	0.7512599164
172.9729729730	1.4831016527	0.7508304757
173.1731731732	1.4822653055	0.7504017737
173.3733733734	1.4814303834	0.7499738083
173.5735735736	1.4805968825	0.7495465773
173.7737737738	1.4797647987	0.7491200787
173.9739739740	1.4789341280	0.7486943104
174.1741741742	1.4781048664	0.7482692703
174.3743743744	1.4772770099	0.7478449563
174.5745745746	1.4764505544	0.7474213663
174.7747747748	1.4756254962	0.7469984983
174.9749749750	1.4748018311	0.7465763503
175.1751751752	1.4739795553	0.7461549201
175.3753753754	1.4731586649	0.7457342058
175.5755755756	1.4723391559	0.7453142054
175.7757757758	1.4715210246	0.7448949167
175.9759759760	1.4707042669	0.7444763378
176.1761761762	1.4698888791	0.7440584668
176.3763763764	1.4690748573	0.7436413015
176.5765765766	1.4682621977	0.7432248400
176.7767767768	1.4674508965	0.7428090803
176.9769769770	1.4666409499	0.7423940205
177.1771771772	1.4658323541	0.7419796586
177.3773773774	1.4650251054	0.7415659927
177.5775775776	1.4642192000	0.7411530207
177.7777777778	1.4634146341	0.7407407407
177.9779779780	1.4626114042	0.7403291509
178.1781781782	1.4618095063	0.7399182493
178.3783783784	1.4610089370	0.7395080339
178.5785785786	1.4602096924	0.7390985028
178.7787787788	1.4594117689	0.7386896542
178.9789789790	1.4586151629	0.7382814862
179.1791791792	1.4578198708	0.7378739968
179.3793793794	1.4570258888	0.7374671842
179.5795795796	1.4562332135	0.7370610466
179.7797797798	1.4554418412	0.7366555819
179.9799799800	1.4546517684	0.7362507885
180.1801801802	1.4538629914	0.7358466643
180.3803803804	1.4530755068	0.7354432077
180.5805805806	1.4522893110	0.7350404166
180.7807807808	1.4515044004	0.7346382894
180.9809809810	1.4507207716	0.7342368242
181.1811811812	1.4499384211	0.7338360192
181.3813813814	1.4491573453	0.7334358725
181.5815815816	1.4483775409	0.7330363824
181.7817817818	1.4475990043	0.7326375470
181.9819819820	1.4468217322	0.7322393646
182.1821821822	1.4460457210	0.7318418334
182.3823823824	1.4452709674	0.7314449516
182.5825825826	1.4444974679	0.7310487175
182.7827827828	1.4437252193	0.7306531292
182.9829829830	1.4429542180	0.7302581851
183.1831831832	1.4421844607	0.7298638833
183.3833833834	1.4414159442	0.7294702222
183.5835835836	1.4406486649	0.7290771999
183.7837837838	1.4398826197	0.7286848149
183.9839839840	1.4391178052	0.7282930652
184.1841841842	1.4383542180	0.7279019493
184.3843843844	1.4375918550	0.7275114655
184.5845845846	1.4368307127	0.7271216119
184.7847847848	1.4360707881	0.7267323870
184.9849849850	1.4353120777	0.7263437890
185.1851851852	1.4345545784	0.7259558162
185.3853853854	1.4337982870	0.7255684670
185.5855855856	1.4330432001	0.7251817397
185.7857857858	1.4322893147	0.7247956327
185.9859859860	1.4315366274	0.7244101442
186.1861861862	1.4307851353	0.7240252726
186.3863863864	1.4300348350	0.7236410163
186.5865865866	1.4292857234	0.7232573737
186.7867867868	1.4285377973	0.7228743430
186.9869869870	1.4277910537	0.7224919227
187.1871871872	1.4270454894	0.7221101112
187.3873873874	1.4263011013	0.7217289068
187.5875875876	1.4255578864	0.7213483079
187.7877877878	1.4248158414	0.7209683130
187.9879879880	1.4240749633	0.7205889203
188.1881881882	1.4233352492	0.7202101284
188.3883883884	1.4225966958	0.7198319357
188.5885885886	1.4218593002	0.7194543405
188.7887887888	1.4211230594	0.7190773413
188.9889889890	1.4203879702	0.7187009365
189.1891891892	1.4196540298	0.7183251246
189.3893893894	1.4189212351	0.7179499039
189.5895895896	1.4181895832	0.7175752731
189.7897897898	1.4174590709	0.7172012304
189.9899899900	1.4167296955	0.7168277744
190.1901901902	1.4160014539	0.7164549035
190.3903903904	1.4152743432	0.7160826162
190.5905905906	1.4145483604	0.7157109110
190.7907907908	1.4138235026	0.7153397863
190.9909909910	1.4130997670	0.7149692407
191.1911911912	1.4123771506	0.7145992727
191.3913913914	1.4116556505	0.7142298807
191.5915915916	1.4109352639	0.7138610632
191.7917917918	1.4102159878	0.7134928188
191.9919919920	1.4094978195	0.7131251459
192.1921921922	1.4087807560	0.7127580431
192.3923923924	1.4080647945	0.7123915090
192.5925925926	1.4073499323	0.7120255420
192.7927927928	1.4066361664	0.7116601406
192.9929929930	1.4059234941	0.7112953035
193.1931931932	1.4052119126	0.7109310292
193.3933933934	1.4045014190	0.7105673162
193.5935935936	1.4037920106	0.7102041631
193.7937937938	1.4030836847	0.7098415684
193.9939939940	1.4023764385	0.7094795307
194.1941941942	1.4016702692	0.7091180486
194.3943943944	1.4009651741	0.7087571207
194.5945945946	1.4002611504	0.7083967456
194.7947947948	1.3995581955	0.7080369217
194.9949949950	1.3988563066	0.7076776478
195.1951951952	1.3981554811	0.7073189224
195.3953953954	1.3974557161	0.7069607442
195.5955955956	1.3967570092	0.7066031117
195.7957957958	1.3960593575	0.7062460235
195.9959959960	1.3953627585	0.7058894783
196.1961961962	1.3946672094	0.7055334747
196.3963963964	1.3939727077	0.7051780113
196.5965965966	1.3932792506	0.7048230868
196.7967967968	1.3925868356	0.7044686998
196.9969969970	1.3918954601	0.7041148489
197.1971971972	1.3912051214	0.7037615328
197.3973973974	1.3905158170	0.7034087501
197.5975975976	1.3898275443	0.7030564995
197.7977977978	1.3891403006	0.7027047797
197.9979979980	1.3884540834	0.7023535893
198.1981981982	1.3877688902	0.7020029270
198.3983983984	1.3870847184	0.7016527914
198.5985985986	1.3864015655	0.7013031813
198.7987987988	1.3857194289	0.7009540953
198.9989989990	1.3850383061	0.7006055322
199.1991991992	1.3843581945	0.7002574906
199.3993993994	1.3836790918	0.6999099691
199.5995995996	1.3830009953	0.6995629666
199.7997997998	1.3823239026	0.6992164817
200.0000000000	1.3816478112	0.6988705132
