0.000000000000000000e+00	5.771856343527782940e+01	5.664327205882066352e+01
2.002002002002002123e-01	5.771764715156668046e+01	5.663272300291284722e+01
4.004004004004004247e-01	5.771489849182057696e+01	5.660110131441191328e+01
6.006006006006006093e-01	5.771031803010396999e+01	5.654848328097422439e+01
8.008008008008008494e-01	5.770390672286591638e+01	5.647499555029784091e+01
1.001001001001001089e+00	5.769566590845291643e+01	5.638081438824486469e+01
1.201201201201201219e+00	5.768559730642742522e+01	5.626616465154239677e+01
1.401401401401401570e+00	5.767370301669289745e+01	5.613131848615392272e+01
1.601601601601601699e+00	5.765998551842592690e+01	5.597659376524988772e+01
1.801801801801801828e+00	5.764444766881677396e+01	5.580235228330474939e+01
2.002002002002002179e+00	5.762709270161928288e+01	5.560899772516884099e+01
2.202202202202202308e+00	5.760792422551152470e+01	5.539697343097211757e+01
2.402402402402402437e+00	5.758694622226892079e+01	5.516675997938816067e+01
2.602602602602602566e+00	5.756416304475138190e+01	5.491887261310174750e+01
2.802802802802803139e+00	5.753957941470637394e+01	5.465385853127205706e+01
3.003003003003003268e+00	5.751320042039001379e+01	5.437229407436336004e+01
3.203203203203203397e+00	5.748503151400844047e+01	5.407478182693207458e+01
3.403403403403403527e+00	5.745507850898177793e+01	5.376194766382489121e+01
3.603603603603603656e+00	5.742334757703324755e+01	5.343443776477698037e+01
3.803803803803804229e+00	5.738984524510612317e+01	5.309291562162706413e+01
4.004004004004004358e+00	5.735457839211151310e+01	5.273805906131500620e+01
4.204204204204204487e+00	5.731755424550965472e+01	5.237055730653352015e+01
4.404404404404404616e+00	5.727878037772821074e+01	5.199110809440117720e+01
4.604604604604604745e+00	5.723826470242061504e+01	5.160041487184895459e+01
4.804804804804804874e+00	5.719601547056788604e+01	5.119918408460375758e+01
5.005005005005005003e+00	5.715204126642759519e+01	5.078812257474801584e+01
5.205205205205205132e+00	5.710635100333342962e+01	5.036793509987065676e+01
5.405405405405406150e+00	5.705895391934936356e+01	4.993932198483720697e+01
5.605605605605606279e+00	5.700985957278205518e+01	4.950297691522629151e+01
5.805805805805806408e+00	5.695907783755573917e+01	4.905958487953760994e+01
6.006006006006006537e+00	5.690661889845345911e+01	4.860982026539660694e+01
6.206206206206206666e+00	5.685249324622900247e+01	4.815434511318741784e+01
6.406406406406406795e+00	5.679671167259375864e+01	4.769380752885678021e+01
6.606606606606606924e+00	5.673928526508279191e+01	4.722884025606156655e+01
6.806806806806807053e+00	5.668022540180476199e+01	4.676005940639463887e+01
7.007007007007007182e+00	5.661954374607991980e+01	4.628806334512402998e+01
7.207207207207207311e+00	5.655725224097099613e+01	4.581343172872543335e+01
7.407407407407407440e+00	5.649336310371157310e+01	4.533672468947799672e+01
7.607607607607608458e+00	5.642788882003644346e+01	4.485848216152908208e+01
7.807807807807808587e+00	5.636084213841900237e+01	4.437922334211059905e+01
8.008008008008008716e+00	5.629223606422016246e+01	4.389944628100348467e+01
8.208208208208208845e+00	5.622208385375376594e+01	4.341962759089066992e+01
8.408408408408408974e+00	5.615039900827331110e+01	4.294022227090469812e+01
8.608608608608609103e+00	5.607719526788479669e+01	4.246166363545504652e+01
8.808808808808809232e+00	5.600248660539064360e+01	4.198436334030184724e+01
9.009009009009009361e+00	5.592628722006951847e+01	4.150871149781834646e+01
9.209209209209209490e+00	5.584861153139699752e+01	4.103507687344212940e+01
9.409409409409409619e+00	5.576947417271200180e+01	4.056380715544614901e+01
9.609609609609609748e+00	5.568888998483372177e+01	4.009522929035375682e+01
9.809809809809809877e+00	5.560687400963414717e+01	3.962964987656827986e+01
1.001001001001001001e+01	5.552344148357094156e+01	3.916735560907817160e+01
1.021021021021021014e+01	5.543860783118537938e+01	3.870861376842346857e+01
1.041041041041041026e+01	5.535238865857041901e+01	3.825367274746235324e+01
1.061061061061061039e+01	5.526479974681346619e+01	3.780276260984858538e+01
1.081081081081081230e+01	5.517585704541866676e+01	3.735609567451648871e+01
1.101101101101101243e+01	5.508557666571331879e+01	3.691386712086301003e+01
1.121121121121121256e+01	5.499397487424323572e+01	3.647625560971169989e+01
1.141141141141141269e+01	5.490106808616143041e+01	3.604342391553615954e+01
1.161161161161161282e+01	5.480687285861479552e+01	3.561551956580729694e+01
1.181181181181181294e+01	5.471140588413323513e+01	3.519267548370556398e+01
1.201201201201201307e+01	5.461468398402554669e+01	3.477501063080439536e+01
1.221221221221221320e+01	5.451672410178657202e+01	3.436263064668171552e+01
1.241241241241241333e+01	5.441754329651966060e+01	3.395562848275035606e+01
1.261261261261261346e+01	5.431715873637882908e+01	3.355408502791605230e+01
1.281281281281281359e+01	5.421558769203458183e+01	3.315806972396984520e+01
1.301301301301301372e+01	5.411284753016746407e+01	3.276764116890250023e+01
1.321321321321321385e+01	5.400895570699326953e+01	3.238284770658930967e+01
1.341341341341341398e+01	5.390392976182377538e+01	3.200372800153607500e+01
1.361361361361361411e+01	5.379778731066666353e+01	3.163031159760027577e+01
1.381381381381381424e+01	5.369054603986838003e+01	3.126261945980667178e+01
1.401401401401401436e+01	5.358222369980344979e+01	3.090066449856365693e+01
1.421421421421421449e+01	5.347283809861363579e+01	3.054445207575664512e+01
1.441441441441441462e+01	5.336240709600043886e+01	3.019398049234880688e+01
1.461461461461461475e+01	5.325094859707403572e+01	2.984924145725679523e+01
1.481481481481481488e+01	5.313848054626189565e+01	2.951022053739313122e+01
1.501501501501501679e+01	5.302502092128003852e+01	2.917689758887580354e+01
1.521521521521521692e+01	5.291058772716998959e+01	2.884924716950237666e+01
1.541541541541541704e+01	5.279519899040407438e+01	2.852723893267018695e+01
1.561561561561561717e+01	5.267887275306187433e+01	2.821083800299776811e+01
1.581581581581581730e+01	5.256162706708048660e+01	2.790000533396519700e+01
1.601601601601601743e+01	5.244347998858091131e+01	2.759469804794512271e+01
1.621621621621621756e+01	5.232444957227309601e+01	2.729486975904085710e+01
1.641641641641641769e+01	5.220455386594184688e+01	2.700047087918512645e+01
1.661661661661661782e+01	5.208381090501571009e+01	2.671144890798326799e+01
1.681681681681681795e+01	5.196223870722096194e+01	2.642774870680806387e+01
1.701701701701701808e+01	5.183985526732254101e+01	2.614931275767146701e+01
1.721721721721721821e+01	5.171667855195378394e+01	2.587608140741122753e+01
1.741741741741741833e+01	5.159272649453667725e+01	2.560799309773866383e+01
1.761761761761761846e+01	5.146801699029420973e+01	2.534498458169794688e+01
1.781781781781781859e+01	5.134256789135629617e+01	2.508699112708820778e+01
1.801801801801801872e+01	5.121639700196064382e+01	2.483394670739705390e+01
1.821821821821821885e+01	5.108952207374994714e+01	2.458578418078929317e+01
1.841841841841841898e+01	5.096196080116631322e+01	2.434243545768717354e+01
1.861861861861861911e+01	5.083373081694430340e+01	2.410383165746923595e+01
1.881881881881881924e+01	5.070484968770331591e+01	2.386990325480381969e+01
1.901901901901901937e+01	5.057533490964021183e+01	2.364058021612109783e+01
1.921921921921921950e+01	5.044520390432296608e+01	2.341579212671400256e+01
1.941941941941941963e+01	5.031447401458608937e+01	2.319546830894417155e+01
1.961961961961961975e+01	5.018316250052807703e+01	2.297953793201399009e+01
1.981981981981981988e+01	5.005128653561173735e+01	2.276793011375036713e+01
2.002002002002002001e+01	4.991886320286747036e+01	2.256057401483001712e+01
2.022022022022022014e+01	4.978590949119990938e+01	2.235739892585988287e+01
2.042042042042042027e+01	4.965244229179806013e+01	2.215833434771036536e+01
2.062062062062062040e+01	4.951847839464907253e+01	2.196331006548255971e+01
2.082082082082082053e+01	4.938403448515565231e+01	2.177225621647496467e+01
2.102102102102102066e+01	4.924912714085699150e+01	2.158510335249906831e+01
2.122122122122122079e+01	4.911377282825318247e+01	2.140178249687756562e+01
2.142142142142142447e+01	4.897798789973269606e+01	2.122222519644375183e+01
2.162162162162162460e+01	4.884178859060288147e+01	2.104636356884553550e+01
2.182182182182182473e+01	4.870519101622282676e+01	2.087413034544286461e+01
2.202202202202202486e+01	4.856821116923835291e+01	2.070545891007332528e+01
2.222222222222222499e+01	4.843086491691852302e+01	2.054028333394668238e+01
2.242242242242242511e+01	4.829316799859303444e+01	2.037853840691596119e+01
2.262262262262262524e+01	4.815513602318995368e+01	2.022015966535977327e+01
2.282282282282282537e+01	4.801678446687304813e+01	2.006508341689815467e+01
2.302302302302302550e+01	4.787812867077781931e+01	1.991324676215233325e+01
2.322322322322322563e+01	4.773918383884561223e+01	1.976458761374738415e+01
2.342342342342342576e+01	4.759996503575475657e+01	1.961904471274577588e+01
2.362362362362362589e+01	4.746048718494790108e+01	1.947655764268928991e+01
2.382382382382382602e+01	4.732076506675440442e+01	1.933706684141685272e+01
2.402402402402402615e+01	4.718081331660701494e+01	1.920051361081612384e+01
2.422422422422422628e+01	4.704064642335146829e+01	1.906684012465765932e+01
2.442442442442442641e+01	4.690027872764805750e+01	1.893598943465172013e+01
2.462462462462462653e+01	4.675972442046395372e+01	1.880790547485958442e+01
2.482482482482482666e+01	4.661899754165512633e+01	1.868253306458321106e+01
2.502502502502502679e+01	4.647811197863651245e+01	1.855981790984986546e+01
2.522522522522522692e+01	4.633708146513929194e+01	1.843970660360100666e+01
2.542542542542542705e+01	4.619591958005391064e+01	1.832214662468813771e+01
2.562562562562562718e+01	4.605463974635745927e+01	1.820708633577195101e+01
2.582582582582582731e+01	4.591325523012419296e+01	1.809447498021502199e+01
2.602602602602602744e+01	4.577177913961766365e+01	1.798426267805267642e+01
2.622622622622622757e+01	4.563022442446309412e+01	1.787640042112117555e+01
2.642642642642642770e+01	4.548860387489868629e+01	1.777084006741738165e+01
2.662662662662662783e+01	4.534693012110418664e+01	1.766753433475917490e+01
2.682682682682682795e+01	4.520521563260546571e+01	1.756643679381138057e+01
2.702702702702702808e+01	4.506347271775349839e+01	1.746750186053773035e+01
2.722722722722722821e+01	4.492171352327629563e+01	1.737068478813531414e+01
2.742742742742742834e+01	4.477995003390227424e+01	1.727594165850413788e+01
2.762762762762762847e+01	4.463819407205356526e+01	1.718322937330096423e+01
2.782782782782782860e+01	4.449645729760769086e+01	1.709250564462311672e+01
2.802802802802802873e+01	4.435475120772616719e+01	1.700372898536476640e+01
2.822822822822822886e+01	4.421308713674837065e+01	1.691685869928543795e+01
2.842842842842842899e+01	4.407147625614926767e+01	1.683185487082736387e+01
2.862862862862862912e+01	4.392992957455935255e+01	1.674867835471598454e+01
2.882882882882882924e+01	4.378845793784535090e+01	1.666729076537526311e+01
2.902902902902902937e+01	4.364707202925002605e+01	1.658765446618720674e+01
2.922922922922922950e+01	4.350578236958970990e+01	1.650973255862284006e+01
2.942942942942942963e+01	4.336459931750786723e+01	1.643348887126983726e+01
2.962962962962962976e+01	4.322353306978325804e+01	1.635888794878008667e+01
2.982982982982982989e+01	4.308259366169119176e+01	1.628589504075872441e+01
3.003003003003003357e+01	4.294179096741621038e+01	1.621447609061445405e+01
3.023023023023023370e+01	4.280113470051496449e+01	1.614459772438943475e+01
3.043043043043043383e+01	4.266063441442742743e+01	1.607622723958557032e+01
3.063063063063063396e+01	4.252029950303530370e+01	1.600933259400260766e+01
3.083083083083083409e+01	4.238013920126590506e+01	1.594388239460224277e+01
3.103103103103103422e+01	4.224016258574020810e+01	1.587984588641120354e+01
3.123123123123123435e+01	4.210037857546348761e+01	1.581719294147514354e+01
3.143143143143143448e+01	4.196079593255718976e+01	1.575589404787418424e+01
3.163163163163163460e+01	4.182142326303062418e+01	1.569592029880993778e+01
3.183183183183183473e+01	4.168226901759094716e+01	1.563724338177297390e+01
3.203203203203203486e+01	4.154334149249024932e+01	1.557983556779877254e+01
3.223223223223223499e+01	4.140464883040819188e+01	1.552366970081953212e+01
3.243243243243243512e+01	4.126619902136887674e+01	1.546871918711835292e+01
3.263263263263263525e+01	4.112799990369069292e+01	1.541495798489174618e+01
3.283283283283283538e+01	4.099005916496776081e+01	1.536236059392565956e+01
3.303303303303303551e+01	4.085238434308158872e+01	1.531090204538977062e+01
3.323323323323323564e+01	4.071498282724182616e+01	1.526055789175409316e+01
3.343343343343343577e+01	4.057786185905477794e+01	1.521130419683158586e+01
3.363363363363363590e+01	4.044102853361830796e+01	1.516311752594983986e+01
3.383383383383383602e+01	4.030448980064215903e+01	1.511597493625461297e+01
3.403403403403403615e+01	4.016825246559231033e+01	1.506985396714748049e+01
3.423423423423423628e+01	4.003232319085817892e+01	1.502473263085953725e+01
3.443443443443443641e+01	3.989670849694166321e+01	1.498058940316275311e+01
3.463463463463463654e+01	3.976141476366673544e+01	1.493740321422022177e+01
3.483483483483483667e+01	3.962644823140848871e+01	1.489515343957628701e+01
3.503503503503503680e+01	3.949181500234070796e+01	1.485381989128724278e+01
3.523523523523523693e+01	3.935752104170059340e+01	1.481338280919305816e+01
3.543543543543543706e+01	3.922357217906990456e+01	1.477382285233032633e+01
3.563563563563563719e+01	3.908997410967126740e+01	1.473512109048646579e+01
3.583583583583583732e+01	3.895673239567874191e+01	1.469725899589497509e+01
3.603603603603603744e+01	3.882385246754168406e+01	1.466021843507136424e+01
3.623623623623623757e+01	3.869133962532080773e+01	1.462398166078925499e+01
3.643643643643643770e+01	3.855919904003573606e+01	1.458853130419596589e+01
3.663663663663663783e+01	3.842743575502287001e+01	1.455385036706674917e+01
3.683683683683683796e+01	3.829605468730289886e+01	1.451992221419677875e+01
3.703703703703703809e+01	3.816506062895687990e+01	1.448673056592982356e+01
3.723723723723723822e+01	3.803445824851028334e+01	1.445425949082245332e+01
3.743743743743743835e+01	3.790425209232385839e+01	1.442249339844256539e+01
3.763763763763763848e+01	3.777444658599084448e+01	1.439141703230088432e+01
3.783783783783783861e+01	3.764504603573946895e+01	1.436101546291406983e+01
3.803803803803803874e+01	3.751605462984013428e+01	1.433127408099794486e+01
3.823823823823823886e+01	3.738747644001649917e+01	1.430217859078937792e+01
3.843843843843843899e+01	3.725931542285971432e+01	1.427371500349519806e+01
3.863863863863863912e+01	3.713157542124509547e+01	1.424586963086658997e+01
3.883883883883883925e+01	3.700426016575066512e+01	1.421862907889727978e+01
3.903903903903903938e+01	3.687737327607678139e+01	1.419198024164384719e+01
3.923923923923923951e+01	3.675091826246618609e+01	1.416591029516648348e+01
3.943943943943943964e+01	3.662489852712404570e+01	1.414040669158841013e+01
3.963963963963963977e+01	3.649931736563718232e+01	1.411545715327225814e+01
3.983983983983983990e+01	3.637417796839197592e+01	1.409104966711162454e+01
4.004004004004004003e+01	3.624948342199047602e+01	1.406717247893602973e+01
4.024024024024024015e+01	3.612523671066396957e+01	1.404381408802749043e+01
4.044044044044044028e+01	3.600144071768370679e+01	1.402096324174694253e+01
4.064064064064064041e+01	3.587809822676815941e+01	1.399860893026869668e+01
4.084084084084084054e+01	3.575521192348626442e+01	1.397674038142114661e+01
4.104104104104104067e+01	3.563278439665634778e+01	1.395534705563196631e+01
4.124124124124124080e+01	3.551081813974013812e+01	1.393441864097597715e+01
4.144144144144144093e+01	3.538931555223150127e+01	1.391394504832395640e+01
4.164164164164164106e+01	3.526827894103941219e+01	1.389391640659058424e+01
4.184184184184184119e+01	3.514771052186488731e+01	1.387432305807980093e+01
4.204204204204204132e+01	3.502761242057130175e+01	1.385515555392583664e+01
4.224224224224224145e+01	3.490798667454789239e+01	1.383640464962816274e+01
4.244244244244244157e+01	3.478883523406605605e+01	1.381806130067868921e+01
4.264264264264264170e+01	3.467015996362796670e+01	1.380011665827947809e+01
4.284284284284284894e+01	3.455196264330737677e+01	1.378256206514931748e+01
4.304304304304304907e+01	3.443424497008220442e+01	1.376538905141749680e+01
4.324324324324324920e+01	3.431700855915855186e+01	1.374858933060312260e+01
4.344344344344344933e+01	3.420025494528599808e+01	1.373215479567836894e+01
4.364364364364364945e+01	3.408398558406378953e+01	1.371607751521407259e+01
4.384384384384384958e+01	3.396820185323772989e+01	1.370034972960604769e+01
4.404404404404404971e+01	3.385290505398754846e+01	1.368496384738061877e+01
4.424424424424424984e+01	3.373809641220438493e+01	1.366991244157778596e+01
4.444444444444444997e+01	3.362377707975838348e+01	1.365518824621052474e+01
4.464464464464465010e+01	3.350994813575601938e+01	1.364078415279873369e+01
4.484484484484485023e+01	3.339661058778702341e+01	1.362669320697633601e+01
4.504504504504505036e+01	3.328376537316071904e+01	1.361290860517010515e+01
4.524524524524525049e+01	3.317141336013163766e+01	1.359942369134877360e+01
4.544544544544545062e+01	3.305955534911419136e+01	1.358623195384102900e+01
4.564564564564565075e+01	3.294819207388628968e+01	1.357332702222100984e+01
4.584584584584585087e+01	3.283732420278175823e+01	1.356070266425993154e+01
4.604604604604605100e+01	3.272695233987143126e+01	1.354835278294254231e+01
4.624624624624625113e+01	3.261707702613277604e+01	1.353627141354704300e+01
4.644644644644645126e+01	3.250769874060797093e+01	1.352445272078721672e+01
4.664664664664665139e+01	3.239881790155034480e+01	1.351289099601548926e+01
4.684684684684685152e+01	3.229043486755907111e+01	1.350158065448566980e+01
4.704704704704705165e+01	3.218254993870192493e+01	1.349051623267413547e+01
4.724724724724725178e+01	3.207516335762630177e+01	1.347969238565829819e+01
4.744744744744745191e+01	3.196827531065817851e+01	1.346910388455111729e+01
4.764764764764765204e+01	3.186188592888898796e+01	1.345874561399053526e+01
4.784784784784785217e+01	3.175599528925053505e+01	1.344861256968269103e+01
4.804804804804805229e+01	3.165060341557770585e+01	1.343869985599778971e+01
4.824824824824825242e+01	3.154571027965904051e+01	1.342900268361753113e+01
4.844844844844845255e+01	3.144131580227511691e+01	1.341951636723303487e+01
4.864864864864865268e+01	3.133741985422476972e+01	1.341023632329217996e+01
4.884884884884885281e+01	3.123402225733898163e+01	1.340115806779536101e+01
4.904904904904905294e+01	3.113112278548265266e+01	1.339227721413860905e+01
4.924924924924925307e+01	3.102872116554407000e+01	1.338358947100311980e+01
4.944944944944945320e+01	3.092681707841213878e+01	1.337509064029017125e+01
4.964964964964965333e+01	3.082541015994143052e+01	1.336677661510052140e+01
4.984984984984985346e+01	3.072450000190496056e+01	1.335864337775729105e+01
5.005005005005005358e+01	3.062408615293481517e+01	1.335068699787147928e+01
5.025025025025025371e+01	3.052416811945059649e+01	1.334290363044915395e+01
5.045045045045045384e+01	3.042474536657569928e+01	1.333528951403945939e+01
5.065065065065065397e+01	3.032581731904150502e+01	1.332784096892258319e+01
5.085085085085085410e+01	3.022738336207949672e+01	1.332055439533680996e+01
5.105105105105105423e+01	3.012944284230133363e+01	1.331342627174385385e+01
5.125125125125125436e+01	3.003199506856693191e+01	1.330645315313164900e+01
5.145145145145145449e+01	2.993503931284064024e+01	1.329963166935378815e+01
5.165165165165165462e+01	2.983857481103550313e+01	1.329295852350485063e+01
5.185185185185185475e+01	2.974260076384569018e+01	1.328643049033083834e+01
5.205205205205205488e+01	2.964711633756719422e+01	1.328004441467396646e+01
5.225225225225225500e+01	2.955212066490678779e+01	1.327379720995109835e+01
5.245245245245245513e+01	2.945761284577936578e+01	1.326768585666507683e+01
5.265265265265265526e+01	2.936359194809370265e+01	1.326170740094826250e+01
5.285285285285285539e+01	2.927005700852672732e+01	1.325585895313759721e+01
5.305305305305305552e+01	2.917700703328637957e+01	1.325013768638050138e+01
5.325325325325325565e+01	2.908444099886308720e+01	1.324454083527094106e+01
5.345345345345345578e+01	2.899235785277001654e+01	1.323906569451504822e+01
5.365365365365365591e+01	2.890075651427213899e+01	1.323370961762562104e+01
5.385385385385385604e+01	2.880963587510415636e+01	1.322847001564490732e+01
5.405405405405405617e+01	2.871899480017745532e+01	1.322334435589505830e+01
5.425425425425425630e+01	2.862883212827613733e+01	1.321833016075565581e+01
5.445445445445445642e+01	2.853914667274214878e+01	1.321342500646773566e+01
5.465465465465465655e+01	2.844993722214975662e+01	1.320862652196372089e+01
5.485485485485485668e+01	2.836120254096930893e+01	1.320393238772273570e+01
5.505505505505505681e+01	2.827294137022044751e+01	1.319934033465071899e+01
5.525525525525525694e+01	2.818515242811486132e+01	1.319484814298483855e+01
5.545545545545545707e+01	2.809783441068868726e+01	1.319045364122165154e+01
5.565565565565565720e+01	2.801098599242462228e+01	1.318615470506851217e+01
5.585585585585585733e+01	2.792460582686386061e+01	1.318194925641773274e+01
5.605605605605605746e+01	2.783869254720799091e+01	1.317783526234299174e+01
5.625625625625625759e+01	2.775324476691088194e+01	1.317381073411751657e+01
5.645645645645645772e+01	2.766826108026074138e+01	1.316987372625357544e+01
5.665665665665665784e+01	2.758374006295235858e+01	1.316602233556280233e+01
5.685685685685685797e+01	2.749968027264974069e+01	1.316225470023692345e+01
5.705705705705705810e+01	2.741608024953916001e+01	1.315856899894843934e+01
5.725725725725725823e+01	2.733293851687270148e+01	1.315496344997081124e+01
5.745745745745745836e+01	2.725025358150255528e+01	1.315143631031775939e+01
5.765765765765765849e+01	2.716802393440597641e+01	1.314798587490125392e+01
5.785785785785785862e+01	2.708624805120111745e+01	1.314461047570776131e+01
5.805805805805805875e+01	2.700492439265386224e+01	1.314130848099240190e+01
5.825825825825825888e+01	2.692405140517568896e+01	1.313807829449059739e+01
5.845845845845845901e+01	2.684362752131271890e+01	1.313491835464682822e+01
5.865865865865865914e+01	2.676365116022600787e+01	1.313182713386015799e+01
5.885885885885885926e+01	2.668412072816330394e+01	1.312880313774612340e+01
5.905905905905905939e+01	2.660503461892220045e+01	1.312584490441467544e+01
5.925925925925925952e+01	2.652639121430492253e+01	1.312295100376379509e+01
5.945945945945945965e+01	2.644818888456482142e+01	1.312012003678844252e+01
5.965965965965965978e+01	2.637042598884466571e+01	1.311735063490453967e+01
5.985985985985986702e+01	2.629310087560680387e+01	1.311464145928762370e+01
6.006006006006006714e+01	2.621621188305538652e+01	1.311199120022587294e+01
6.026026026026026727e+01	2.613975733955068392e+01	1.310939857648718210e+01
6.046046046046046740e+01	2.606373556401560165e+01	1.310686233470000417e+01
6.066066066066066753e+01	2.598814486633455090e+01	1.310438124874762700e+01
6.086086086086086766e+01	2.591298354774473012e+01	1.310195411917562680e+01
6.106106106106106779e+01	2.583824990121991760e+01	1.309957977261219142e+01
6.126126126126126792e+01	2.576394221184690991e+01	1.309725706120103084e+01
6.146146146146146805e+01	2.569005875719467724e+01	1.309498486204663159e+01
6.166166166166166818e+01	2.561659780767636718e+01	1.309276207667154246e+01
6.186186186186186831e+01	2.554355762690420661e+01	1.309058763048548180e+01
6.206206206206206843e+01	2.547093647203745448e+01	1.308846047226595388e+01
6.226226226226226856e+01	2.539873259412348716e+01	1.308637957365017179e+01
6.246246246246246869e+01	2.532694423843207687e+01	1.308434392863802742e+01
6.266266266266266882e+01	2.525556964478303712e+01	1.308235255310584222e+01
6.286286286286286895e+01	2.518460704786723880e+01	1.308040448433070502e+01
6.306306306306306908e+01	2.511405467756120657e+01	1.307849878052514825e+01
6.326326326326326921e+01	2.504391075923522791e+01	1.307663452038192453e+01
6.346346346346346934e+01	2.497417351405527342e+01	1.307481080262870066e+01
6.366366366366366947e+01	2.490484115927864650e+01	1.307302674559240252e+01
6.386386386386386960e+01	2.483591190854354380e+01	1.307128148677305823e+01
6.406406406406406973e+01	2.476738397215260790e+01	1.306957418242688895e+01
6.426426426426426985e+01	2.469925555735053990e+01	1.306790400715846445e+01
6.446446446446446998e+01	2.463152486859587498e+01	1.306627015352172982e+01
6.466466466466467011e+01	2.456419010782704149e+01	1.306467183162970258e+01
6.486486486486487024e+01	2.449724947472272873e+01	1.306310826877265185e+01
6.506506506506507037e+01	2.443070116695669469e+01	1.306157870904458207e+01
6.526526526526527050e+01	2.436454338044713452e+01	1.306008241297783812e+01
6.546546546546547063e+01	2.429877430960056017e+01	1.305861865718564907e+01
6.566566566566567076e+01	2.423339214755046811e+01	1.305718673401245233e+01
6.586586586586587089e+01	2.416839508639072420e+01	1.305578595119180996e+01
6.606606606606607102e+01	2.410378131740382912e+01	1.305441563151176076e+01
6.626626626626627115e+01	2.403954903128409626e+01	1.305307511248746977e+01
6.646646646646647127e+01	2.397569641835592336e+01	1.305176374604096523e+01
6.666666666666667140e+01	2.391222166878705124e+01	1.305048089818785861e+01
6.686686686686687153e+01	2.384912297279710458e+01	1.304922594873086794e+01
6.706706706706707166e+01	2.378639852086136841e+01	1.304799829096001140e+01
6.726726726726727179e+01	2.372404650390987513e+01	1.304679733135930952e+01
6.746746746746747192e+01	2.366206511352195463e+01	1.304562248931987511e+01
6.766766766766767205e+01	2.360045254211622279e+01	1.304447319685923290e+01
6.786786786786787218e+01	2.353920698313618587e+01	1.304334889834674982e+01
6.806806806806807231e+01	2.347832663123148933e+01	1.304224905023502323e+01
6.826826826826827244e+01	2.341780968243483585e+01	1.304117312079712754e+01
6.846846846846847257e+01	2.335765433433473959e+01	1.304012058986956113e+01
6.866866866866867269e+01	2.329785878624414153e+01	1.303909094860078000e+01
6.886886886886887282e+01	2.323842123936491078e+01	1.303808369920521493e+01
6.906906906906907295e+01	2.317933989694839170e+01	1.303709835472261780e+01
6.926926926926927308e+01	2.312061296445202174e+01	1.303613443878266231e+01
6.946946946946947321e+01	2.306223864969207682e+01	1.303519148537463579e+01
6.966966966966967334e+01	2.300421516299259395e+01	1.303426903862217046e+01
6.986986986986987347e+01	2.294654071733064171e+01	1.303336665256284910e+01
7.007007007007007360e+01	2.288921352847785329e+01	1.303248389093261039e+01
7.027027027027027373e+01	2.283223181513841027e+01	1.303162032695484740e+01
7.047047047047047386e+01	2.277559379908346671e+01	1.303077554313408726e+01
7.067067067067067399e+01	2.271929770528213055e+01	1.302994913105415797e+01
7.087087087087087411e+01	2.266334176202901673e+01	1.302914069118074281e+01
7.107107107107107424e+01	2.260772420106844294e+01	1.302834983266822810e+01
7.127127127127127437e+01	2.255244325771538172e+01	1.302757617317076289e+01
7.147147147147147450e+01	2.249749717097314772e+01	1.302681933865740049e+01
7.167167167167167463e+01	2.244288418364790871e+01	1.302607896323129388e+01
7.187187187187187476e+01	2.238860254246014492e+01	1.302535468895279180e+01
7.207207207207207489e+01	2.233465049815299608e+01	1.302464616566640565e+01
7.227227227227227502e+01	2.228102630559761721e+01	1.302395305083152088e+01
7.247247247247247515e+01	2.222772822389563885e+01	1.302327500935680149e+01
7.267267267267267528e+01	2.217475451647867857e+01	1.302261171343819157e+01
7.287287287287287540e+01	2.212210345120507071e+01	1.302196284240044299e+01
7.307307307307307553e+01	2.206977330045378238e+01	1.302132808254207674e+01
7.327327327327327566e+01	2.201776234121561870e+01	1.302070712698373534e+01
7.347347347347347579e+01	2.196606885518174579e+01	1.302009967551981617e+01
7.367367367367367592e+01	2.191469112882957404e+01	1.301950543447334319e+01
7.387387387387387605e+01	2.186362745350609060e+01	1.301892411655398440e+01
7.407407407407407618e+01	2.181287612550865518e+01	1.301835544071916217e+01
7.427427427427427631e+01	2.176243544616330183e+01	1.301779913203818850e+01
7.447447447447447644e+01	2.171230372190063207e+01	1.301725492155934205e+01
7.467467467467467657e+01	2.166247926432929560e+01	1.301672254617985125e+01
7.487487487487487670e+01	2.161296039030717253e+01	1.301620174851869116e+01
7.507507507507507682e+01	2.156374542201021782e+01	1.301569227679215857e+01
7.527527527527527695e+01	2.151483268699909246e+01	1.301519388469213645e+01
7.547547547547547708e+01	2.146622051828358124e+01	1.301470633126703014e+01
7.567567567567567721e+01	2.141790725438482923e+01	1.301422938080526848e+01
7.587587587587587734e+01	2.136989123939548563e+01	1.301376280272135055e+01
7.607607607607607747e+01	2.132217082303776579e+01	1.301330637144437219e+01
7.627627627627627760e+01	2.127474436071947395e+01	1.301285986630896829e+01
7.647647647647647773e+01	2.122761021358801514e+01	1.301242307144863553e+01
7.667667667667667786e+01	2.118076674858250641e+01	1.301199577569136956e+01
7.687687687687687799e+01	2.113421233848388781e+01	1.301157777245757252e+01
7.707707707707707812e+01	2.108794536196324287e+01	1.301116885966018089e+01
7.727727727727727824e+01	2.104196420362822550e+01	1.301076883960696939e+01
7.747747747747747837e+01	2.099626725406771044e+01	1.301037751890497063e+01
7.767767767767767850e+01	2.095085290989466742e+01	1.300999470836698357e+01
7.787787787787787863e+01	2.090571957378731227e+01	1.300962022292010722e+01
7.807807807807807876e+01	2.086086565452856334e+01	1.300925388151626549e+01
7.827827827827827889e+01	2.081628956704384592e+01	1.300889550704468256e+01
7.847847847847847902e+01	2.077198973243726954e+01	1.300854492624625180e+01
7.867867867867867915e+01	2.072796457802621006e+01	1.300820196962978059e+01
7.887887887887887928e+01	2.068421253737434284e+01	1.300786647139003982e+01
7.907907907907907941e+01	2.064073205032316594e+01	1.300753826932761470e+01
7.927927927927927954e+01	2.059752156302199211e+01	1.300721720477047683e+01
7.947947947947947966e+01	2.055457952795651622e+01	1.300690312249728464e+01
7.967967967967967979e+01	2.051190440397596149e+01	1.300659587066233236e+01
7.987987987987987992e+01	2.046949465631877985e+01	1.300629530072214735e+01
8.008008008008008005e+01	2.042734875663703775e+01	1.300600126736366491e+01
8.028028028028028018e+01	2.038546518301942712e+01	1.300571362843398759e+01
8.048048048048048031e+01	2.034384242001298304e+01	1.300543224487165084e+01
8.068068068068068044e+01	2.030247895864351548e+01	1.300515698063940029e+01
8.088088088088088057e+01	2.026137329643479035e+01	1.300488770265841687e+01
8.108108108108108070e+01	2.022052393742648846e+01	1.300462428074398602e+01
8.128128128128128083e+01	2.017992939219093529e+01	1.300436658754255248e+01
8.148148148148148096e+01	2.013958817784871158e+01	1.300411449847015533e+01
8.168168168168168108e+01	2.009949881808307026e+01	1.300386789165219525e+01
8.188188188188188121e+01	2.005965984315326267e+01	1.300362664786451106e+01
8.208208208208208134e+01	2.002006978990674213e+01	1.300339065047574216e+01
8.228228228228228147e+01	1.998072720179033723e+01	1.300315978539094708e+01
8.248248248248248160e+01	1.994163062886031312e+01	1.300293394099643152e+01
8.268268268268268173e+01	1.990277862779148776e+01	1.300271300810580222e+01
8.288288288288288186e+01	1.986416976188528949e+01	1.300249687990716474e+01
8.308308308308308199e+01	1.982580260107685888e+01	1.300228545191149898e+01
8.328328328328328212e+01	1.978767572194119495e+01	1.300207862190213426e+01
8.348348348348348225e+01	1.974978770769838832e+01	1.300187628988533639e+01
8.368368368368368237e+01	1.971213714821789864e+01	1.300167835804195882e+01
8.388388388388388250e+01	1.967472264002197591e+01	1.300148473068015953e+01
8.408408408408408263e+01	1.963754278628822547e+01	1.300129531418913231e+01
8.428428428428428276e+01	1.960059619685128141e+01	1.300111001699385049e+01
8.448448448448448289e+01	1.956388148820370532e+01	1.300092874951079658e+01
8.468468468468468302e+01	1.952739728349601833e+01	1.300075142410465112e+01
8.488488488488488315e+01	1.949114221253600476e+01	1.300057795504592484e+01
8.508508508508508328e+01	1.945511491178720576e+01	1.300040825846951087e+01
8.528528528528528341e+01	1.941931402436667398e+01	1.300024225233414299e+01
8.548548548548549775e+01	1.938373820004199288e+01	1.300007985638272601e+01
8.568568568568569788e+01	1.934838609522761033e+01	1.299992099210354368e+01
8.588588588588589801e+01	1.931325637298041187e+01	1.299976558269229088e+01
8.608608608608609813e+01	1.927834770299468659e+01	1.299961355301495125e+01
8.628628628628629826e+01	1.924365876159638589e+01	1.299946482957146898e+01
8.648648648648649839e+01	1.920918823173674639e+01	1.299931934046021276e+01
8.668668668668669852e+01	1.917493480298529107e+01	1.299917701534322134e+01
8.688688688688689865e+01	1.914089717152221226e+01	1.299903778541218813e+01
8.708708708708709878e+01	1.910707404013015775e+01	1.299890158335520418e+01
8.728728728728729891e+01	1.907346411818542720e+01	1.299876834332420827e+01
8.748748748748749904e+01	1.904006612164862844e+01	1.299863800090315991e+01
8.768768768768769917e+01	1.900687877305473350e+01	1.299851049307689088e+01
8.788788788788789930e+01	1.897390080150265845e+01	1.299838575820064079e+01
8.808808808808809943e+01	1.894113094264426422e+01	1.299826373597025864e+01
8.828828828828829955e+01	1.890856793867288843e+01	1.299814436739304213e+01
8.848848848848849968e+01	1.887621053831134788e+01	1.299802759475922187e+01
8.868868868868869981e+01	1.884405749679950404e+01	1.299791336161406008e+01
8.888888888888889994e+01	1.881210757588129923e+01	1.299780161273055512e+01
8.908908908908910007e+01	1.878035954379140904e+01	1.299769229408274285e+01
8.928928928928930020e+01	1.874881217524137966e+01	1.299758535281957883e+01
8.948948948948950033e+01	1.871746425140538861e+01	1.299748073723938546e+01
8.968968968968970046e+01	1.868631455990555779e+01	1.299737839676485329e+01
8.988988988988990059e+01	1.865536189479687934e+01	1.299727828191859835e+01
9.009009009009010072e+01	1.862460505655172938e+01	1.299718034429922930e+01
9.029029029029030085e+01	1.859404285204400509e+01	1.299708453655795815e+01
9.049049049049050097e+01	1.856367409453289241e+01	1.299699081237570297e+01
9.069069069069070110e+01	1.853349760364628551e+01	1.299689912644069523e+01
9.089089089089090123e+01	1.850351220536381192e+01	1.299680943442657899e+01
9.109109109109110136e+01	1.847371673199957343e+01	1.299672169297097213e+01
9.129129129129130149e+01	1.844411002218452822e+01	1.299663585965450707e+01
9.149149149149150162e+01	1.841469092084854964e+01	1.299655189298032631e+01
9.169169169169170175e+01	1.838545827920218301e+01	1.299646975235401314e+01
9.189189189189190188e+01	1.835641095471811823e+01	1.299638939806396820e+01
9.209209209209210201e+01	1.832754781111235332e+01	1.299631079126221778e+01
9.229229229229230214e+01	1.829886771832507364e+01	1.299623389394561990e+01
9.249249249249250227e+01	1.827036955250128614e+01	1.299615866893750038e+01
9.269269269269270239e+01	1.824205219597115857e+01	1.299608507986967965e+01
9.289289289289290252e+01	1.821391453723012788e+01	1.299601309116488324e+01
9.309309309309310265e+01	1.818595547091875986e+01	1.299594266801954845e+01
9.329329329329330278e+01	1.815817389780236724e+01	1.299587377638699692e+01
9.349349349349350291e+01	1.813056872475040038e+01	1.299580638296096957e+01
9.369369369369370304e+01	1.810313886471562128e+01	1.299574045515953102e+01
9.389389389389390317e+01	1.807588323671306441e+01	1.299567596110931511e+01
9.409409409409410330e+01	1.804880076579878434e+01	1.299561286963011497e+01
9.429429429429430343e+01	1.802189038304842583e+01	1.299555115021980534e+01
9.449449449449450356e+01	1.799515102553558421e+01	1.299549077303960232e+01
9.469469469469470368e+01	1.796858163631000238e+01	1.299543170889963761e+01
9.489489489489490381e+01	1.794218116437556176e+01	1.299537392924483825e+01
9.509509509509510394e+01	1.791594856466815600e+01	1.299531740614112962e+01
9.529529529529530407e+01	1.788988279803334080e+01	1.299526211226192629e+01
9.549549549549550420e+01	1.786398283120387731e+01	1.299520802087492477e+01
9.569569569569570433e+01	1.783824763677713321e+01	1.299515510582917521e+01
9.589589589589590446e+01	1.781267619319226725e+01	1.299510334154243552e+01
9.609609609609610459e+01	1.778726748470737817e+01	1.299505270298881676e+01
9.629629629629630472e+01	1.776202050137646182e+01	1.299500316568667024e+01
9.649649649649650485e+01	1.773693423902625099e+01	1.299495470568675515e+01
9.669669669669670498e+01	1.771200769923295226e+01	1.299490729956066559e+01
9.689689689689690510e+01	1.768723988929887980e+01	1.299486092438949925e+01
9.709709709709710523e+01	1.766262982222894351e+01	1.299481555775277819e+01
9.729729729729730536e+01	1.763817651670706965e+01	1.299477117771760426e+01
9.749749749749750549e+01	1.761387899707253268e+01	1.299472776282807018e+01
9.769769769769770562e+01	1.758973629329615562e+01	1.299468529209486611e+01
9.789789789789790575e+01	1.756574744095646423e+01	1.299464374498514907e+01
9.809809809809810588e+01	1.754191148121575594e+01	1.299460310141260955e+01
9.829829829829830601e+01	1.751822746079605864e+01	1.299456334172775840e+01
9.849849849849850614e+01	1.749469443195507168e+01	1.299452444670843221e+01
9.869869869869870627e+01	1.747131145246199324e+01	1.299448639755049406e+01
9.889889889889890640e+01	1.744807758557331567e+01	1.299444917585875103e+01
9.909909909909910652e+01	1.742499190000856757e+01	1.299441276363805287e+01
9.929929929929930665e+01	1.740205346992596347e+01	1.299437714328459492e+01
9.949949949949950678e+01	1.737926137489804645e+01	1.299434229757740766e+01
9.969969969969970691e+01	1.735661469988727745e+01	1.299430820967003086e+01
9.989989989989990704e+01	1.733411253522156414e+01	1.299427486308237256e+01
1.001001001001001072e+02	1.731175397656978276e+01	1.299424224169273323e+01
1.003003003003003073e+02	1.728953812491724662e+01	1.299421032973001999e+01
1.005005005005005074e+02	1.726746408654114262e+01	1.299417911176611717e+01
1.007007007007007076e+02	1.724553097298596782e+01	1.299414857270843093e+01
1.009009009009009077e+02	1.722373790103891622e+01	1.299411869779258488e+01
1.011011011011011078e+02	1.720208399270527266e+01	1.299408947257529512e+01
1.013013013013013079e+02	1.718056837518376412e+01	1.299406088292737493e+01
1.015015015015015081e+02	1.715919018084193226e+01	1.299403291502691182e+01
1.017017017017017082e+02	1.713794854719145633e+01	1.299400555535258128e+01
1.019019019019019083e+02	1.711684261686352926e+01	1.299397879067710981e+01
1.021021021021021085e+02	1.709587153758416633e+01	1.299395260806088537e+01
1.023023023023023086e+02	1.707503446214957421e+01	1.299392699484569391e+01
1.025025025025025087e+02	1.705433054840147022e+01	1.299390193864860521e+01
1.027027027027027088e+02	1.703375895920246919e+01	1.299387742735597939e+01
1.029029029029029090e+02	1.701331886241141333e+01	1.299385344911762452e+01
1.031031031031031091e+02	1.699300943085876980e+01	1.299382999234104830e+01
1.033033033033033092e+02	1.697282984232201741e+01	1.299380704568587142e+01
1.035035035035035094e+02	1.695277927950105124e+01	1.299378459805833508e+01
1.037037037037037095e+02	1.693285692999362979e+01	1.299376263860593639e+01
1.039039039039039096e+02	1.691306198627079382e+01	1.299374115671218810e+01
1.041041041041041098e+02	1.689339364565238100e+01	1.299372014199148317e+01
1.043043043043043099e+02	1.687385111028251217e+01	1.299369958428407124e+01
1.045045045045045100e+02	1.685443358710512740e+01	1.299367947365115050e+01
1.047047047047047101e+02	1.683514028783955396e+01	1.299365980037006274e+01
1.049049049049049103e+02	1.681597042895612759e+01	1.299364055492958592e+01
1.051051051051051104e+02	1.679692323165179602e+01	1.299362172802534943e+01
1.053053053053053105e+02	1.677799792182582905e+01	1.299360331055531859e+01
1.055055055055055107e+02	1.675919373005550383e+01	1.299358529361540882e+01
1.057057057057057108e+02	1.674050989157190017e+01	1.299356766849517619e+01
1.059059059059059109e+02	1.672194564623567814e+01	1.299355042667360216e+01
1.061061061061061110e+02	1.670350023851293031e+01	1.299353355981497593e+01
1.063063063063063112e+02	1.668517291745108722e+01	1.299351705976487281e+01
1.065065065065065113e+02	1.666696293665486905e+01	1.299350091854619649e+01
1.067067067067067114e+02	1.664886955426226223e+01	1.299348512835533676e+01
1.069069069069069116e+02	1.663089203292059537e+01	1.299346968155838766e+01
1.071071071071071117e+02	1.661302963976262959e+01	1.299345457068746157e+01
1.073073073073073118e+02	1.659528164638272685e+01	1.299343978843707781e+01
1.075075075075075119e+02	1.657764732881305392e+01	1.299342532766062774e+01
1.077077077077077121e+02	1.656012596749988575e+01	1.299341118136692330e+01
1.079079079079079122e+02	1.654271684727992309e+01	1.299339734271681657e+01
1.081081081081081123e+02	1.652541925735669537e+01	1.299338380501989221e+01
1.083083083083083125e+02	1.650823249127703107e+01	1.299337056173123273e+01
1.085085085085085126e+02	1.649115584690757785e+01	1.299335760644825477e+01
1.087087087087087127e+02	1.647418862641139015e+01	1.299334493290761650e+01
1.089089089089089128e+02	1.645733013622460206e+01	1.299333253498218177e+01
1.091091091091091130e+02	1.644057968703313932e+01	1.299332040667806787e+01
1.093093093093093131e+02	1.642393659374953074e+01	1.299330854213173936e+01
1.095095095095095132e+02	1.640740017548974805e+01	1.299329693560718013e+01
1.097097097097097134e+02	1.639096975555017011e+01	1.299328558149311341e+01
1.099099099099099135e+02	1.637464466138457908e+01	1.299327447430029636e+01
1.101101101101101136e+02	1.635842422458124190e+01	1.299326360865885732e+01
1.103103103103103138e+02	1.634230778084006630e+01	1.299325297931570944e+01
1.105105105105105139e+02	1.632629466994983503e+01	1.299324258113200337e+01
1.107107107107107140e+02	1.631038423576551111e+01	1.299323240908064925e+01
1.109109109109109141e+02	1.629457582618561773e+01	1.299322245824387778e+01
1.111111111111111143e+02	1.627886879312970692e+01	1.299321272381087233e+01
1.113113113113113144e+02	1.626326249251588507e+01	1.299320320107543658e+01
1.115115115115115145e+02	1.624775628423844509e+01	1.299319388543372078e+01
1.117117117117117147e+02	1.623234953214556597e+01	1.299318477238199598e+01
1.119119119119119148e+02	1.621704160401706929e+01	1.299317585751448156e+01
1.121121121121121149e+02	1.620183187154231064e+01	1.299316713652120292e+01
1.123123123123123150e+02	1.618671971029808887e+01	1.299315860518592380e+01
1.125125125125125152e+02	1.617170449972669743e+01	1.299315025938409462e+01
1.127127127127127153e+02	1.615678562311401834e+01	1.299314209508086648e+01
1.129129129129129154e+02	1.614196246756771203e+01	1.299313410832913362e+01
1.131131131131131156e+02	1.612723442399549256e+01	1.299312629526763274e+01
1.133133133133133157e+02	1.611260088708349514e+01	1.299311865211907246e+01
1.135135135135135158e+02	1.609806125527471110e+01	1.299311117518830549e+01
1.137137137137137159e+02	1.608361493074752602e+01	1.299310386086054336e+01
1.139139139139139161e+02	1.606926131939433589e+01	1.299309670559961383e+01
1.141141141141141162e+02	1.605499983080023441e+01	1.299308970594624135e+01
1.143143143143143163e+02	1.604082987822183526e+01	1.299308285851638267e+01
1.145145145145145165e+02	1.602675087856611924e+01	1.299307615999958898e+01
1.147147147147147166e+02	1.601276225236941286e+01	1.299306960715740544e+01
1.149149149149149167e+02	1.599886342377643977e+01	1.299306319682180266e+01
1.151151151151151169e+02	1.598505382051947166e+01	1.299305692589364725e+01
1.153153153153153170e+02	1.597133287389754841e+01	1.299305079134120611e+01
1.155155155155155171e+02	1.595770001875579247e+01	1.299304479019867564e+01
1.157157157157157172e+02	1.594415469346483860e+01	1.299303891956475177e+01
1.159159159159159174e+02	1.593069633990031164e+01	1.299303317660122481e+01
1.161161161161161175e+02	1.591732440342243038e+01	1.299302755853161173e+01
1.163163163163163176e+02	1.590403833285567714e+01	1.299302206263980430e+01
1.165165165165165178e+02	1.589083758046856865e+01	1.299301668626876705e+01
1.167167167167167179e+02	1.587772160195352278e+01	1.299301142681924937e+01
1.169169169169169180e+02	1.586468985640679463e+01	1.299300628174852257e+01
1.171171171171171181e+02	1.585174180630852980e+01	1.299300124856915595e+01
1.173173173173173183e+02	1.583887691750289406e+01	1.299299632484781952e+01
1.175175175175175184e+02	1.582609465917829006e+01	1.299299150820409210e+01
1.177177177177177185e+02	1.581339450384767886e+01	1.299298679630932973e+01
1.179179179179179187e+02	1.580077592732897962e+01	1.299298218688552531e+01
1.181181181181181188e+02	1.578823840872557227e+01	1.299297767770421252e+01
1.183183183183183189e+02	1.577578143040687664e+01	1.299297326658538587e+01
1.185185185185185190e+02	1.576340447798904698e+01	1.299296895139645613e+01
1.187187187187187192e+02	1.575110704031572695e+01	1.299296473005120411e+01
1.189189189189189193e+02	1.573888860943892531e+01	1.299296060050878587e+01
1.191191191191191194e+02	1.572674868059996101e+01	1.299295656077273620e+01
1.193193193193193196e+02	1.571468675221051825e+01	1.299295260889001291e+01
1.195195195195195197e+02	1.570270232583377634e+01	1.299294874295004121e+01
1.197197197197197340e+02	1.569079490616564598e+01	1.299294496108380059e+01
1.199199199199199342e+02	1.567896400101608734e+01	1.299294126146291362e+01
1.201201201201201343e+02	1.566720912129052046e+01	1.299293764229876658e+01
1.203203203203203344e+02	1.565552978097133519e+01	1.299293410184164443e+01
1.205205205205205345e+02	1.564392549709947922e+01	1.299293063837988171e+01
1.207207207207207347e+02	1.563239578975615451e+01	1.299292725023903650e+01
1.209209209209209348e+02	1.562094018204458834e+01	1.299292393578108573e+01
1.211211211211211349e+02	1.560955820007190908e+01	1.299292069340362232e+01
1.213213213213213351e+02	1.559824937293110203e+01	1.299291752153909307e+01
1.215215215215215352e+02	1.558701323268305927e+01	1.299291441865403129e+01
1.217217217217217353e+02	1.557584931433873621e+01	1.299291138324832140e+01
1.219219219219219354e+02	1.556475715584137021e+01	1.299290841385447060e+01
1.221221221221221356e+02	1.555373629804881475e+01	1.299290550903689834e+01
1.223223223223223357e+02	1.554278628471594459e+01	1.299290266739124355e+01
1.225225225225225358e+02	1.553190666247717999e+01	1.299289988754369318e+01
1.227227227227227360e+02	1.552109698082905709e+01	1.299289716815030005e+01
1.229229229229229361e+02	1.551035679211294394e+01	1.299289450789635403e+01
1.231231231231231362e+02	1.549968565149778676e+01	1.299289190549573014e+01
1.233233233233233364e+02	1.548908311696299833e+01	1.299288935969027747e+01
1.235235235235235365e+02	1.547854874928140489e+01	1.299288686924920100e+01
1.237237237237237366e+02	1.546808211200229088e+01	1.299288443296847717e+01
1.239239239239239367e+02	1.545768277143453417e+01	1.299288204967026417e+01
1.241241241241241369e+02	1.544735029662982839e+01	1.299287971820233700e+01
1.243243243243243370e+02	1.543708425936600470e+01	1.299287743743752621e+01
1.245245245245245371e+02	1.542688423413041754e+01	1.299287520627317782e+01
1.247247247247247373e+02	1.541674979810344581e+01	1.299287302363061336e+01
1.249249249249249374e+02	1.540668053114206693e+01	1.299287088845461646e+01
1.251251251251251375e+02	1.539667601576352318e+01	1.299286879971291953e+01
1.253253253253253376e+02	1.538673583712907345e+01	1.299286675639570099e+01
1.255255255255255378e+02	1.537685958302783895e+01	1.299286475751510039e+01
1.257257257257257379e+02	1.536704684386072728e+01	1.299286280210474231e+01
1.259259259259259380e+02	1.535729721262445580e+01	1.299286088921926741e+01
1.261261261261261382e+02	1.534761028489563728e+01	1.299285901793387232e+01
1.263263263263263383e+02	1.533798565881499343e+01	1.299285718734387096e+01
1.265265265265265384e+02	1.532842293507160747e+01	1.299285539656424682e+01
1.267267267267267385e+02	1.531892171688730286e+01	1.299285364472923199e+01
1.269269269269269387e+02	1.530948161000108065e+01	1.299285193099188795e+01
1.271271271271271388e+02	1.530010222265365449e+01	1.299285025452369169e+01
1.273273273273273389e+02	1.529078316557207273e+01	1.299284861451414130e+01
1.275275275275275391e+02	1.528152405195441332e+01	1.299284701017035992e+01
1.277277277277277392e+02	1.527232449745458709e+01	1.299284544071671199e+01
1.279279279279279393e+02	1.526318412016719250e+01	1.299284390539443379e+01
1.281281281281281395e+02	1.525410254061248061e+01	1.299284240346125863e+01
1.283283283283283254e+02	1.524507938172139987e+01	1.299284093419106512e+01
1.285285285285285397e+02	1.523611426882071207e+01	1.299283949687352191e+01
1.287287287287287256e+02	1.522720682961820415e+01	1.299283809081374486e+01
1.289289289289289400e+02	1.521835669418797465e+01	1.299283671533196127e+01
1.291291291291291259e+02	1.520956349495581783e+01	1.299283536976318487e+01
1.293293293293293402e+02	1.520082686668465932e+01	1.299283405345688536e+01
1.295295295295295261e+02	1.519214644646011436e+01	1.299283276577668644e+01
1.297297297297297405e+02	1.518352187367609218e+01	1.299283150610004611e+01
1.299299299299299264e+02	1.517495279002050523e+01	1.299283027381796174e+01
1.301301301301301407e+02	1.516643883946104765e+01	1.299282906833467877e+01
1.303303303303303267e+02	1.515797966823106258e+01	1.299282788906739405e+01
1.305305305305305410e+02	1.514957492481547341e+01	1.299282673544598055e+01
1.307307307307307269e+02	1.514122425993681986e+01	1.299282560691271016e+01
1.309309309309309413e+02	1.513292732654135797e+01	1.299282450292198376e+01
1.311311311311311272e+02	1.512468377978524181e+01	1.299282342294006654e+01
1.313313313313313415e+02	1.511649327702078160e+01	1.299282236644483390e+01
1.315315315315315274e+02	1.510835547778279597e+01	1.299282133292551400e+01
1.317317317317317418e+02	1.510027004377501747e+01	1.299282032188244074e+01
1.319319319319319277e+02	1.509223663885660471e+01	1.299281933282681756e+01
1.321321321321321420e+02	1.508425492902870602e+01	1.299281836528047585e+01
1.323323323323323280e+02	1.507632458242112250e+01	1.299281741877564933e+01
1.325325325325325423e+02	1.506844526927903516e+01	1.299281649285474138e+01
1.327327327327327282e+02	1.506061666194981186e+01	1.299281558707010653e+01
1.329329329329329425e+02	1.505283843486988893e+01	1.299281470098383551e+01
1.331331331331331285e+02	1.504511026455173983e+01	1.299281383416754210e+01
1.333333333333333428e+02	1.503743182957090774e+01	1.299281298620215885e+01
1.335335335335335287e+02	1.502980281055311629e+01	1.299281215667772571e+01
1.337337337337337431e+02	1.502222289016145851e+01	1.299281134519320346e+01
1.339339339339339290e+02	1.501469175308366033e+01	1.299281055135627305e+01
1.341341341341341433e+02	1.500720908601941339e+01	1.299280977478314902e+01
1.343343343343343292e+02	1.499977457766779843e+01	1.299280901509838593e+01
1.345345345345345436e+02	1.499238791871475307e+01	1.299280827193471133e+01
1.347347347347347295e+02	1.498504880182064802e+01	1.299280754493283574e+01
1.349349349349349438e+02	1.497775692160790406e+01	1.299280683374128209e+01
1.351351351351351298e+02	1.497051197464871031e+01	1.299280613801622053e+01
1.353353353353353441e+02	1.496331365945279224e+01	1.299280545742129611e+01
1.355355355355355300e+02	1.495616167645527028e+01	1.299280479162746893e+01
1.357357357357357444e+02	1.494905572800456994e+01	1.299280414031285424e+01
1.359359359359359303e+02	1.494199551835042961e+01	1.299280350316257149e+01
1.361361361361361446e+02	1.493498075363195277e+01	1.299280287986858085e+01
1.363363363363363305e+02	1.492801114186575084e+01	1.299280227012954825e+01
1.365365365365365449e+02	1.492108639293414818e+01	1.299280167365068905e+01
1.367367367367367592e+02	1.491420621857345097e+01	1.299280109014363127e+01
1.369369369369369451e+02	1.490737033236231035e+01	1.299280051932627167e+01
1.371371371371371595e+02	1.490057844971011747e+01	1.299279996092264433e+01
1.373373373373373454e+02	1.489383028784550156e+01	1.299279941466278565e+01
1.375375375375375597e+02	1.488712556580487956e+01	1.299279888028259933e+01
1.377377377377377456e+02	1.488046400442107853e+01	1.299279835752373558e+01
1.379379379379379600e+02	1.487384532631202383e+01	1.299279784613346145e+01
1.381381381381381459e+02	1.486726925586950365e+01	1.299279734586454360e+01
1.383383383383383602e+02	1.486073551924798508e+01	1.299279685647511862e+01
1.385385385385385462e+02	1.485424384435351364e+01	1.299279637772858997e+01
1.387387387387387605e+02	1.484779396083267144e+01	1.299279590939350371e+01
1.389389389389389464e+02	1.484138560006159935e+01	1.299279545124343649e+01
1.391391391391391608e+02	1.483501849513509541e+01	1.299279500305689261e+01
1.393393393393393467e+02	1.482869238085576491e+01	1.299279456461719384e+01
1.395395395395395610e+02	1.482240699372325032e+01	1.299279413571237107e+01
1.397397397397397469e+02	1.481616207192351631e+01	1.299279371613506839e+01
1.399399399399399613e+02	1.480995735531820223e+01	1.299279330568243651e+01
1.401401401401401472e+02	1.480379258543404042e+01	1.299279290415603683e+01
1.403403403403403615e+02	1.479766750545233656e+01	1.299279251136175084e+01
1.405405405405405475e+02	1.479158186019851939e+01	1.299279212710967712e+01
1.407407407407407618e+02	1.478553539613174372e+01	1.299279175121404428e+01
1.409409409409409477e+02	1.477952786133456620e+01	1.299279138349312568e+01
1.411411411411411621e+02	1.477355900550267265e+01	1.299279102376914174e+01
1.413413413413413480e+02	1.476762857993468891e+01	1.299279067186818004e+01
1.415415415415415623e+02	1.476173633752202718e+01	1.299279032762011177e+01
1.417417417417417482e+02	1.475588203273881227e+01	1.299278999085850828e+01
1.419419419419419626e+02	1.475006542163185941e+01	1.299278966142055758e+01
1.421421421421421485e+02	1.474428626181072488e+01	1.299278933914698975e+01
1.423423423423423628e+02	1.473854431243780638e+01	1.299278902388200052e+01
1.425425425425425487e+02	1.473283933421850378e+01	1.299278871547317138e+01
1.427427427427427631e+02	1.472717108939145270e+01	1.299278841377140026e+01
1.429429429429429490e+02	1.472153934171879719e+01	1.299278811863082517e+01
1.431431431431431633e+02	1.471594385647654590e+01	1.299278782990875847e+01
1.433433433433433493e+02	1.471038440044496909e+01	1.299278754746561582e+01
1.435435435435435636e+02	1.470486074189905423e+01	1.299278727116484689e+01
1.437437437437437495e+02	1.469937265059904519e+01	1.299278700087287142e+01
1.439439439439439639e+02	1.469391989778099727e+01	1.299278673645901527e+01
1.441441441441441498e+02	1.468850225614743188e+01	1.299278647779544471e+01
1.443443443443443641e+02	1.468311949985802478e+01	1.299278622475710598e+01
1.445445445445445500e+02	1.467777140452035134e+01	1.299278597722166673e+01
1.447447447447447644e+02	1.467245774718070450e+01	1.299278573506945378e+01
1.449449449449449503e+02	1.466717830631495367e+01	1.299278549818339634e+01
1.451451451451451646e+02	1.466193286181946931e+01	1.299278526644896736e+01
1.453453453453453506e+02	1.465672119500209369e+01	1.299278503975413734e+01
1.455455455455455649e+02	1.465154308857318100e+01	1.299278481798930507e+01
1.457457457457457508e+02	1.464639832663668351e+01	1.299278460104725674e+01
1.459459459459459651e+02	1.464128669468128763e+01	1.299278438882311271e+01
1.461461461461461511e+02	1.463620797957162445e+01	1.299278418121426881e+01
1.463463463463463654e+02	1.463116196953951231e+01	1.299278397812035379e+01
1.465465465465465513e+02	1.462614845417526510e+01	1.299278377944318308e+01
1.467467467467467657e+02	1.462116722441905203e+01	1.299278358508670372e+01
1.469469469469469516e+02	1.461621807255231609e+01	1.299278339495695000e+01
1.471471471471471659e+02	1.461130079218923505e+01	1.299278320896200611e+01
1.473473473473473518e+02	1.460641517826824476e+01	1.299278302701194576e+01
1.475475475475475662e+02	1.460156102704360848e+01	1.299278284901880909e+01
1.477477477477477521e+02	1.459673813607704496e+01	1.299278267489654048e+01
1.479479479479479664e+02	1.459194630422940264e+01	1.299278250456096018e+01
1.481481481481481524e+02	1.458718533165238718e+01	1.299278233792971804e+01
1.483483483483483667e+02	1.458245501978034930e+01	1.299278217492225274e+01
1.485485485485485526e+02	1.457775517132210119e+01	1.299278201545975975e+01
1.487487487487487670e+02	1.457308559025281269e+01	1.299278185946514519e+01
1.489489489489489529e+02	1.456844608180593248e+01	1.299278170686299028e+01
1.491491491491491672e+02	1.456383645246517666e+01	1.299278155757951936e+01
1.493493493493493531e+02	1.455925650995656184e+01	1.299278141154256083e+01
1.495495495495495675e+02	1.455470606324048077e+01	1.299278126868150984e+01
1.497497497497497534e+02	1.455018492250384554e+01	1.299278112892729986e+01
1.499499499499499677e+02	1.454569289915225028e+01	1.299278099221236538e+01
1.501501501501501536e+02	1.454122980580221736e+01	1.299278085847061170e+01
1.503503503503503680e+02	1.453679545627346847e+01	1.299278072763737768e+01
1.505505505505505539e+02	1.453238966558124901e+01	1.299278059964941434e+01
1.507507507507507682e+02	1.452801224992870566e+01	1.299278047444484052e+01
1.509509509509509542e+02	1.452366302669930143e+01	1.299278035196312864e+01
1.511511511511511685e+02	1.451934181444929628e+01	1.299278023214506206e+01
1.513513513513513544e+02	1.451504843290025093e+01	1.299278011493271556e+01
1.515515515515515688e+02	1.451078270293159633e+01	1.299278000026941804e+01
1.517517517517517547e+02	1.450654444657324760e+01	1.299277988809973827e+01
1.519519519519519690e+02	1.450233348699824276e+01	1.299277977836944586e+01
1.521521521521521549e+02	1.449814964851547039e+01	1.299277967102548992e+01
1.523523523523523693e+02	1.449399275656239183e+01	1.299277956601597417e+01
1.525525525525525552e+02	1.448986263769785232e+01	1.299277946329013034e+01
1.527527527527527695e+02	1.448575911959490448e+01	1.299277936279829682e+01
1.529529529529529555e+02	1.448168203103371177e+01	1.299277926449188847e+01
1.531531531531531698e+02	1.447763120189445019e+01	1.299277916832337709e+01
1.533533533533533557e+02	1.447360646315030408e+01	1.299277907424627188e+01
1.535535535535535701e+02	1.446960764686046730e+01	1.299277898221508920e+01
1.537537537537537560e+02	1.446563458616321185e+01	1.299277889218533488e+01
1.539539539539539703e+02	1.446168711526898498e+01	1.299277880411348463e+01
1.541541541541541562e+02	1.445776506945356488e+01	1.299277871795695916e+01
1.543543543543543706e+02	1.445386828505124299e+01	1.299277863367410291e+01
1.545545545545545565e+02	1.444999659944805970e+01	1.299277855122417158e+01
1.547547547547547708e+02	1.444614985107508431e+01	1.299277847056730373e+01
1.549549549549549567e+02	1.444232787940172713e+01	1.299277839166450477e+01
1.551551551551551711e+02	1.443853052492910116e+01	1.299277831447762743e+01
1.553553553553553570e+02	1.443475762918342831e+01	1.299277823896935580e+01
1.555555555555555713e+02	1.443100903470947394e+01	1.299277816510318573e+01
1.557557557557557573e+02	1.442728458506404365e+01	1.299277809284340357e+01
1.559559559559559716e+02	1.442358412480949781e+01	1.299277802215507549e+01
1.561561561561561575e+02	1.441990749950732820e+01	1.299277795300402794e+01
1.563563563563563719e+02	1.441625455571175607e+01	1.299277788535682987e+01
1.565565565565565578e+02	1.441262514096338521e+01	1.299277781918077324e+01
1.567567567567567721e+02	1.440901910378288875e+01	1.299277775444386762e+01
1.569569569569569580e+02	1.440543629366474043e+01	1.299277769111481540e+01
1.571571571571571724e+02	1.440187656107097069e+01	1.299277762916299750e+01
1.573573573573573583e+02	1.439833975742498851e+01	1.299277756855846455e+01
1.575575575575575726e+02	1.439482573510541386e+01	1.299277750927191555e+01
1.577577577577577586e+02	1.439133434743997064e+01	1.299277745127468897e+01
1.579579579579579729e+02	1.438786544869940265e+01	1.299277739453874325e+01
1.581581581581581588e+02	1.438441889409144636e+01	1.299277733903665322e+01
1.583583583583583732e+02	1.438099453975481801e+01	1.299277728474158167e+01
1.585585585585585591e+02	1.437759224275325920e+01	1.299277723162728293e+01
1.587587587587587734e+02	1.437421186106961102e+01	1.299277717966807444e+01
1.589589589589589593e+02	1.437085325359992893e+01	1.299277712883884028e+01
1.591591591591591737e+02	1.436751628014762261e+01	1.299277707911500279e+01
1.593593593593593596e+02	1.436420080141766320e+01	1.299277703047252430e+01
1.595595595595595739e+02	1.436090667901078533e+01	1.299277698288788763e+01
1.597597597597597598e+02	1.435763377541776364e+01	1.299277693633808894e+01
1.599599599599599742e+02	1.435438195401370365e+01	1.299277689080062181e+01
1.601601601601601601e+02	1.435115107905237508e+01	1.299277684625347185e+01
1.603603603603603744e+02	1.434794101566058089e+01	1.299277680267510071e+01
1.605605605605605604e+02	1.434475162983256524e+01	1.299277676004444260e+01
1.607607607607607747e+02	1.434158278842445000e+01	1.299277671834088643e+01
1.609609609609609606e+02	1.433843435914871201e+01	1.299277667754426702e+01
1.611611611611611750e+02	1.433530621056869236e+01	1.299277663763486679e+01
1.613613613613613609e+02	1.433219821209314659e+01	1.299277659859338563e+01
1.615615615615615752e+02	1.432911023397081607e+01	1.299277656040095152e+01
1.617617617617617611e+02	1.432604214728505276e+01	1.299277652303910102e+01
1.619619619619619755e+02	1.432299382394845999e+01	1.299277648648976680e+01
1.621621621621621614e+02	1.431996513669757931e+01	1.299277645073528475e+01
1.623623623623623757e+02	1.431695595908760410e+01	1.299277641575836384e+01
1.625625625625625617e+02	1.431396616548713219e+01	1.299277638154209669e+01
1.627627627627627760e+02	1.431099563107294692e+01	1.299277634806994186e+01
1.629629629629629619e+02	1.430804423182483553e+01	1.299277631532571498e+01
1.631631631631631763e+02	1.430511184452043949e+01	1.299277628329358514e+01
1.633633633633633622e+02	1.430219834673013324e+01	1.299277625195806962e+01
1.635635635635635765e+02	1.429930361681194029e+01	1.299277622130401433e+01
1.637637637637637624e+02	1.429642753390648124e+01	1.299277619131660444e+01
1.639639639639639768e+02	1.429356997793195205e+01	1.299277616198133778e+01
1.641641641641641627e+02	1.429073082957914131e+01	1.299277613328403369e+01
1.643643643643643770e+02	1.428790997030645826e+01	1.299277610521081883e+01
1.645645645645645629e+02	1.428510728233502114e+01	1.299277607774812004e+01
1.647647647647647773e+02	1.428232264864376155e+01	1.299277605088266263e+01
1.649649649649649632e+02	1.427955595296455193e+01	1.299277602460145431e+01
1.651651651651651775e+02	1.427680707977738450e+01	1.299277599889179058e+01
1.653653653653653635e+02	1.427407591430556089e+01	1.299277597374124404e+01
1.655655655655655778e+02	1.427136234251093150e+01	1.299277594913765199e+01
1.657657657657657637e+02	1.426866625108914377e+01	1.299277592506912349e+01
1.659659659659659781e+02	1.426598752746493837e+01	1.299277590152401807e+01
1.661661661661661640e+02	1.426332605978747203e+01	1.299277587849095639e+01
1.663663663663663783e+02	1.426068173692565999e+01	1.299277585595880247e+01
1.665665665665665642e+02	1.425805444846355918e+01	1.299277583391666013e+01
1.667667667667667786e+02	1.425544408469577640e+01	1.299277581235387480e+01
1.669669669669669645e+02	1.425285053662290835e+01	1.299277579126002280e+01
1.671671671671671788e+02	1.425027369594700488e+01	1.299277577062490430e+01
1.673673673673673647e+02	1.424771345506706766e+01	1.299277575043854327e+01
1.675675675675675791e+02	1.424516970707457375e+01	1.299277573069118219e+01
1.677677677677677650e+02	1.424264234574902943e+01	1.299277571137327314e+01
1.679679679679679793e+02	1.424013126555355235e+01	1.299277569247547426e+01
1.681681681681681653e+02	1.423763636163048218e+01	1.299277567398865330e+01
1.683683683683683796e+02	1.423515752979701254e+01	1.299277565590386985e+01
1.685685685685685655e+02	1.423269466654086735e+01	1.299277563821238068e+01
1.687687687687687799e+02	1.423024766901598248e+01	1.299277562090563443e+01
1.689689689689689658e+02	1.422781643503823545e+01	1.299277560397526265e+01
1.691691691691691801e+02	1.422540086308119101e+01	1.299277558741308169e+01
1.693693693693693660e+02	1.422300085227187338e+01	1.299277557121108195e+01
1.695695695695695804e+02	1.422061630238657060e+01	1.299277555536143325e+01
1.697697697697697663e+02	1.421824711384666706e+01	1.299277553985647060e+01
1.699699699699699806e+02	1.421589318771449584e+01	1.299277552468869779e+01
1.701701701701701666e+02	1.421355442568921745e+01	1.299277550985078378e+01
1.703703703703703809e+02	1.421123073010273608e+01	1.299277549533555565e+01
1.705705705705705668e+02	1.420892200391562810e+01	1.299277548113599323e+01
1.707707707707707812e+02	1.420662815071310625e+01	1.299277546724523269e+01
1.709709709709709955e+02	1.420434907470100505e+01	1.299277545365655939e+01
1.711711711711711814e+02	1.420208468070178931e+01	1.299277544036340259e+01
1.713713713713713958e+02	1.419983487415059820e+01	1.299277542735933544e+01
1.715715715715715817e+02	1.419759956109130528e+01	1.299277541463807317e+01
1.717717717717717960e+02	1.419537864817260342e+01	1.299277540219346250e+01
1.719719719719719819e+02	1.419317204264412524e+01	1.299277539001948867e+01
1.721721721721721963e+02	1.419097965235257064e+01	1.299277537811026484e+01
1.723723723723723822e+02	1.418880138573788052e+01	1.299277536646003561e+01
1.725725725725725965e+02	1.418663715182941587e+01	1.299277535506316816e+01
1.727727727727727824e+02	1.418448686024217231e+01	1.299277534391415045e+01
1.729729729729729968e+02	1.418235042117301781e+01	1.299277533300759302e+01
1.731731731731731827e+02	1.418022774539694986e+01	1.299277532233822541e+01
1.733733733733733970e+02	1.417811874426337759e+01	1.299277531190088730e+01
1.735735735735735830e+02	1.417602332969243761e+01	1.299277530169053207e+01
1.737737737737737973e+02	1.417394141417131515e+01	1.299277529170222500e+01
1.739739739739739832e+02	1.417187291075060251e+01	1.299277528193113618e+01
1.741741741741741976e+02	1.416981773304067893e+01	1.299277527237254226e+01
1.743743743743743835e+02	1.416777579520811159e+01	1.299277526302182295e+01
1.745745745745745978e+02	1.416574701197207808e+01	1.299277525387445564e+01
1.747747747747747837e+02	1.416373129860081370e+01	1.299277524492601898e+01
1.749749749749749981e+02	1.416172857090808357e+01	1.299277523617218577e+01
1.751751751751751840e+02	1.415973874524967080e+01	1.299277522760872472e+01
1.753753753753753983e+02	1.415776173851989839e+01	1.299277521923149692e+01
1.755755755755755843e+02	1.415579746814815820e+01	1.299277521103645050e+01
1.757757757757757986e+02	1.415384585209547730e+01	1.299277520301962419e+01
1.759759759759759845e+02	1.415190680885109487e+01	1.299277519517714197e+01
1.761761761761761989e+02	1.414998025742906762e+01	1.299277518750521310e+01
1.763763763763763848e+02	1.414806611736489472e+01	1.299277518000012854e+01
1.765765765765765991e+02	1.414616430871216579e+01	1.299277517265825743e+01
1.767767767767767850e+02	1.414427475203922846e+01	1.299277516547605416e+01
1.769769769769769994e+02	1.414239736842587369e+01	1.299277515845004238e+01
1.771771771771771853e+02	1.414053207946005486e+01	1.299277515157682750e+01
1.773773773773773996e+02	1.413867880723461035e+01	1.299277514485308771e+01
1.775775775775775855e+02	1.413683747434402527e+01	1.299277513827557051e+01
1.777777777777777999e+02	1.413500800388120027e+01	1.299277513184109623e+01
1.779779779779779858e+02	1.413319031943424342e+01	1.299277512554655445e+01
1.781781781781782001e+02	1.413138434508329055e+01	1.299277511938890228e+01
1.783783783783783861e+02	1.412959000539734156e+01	1.299277511336516255e+01
1.785785785785786004e+02	1.412780722543110379e+01	1.299277510747242204e+01
1.787787787787787863e+02	1.412603593072188701e+01	1.299277510170783323e+01
1.789789789789790007e+02	1.412427604728648056e+01	1.299277509606860903e+01
1.791791791791791866e+02	1.412252750161808024e+01	1.299277509055202273e+01
1.793793793793794009e+02	1.412079022068322232e+01	1.299277508515540625e+01
1.795795795795795868e+02	1.411906413191873533e+01	1.299277507987615188e+01
1.797797797797798012e+02	1.411734916322871669e+01	1.299277507471170701e+01
1.799799799799799871e+02	1.411564524298152712e+01	1.299277506965957585e+01
1.801801801801802014e+02	1.411395230000679923e+01	1.299277506471731414e+01
1.803803803803803874e+02	1.411227026359248349e+01	1.299277505988253267e+01
1.805805805805806017e+02	1.411059906348187987e+01	1.299277505515289555e+01
1.807807807807807876e+02	1.410893862987072289e+01	1.299277505052611481e+01
1.809809809809810019e+02	1.410728889340427017e+01	1.299277504599995403e+01
1.811811811811811879e+02	1.410564978517440160e+01	1.299277504157222474e+01
1.813813813813814022e+02	1.410402123671675412e+01	1.299277503724078642e+01
1.815815815815815881e+02	1.410240318000786175e+01	1.299277503300354475e+01
1.817817817817818025e+02	1.410079554746231878e+01	1.299277502885845337e+01
1.819819819819819884e+02	1.409919827192996955e+01	1.299277502480350499e+01
1.821821821821822027e+02	1.409761128669309471e+01	1.299277502083674207e+01
1.823823823823823886e+02	1.409603452546363656e+01	1.299277501695624437e+01
1.825825825825826030e+02	1.409446792238043500e+01	1.299277501316013606e+01
1.827827827827827889e+02	1.409291141200647957e+01	1.299277500944658570e+01
1.829829829829830032e+02	1.409136492932617557e+01	1.299277500581379208e+01
1.831831831831831892e+02	1.408982840974263695e+01	1.299277500226000370e+01
1.833833833833834035e+02	1.408830178907499509e+01	1.299277499878349929e+01
1.835835835835835894e+02	1.408678500355571117e+01	1.299277499538260194e+01
1.837837837837838038e+02	1.408527798982792945e+01	1.299277499205566322e+01
1.839839839839839897e+02	1.408378068494282154e+01	1.299277498880107551e+01
1.841841841841842040e+02	1.408229302635696989e+01	1.299277498561726674e+01
1.843843843843843899e+02	1.408081495192975652e+01	1.299277498250269858e+01
1.845845845845846043e+02	1.407934639992076953e+01	1.299277497945586290e+01
1.847847847847847902e+02	1.407788730898722562e+01	1.299277497647528712e+01
1.849849849849850045e+02	1.407643761818141570e+01	1.299277497355953237e+01
1.851851851851851904e+02	1.407499726694815756e+01	1.299277497070718468e+01
1.853853853853854048e+02	1.407356619512227702e+01	1.299277496791687092e+01
1.855855855855855907e+02	1.407214434292608551e+01	1.299277496518723751e+01
1.857857857857858050e+02	1.407073165096690026e+01	1.299277496251696640e+01
1.859859859859859910e+02	1.406932806023455562e+01	1.299277495990476616e+01
1.861861861861862053e+02	1.406793351209894816e+01	1.299277495734937382e+01
1.863863863863863912e+02	1.406654794830758171e+01	1.299277495484955480e+01
1.865865865865866056e+02	1.406517131098314799e+01	1.299277495240409941e+01
1.867867867867867915e+02	1.406380354262110366e+01	1.299277495001182814e+01
1.869869869869870058e+02	1.406244458608727577e+01	1.299277494767158103e+01
1.871871871871871917e+02	1.406109438461547434e+01	1.299277494538222655e+01
1.873873873873874061e+02	1.405975288180512273e+01	1.299277494314266157e+01
1.875875875875875920e+02	1.405842002161890925e+01	1.299277494095180074e+01
1.877877877877878063e+02	1.405709574838044773e+01	1.299277493880858358e+01
1.879879879879879923e+02	1.405578000677194872e+01	1.299277493671197625e+01
1.881881881881882066e+02	1.405447274183191730e+01	1.299277493466096622e+01
1.883883883883883925e+02	1.405317389895285984e+01	1.299277493265455874e+01
1.885885885885886069e+02	1.405188342387899603e+01	1.299277493069178391e+01
1.887887887887887928e+02	1.405060126270401000e+01	1.299277492877169671e+01
1.889889889889890071e+02	1.404932736186878550e+01	1.299277492689336455e+01
1.891891891891891930e+02	1.404806166815918367e+01	1.299277492505588150e+01
1.893893893893894074e+02	1.404680412870381012e+01	1.299277492325835759e+01
1.895895895895895933e+02	1.404555469097181764e+01	1.299277492149992597e+01
1.897897897897898076e+02	1.404431330277071410e+01	1.299277491977973575e+01
1.899899899899899935e+02	1.404307991224417584e+01	1.299277491809695562e+01
1.901901901901902079e+02	1.404185446786988933e+01	1.299277491645077021e+01
1.903903903903903938e+02	1.404063691845740536e+01	1.299277491484038549e+01
1.905905905905906081e+02	1.403942721314599140e+01	1.299277491326502165e+01
1.907907907907907941e+02	1.403822530140251779e+01	1.299277491172391841e+01
1.909909909909910084e+02	1.403703113301934735e+01	1.299277491021632969e+01
1.911911911911911943e+02	1.403584465811223403e+01	1.299277490874152541e+01
1.913913913913914087e+02	1.403466582711824984e+01	1.299277490729879680e+01
1.915915915915915946e+02	1.403349459079370831e+01	1.299277490588744222e+01
1.917917917917918089e+02	1.403233090021211282e+01	1.299277490450678130e+01
1.919919919919919948e+02	1.403117470676211731e+01	1.299277490315614436e+01
1.921921921921922092e+02	1.403002596214548703e+01	1.299277490183488304e+01
1.923923923923923951e+02	1.402888461837509837e+01	1.299277490054235251e+01
1.925925925925926094e+02	1.402775062777291915e+01	1.299277489927793283e+01
1.927927927927927954e+02	1.402662394296802972e+01	1.299277489804101116e+01
1.929929929929930097e+02	1.402550451689464239e+01	1.299277489683098885e+01
1.931931931931931956e+02	1.402439230279013671e+01	1.299277489564727972e+01
1.933933933933934100e+02	1.402328725419310551e+01	1.299277489448931533e+01
1.935935935935935959e+02	1.402218932494141868e+01	1.299277489335653257e+01
1.937937937937938102e+02	1.402109846917029579e+01	1.299277489224838433e+01
1.939939939939939961e+02	1.402001464131038766e+01	1.299277489116433593e+01
1.941941941941942105e+02	1.401893779608587920e+01	1.299277489010386155e+01
1.943943943943943964e+02	1.401786788851259757e+01	1.299277488906645139e+01
1.945945945945946107e+02	1.401680487389613283e+01	1.299277488805160097e+01
1.947947947947947966e+02	1.401574870782997451e+01	1.299277488705882178e+01
1.949949949949950110e+02	1.401469934619365354e+01	1.299277488608763065e+01
1.951951951951951969e+02	1.401365674515090731e+01	1.299277488513756218e+01
1.953953953953954112e+02	1.401262086114784466e+01	1.299277488420815452e+01
1.955955955955955972e+02	1.401159165091112513e+01	1.299277488329896002e+01
1.957957957957958115e+02	1.401056907144616304e+01	1.299277488240953637e+01
1.959959959959959974e+02	1.400955308003531918e+01	1.299277488153945548e+01
1.961961961961962118e+02	1.400854363423612448e+01	1.299277488068829811e+01
1.963963963963963977e+02	1.400754069187951067e+01	1.299277487985565038e+01
1.965965965965966120e+02	1.400654421106804648e+01	1.299277487904110906e+01
1.967967967967967979e+02	1.400555415017418248e+01	1.299277487824428334e+01
1.969969969969970123e+02	1.400457046783852633e+01	1.299277487746478599e+01
1.971971971971971982e+02	1.400359312296810366e+01	1.299277487670224041e+01
1.973973973973974125e+02	1.400262207473465281e+01	1.299277487595627889e+01
1.975975975975975985e+02	1.400165728257290709e+01	1.299277487522653907e+01
1.977977977977978128e+02	1.400069870617891787e+01	1.299277487451266921e+01
1.979979979979979987e+02	1.399974630550835464e+01	1.299277487381432472e+01
1.981981981981982130e+02	1.399880004077484941e+01	1.299277487313116630e+01
1.983983983983983990e+02	1.399785987244831986e+01	1.299277487246286533e+01
1.985985985985986133e+02	1.399692576125333332e+01	1.299277487180909851e+01
1.987987987987987992e+02	1.399599766816745472e+01	1.299277487116954966e+01
1.989989989989990136e+02	1.399507555441962481e+01	1.299277487054390789e+01
1.991991991991991995e+02	1.399415938148854011e+01	1.299277486993187303e+01
1.993993993993994138e+02	1.399324911110104175e+01	1.299277486933314840e+01
1.995995995995995997e+02	1.399234470523052210e+01	1.299277486874744447e+01
1.997997997997998141e+02	1.399144612609532956e+01	1.299277486817447702e+01
2.000000000000000000e+02	1.399055333615720187e+01	1.299277486761397071e+01
