1.000000000000000021e-03	2.809519954873025682e+01	2.702272304051144403e+01
1.611591591591591544e-01	2.807097599426464996e+01	2.689268808318283632e+01
3.213183183183183078e-01	2.804664799867788361e+01	2.676355480307411838e+01
4.814774774774774890e-01	2.802221565506870604e+01	2.663531697736833692e+01
6.416366366366366147e-01	2.799767906392735028e+01	2.650796842578570889e+01
8.017957957957957404e-01	2.797303833318800770e+01	2.638150301029842026e+01
9.619549549549549772e-01	2.794829357828068339e+01	2.625591463484740729e+01
1.122114114114113992e+00	2.792344492218222740e+01	2.613119724506097086e+01
1.282273273273273118e+00	2.789849249546671217e+01	2.600734482797504299e+01
1.442432432432432243e+00	2.787343643635493606e+01	2.588435141175537524e+01
1.602591591591591369e+00	2.784827689076323409e+01	2.576221106542161365e+01
1.762750750750750495e+00	2.782301401235137917e+01	2.564091789857285875e+01
1.922909909909909842e+00	2.779764796256973369e+01	2.552046606111519722e+01
2.083069069069068746e+00	2.777217891070549172e+01	2.540084974299115217e+01
2.243228228228228094e+00	2.774660703392804706e+01	2.528206317391043711e+01
2.403387387387386998e+00	2.772093251733350883e+01	2.516410062308284168e+01
2.563546546546546345e+00	2.769515555398824347e+01	2.504695639895271952e+01
2.723705705705705693e+00	2.766927634497151445e+01	2.493062484893508923e+01
2.883864864864864597e+00	2.764329509941715912e+01	2.481510035915358969e+01
3.044024024024023944e+00	2.761721203455426377e+01	2.470037735418010172e+01
3.204183183183182848e+00	2.759102737574686159e+01	2.458645029677596128e+01
3.364342342342342196e+00	2.756474135653261470e+01	2.447331368763494197e+01
3.524501501501501100e+00	2.753835421866043021e+01	2.436096206512793927e+01
3.684660660660660447e+00	2.751186621212701766e+01	2.424939000504915043e+01
3.844819819819819795e+00	2.748527759521239489e+01	2.413859212036406277e+01
4.004978978978979143e+00	2.745858863451426046e+01	2.402856306095904770e+01
4.165138138138138046e+00	2.743179960498126491e+01	2.391929751339248256e+01
4.325297297297297838e+00	2.740491078994510588e+01	2.381079020064757401e+01
4.485456456456456742e+00	2.737792248115151494e+01	2.370303588188691180e+01
4.645615615615615646e+00	2.735083497879001158e+01	2.359602935220824094e+01
4.805774774774774549e+00	2.732364859152249181e+01	2.348976544240226971e+01
4.965933933933934341e+00	2.729636363651056641e+01	2.338423901871176014e+01
5.126093093093093245e+00	2.726898043944169103e+01	2.327944498259237349e+01
5.286252252252252148e+00	2.724149933455402106e+01	2.317537827047487298e+01
5.446411411411411940e+00	2.721392066465996606e+01	2.307203385352899261e+01
5.606570570570570844e+00	2.718624478116850440e+01	2.296940673742901851e+01
5.766729729729729748e+00	2.715847204410611937e+01	2.286749196212049640e+01
5.926888888888888651e+00	2.713060282213645991e+01	2.276628460158883627e+01
6.087048048048048443e+00	2.710263749257860866e+01	2.266577976362928126e+01
6.247207207207207347e+00	2.707457644142397868e+01	2.256597258961832253e+01
6.407366366366366250e+00	2.704642006335189564e+01	2.246685825428671279e+01
6.567525525525526042e+00	2.701816876174365589e+01	2.236843196549398272e+01
6.727684684684684946e+00	2.698982294869528076e+01	2.227068896400427889e+01
6.887843843843843850e+00	2.696138304502876082e+01	2.217362452326382538e+01
7.048003003003002753e+00	2.693284948030188275e+01	2.207723394917982773e+01
7.208162162162162545e+00	2.690422269281654977e+01	2.198151257990070206e+01
7.368321321321321449e+00	2.687550312962567745e+01	2.188645578559790295e+01
7.528480480480480352e+00	2.684669124653852634e+01	2.179205896824910837e+01
7.688639639639640144e+00	2.681778750812455314e+01	2.169831756142280099e+01
7.848798798798799048e+00	2.678879238771571636e+01	2.160522703006430234e+01
8.008957957957957063e+00	2.675970636740727571e+01	2.151278287028329572e+01
8.169117117117115967e+00	2.673052993805694655e+01	2.142098060914253210e+01
8.329276276276274871e+00	2.670126359928260484e+01	2.132981580444808500e+01
8.489435435435433774e+00	2.667190785945827614e+01	2.123928404454107977e+01
8.649594594594594454e+00	2.664246323570863240e+01	2.114938094809049929e+01
8.809753753753753358e+00	2.661293025390181555e+01	2.106010216388762046e+01
8.969912912912912262e+00	2.658330944864066225e+01	2.097144337064167985e+01
9.130072072072071165e+00	2.655360136325229092e+01	2.088340027677695332e+01
9.290231231231230069e+00	2.652380654977603669e+01	2.079596862023107917e+01
9.450390390390388973e+00	2.649392556894974149e+01	2.070914416825480231e+01
9.610549549549547876e+00	2.646395899019437081e+01	2.062292271721302228e+01
9.770708708708708556e+00	2.643390739159694647e+01	2.053730009238711673e+01
9.930867867867867460e+00	2.640377135989181667e+01	2.045227214777857228e+01
1.009102702702702636e+01	2.637355149044019953e+01	2.036783476591401154e+01
1.025118618618618527e+01	2.634324838720807094e+01	2.028398385765133582e+01
1.041134534534534417e+01	2.631286266274227614e+01	2.020071536198731010e+01
1.057150450450450307e+01	2.628239493814498928e+01	2.011802524586636309e+01
1.073166366366366198e+01	2.625184584304640012e+01	2.003590950399058812e+01
1.089182282282282266e+01	2.622121601557570969e+01	1.995436415863110824e+01
1.105198198198198156e+01	2.619050610233035670e+01	1.987338525944065637e+01
1.121214114114114047e+01	2.615971675834351373e+01	1.979296888326733139e+01
1.137230030030029937e+01	2.612884864704984977e+01	1.971311113396966164e+01
1.153245945945945827e+01	2.609790244024951278e+01	1.963380814223293669e+01
1.169261861861861718e+01	2.606687881807039986e+01	1.955505606538659436e+01
1.185277777777777608e+01	2.603577846892863334e+01	1.947685108722295055e+01
1.201293693693693676e+01	2.600460208948729246e+01	1.939918941781718331e+01
1.217309609609609566e+01	2.597335038461339707e+01	1.932206729334832573e+01
1.233325525525525457e+01	2.594202406733310795e+01	1.924548097592157347e+01
1.249341441441441347e+01	2.591062385878515784e+01	1.916942675339183211e+01
1.265357357357357238e+01	2.587915048817257713e+01	1.909390093918825215e+01
1.281373273273273128e+01	2.584760469271256511e+01	1.901889987214009636e+01
1.297389189189189018e+01	2.581598721758469850e+01	1.894441991630369060e+01
1.313405105105105086e+01	2.578429881587730677e+01	1.887045746079056130e+01
1.329421021021020977e+01	2.575254024853212087e+01	1.879700891959665654e+01
1.345436936936936867e+01	2.572071228428718825e+01	1.872407073143278922e+01
1.361452852852852757e+01	2.568881569961797595e+01	1.865163935955612828e+01
1.377468768768768648e+01	2.565685127867683235e+01	1.857971129160285528e+01
1.393484684684684538e+01	2.562481981323058022e+01	1.850828303942195419e+01
1.409500600600600428e+01	2.559272210259648972e+01	1.843735113891007416e+01
1.425516516516516496e+01	2.556055895357646079e+01	1.836691214984748655e+01
1.441532432432432387e+01	2.552833118038949678e+01	1.829696265573515745e+01
1.457548348348348277e+01	2.549603960460246554e+01	1.822749926363297845e+01
1.473564264264264168e+01	2.546368505505917312e+01	1.815851860399885354e+01
1.489580180180180058e+01	2.543126836780770361e+01	1.809001733052913607e+01
1.505596096096095948e+01	2.539879038602612127e+01	1.802199212000000728e+01
1.521612012012011839e+01	2.536625195994643889e+01	1.795443967210981384e+01
1.537627927927927907e+01	2.533365394677697324e+01	1.788735670932264554e+01
1.553643843843843797e+01	2.530099721062301654e+01	1.782073997671285071e+01
1.569659759759759687e+01	2.526828262240587719e+01	1.775458624181059619e+01
1.585675675675675578e+01	2.523551105978027209e+01	1.768889229444848255e+01
1.601691591591591646e+01	2.520268340705013088e+01	1.762365494660921428e+01
1.617707507507507714e+01	2.516980055508279079e+01	1.755887103227419743e+01
1.633723423423423426e+01	2.513686340122158214e+01	1.749453740727324202e+01
1.649739339339339494e+01	2.510387284919687190e+01	1.743065094913526281e+01
1.665755255255255207e+01	2.507082980903552993e+01	1.736720855693989307e+01
1.681771171171171275e+01	2.503773519696886751e+01	1.730420715117020336e+01
1.697787087087086988e+01	2.500458993533904817e+01	1.724164367356636518e+01
1.713803003003003056e+01	2.497139495250401353e+01	1.717951508698024554e+01
1.729818918918919124e+01	2.493815118274086728e+01	1.711781837523104599e+01
1.745834834834834837e+01	2.490485956614787710e+01	1.705655054296191508e+01
1.761850750750750905e+01	2.487152104854495249e+01	1.699570861549744194e+01
1.777866666666666617e+01	2.483813658137274416e+01	1.693528963870218362e+01
1.793882582582582685e+01	2.480470712159031521e+01	1.687529067884010914e+01
1.809898498498498398e+01	2.477123363157143388e+01	1.681570882243504172e+01
1.825914414414414466e+01	2.473771707899950201e+01	1.675654117613188276e+01
1.841930330330330534e+01	2.470415843676116907e+01	1.669778486655901872e+01
1.857946246246246247e+01	2.467055868283856768e+01	1.663943704019138181e+01
1.873962162162162315e+01	2.463691880020033764e+01	1.658149486321464394e+01
1.889978078078078028e+01	2.460323977669130713e+01	1.652395552139020296e+01
1.905993993993994096e+01	2.456952260492099072e+01	1.646681621992114941e+01
1.922009909909909808e+01	2.453576828215083339e+01	1.641007418331906109e+01
1.938025825825825876e+01	2.450197781018025722e+01	1.635372665527174973e+01
1.954041741741741944e+01	2.446815219523159612e+01	1.629777089851190652e+01
1.970057657657657657e+01	2.443429244783381904e+01	1.624220419468656473e+01
1.986073573573573725e+01	2.440039958270519094e+01	1.618702384422751095e+01
2.002089489489489438e+01	2.436647461863483954e+01	1.613222716622254538e+01
2.018105405405405506e+01	2.433251857836325982e+01	1.607781149828760192e+01
2.034121321321321219e+01	2.429853248846181657e+01	1.602377419643971024e+01
2.050137237237237287e+01	2.426451737921119900e+01	1.597011263497090106e+01
2.066153153153153355e+01	2.423047428447898710e+01	1.591682420632283268e+01
2.082169069069069067e+01	2.419640424159620196e+01	1.586390632096235898e+01
2.098184984984985135e+01	2.416230829123299628e+01	1.581135640725793756e+01
2.114200900900900848e+01	2.412818747727347812e+01	1.575917191135678408e+01
2.130216816816816916e+01	2.409404284668963925e+01	1.570735029706294839e+01
2.146232732732732629e+01	2.405987544941455170e+01	1.565588904571620787e+01
2.162248648648648697e+01	2.402568633821470456e+01	1.560478565607169088e+01
2.178264564564564765e+01	2.399147656856163735e+01	1.555403764418038115e+01
2.194280480480480477e+01	2.395724719850287698e+01	1.550364254327049807e+01
2.210296396396396545e+01	2.392299928853213586e+01	1.545359790362949681e+01
2.226312312312312258e+01	2.388873390145892728e+01	1.540390129248702955e+01
2.242328228228228326e+01	2.385445210227752000e+01	1.535455029389864201e+01
2.258344144144144039e+01	2.382015495803533511e+01	1.530554250863022681e+01
2.274360060060060107e+01	2.378584353770079574e+01	1.525687555404329387e+01
2.290375975975976175e+01	2.375151891203067223e+01	1.520854706398101541e+01
2.306391891891891888e+01	2.371718215343693714e+01	1.516055468865503641e+01
2.322407807807807956e+01	2.368283433585319386e+01	1.511289609453302774e+01
2.338423723723723668e+01	2.364847653460068955e+01	1.506556896422705449e+01
2.354439639639639736e+01	2.361410982625396215e+01	1.501857099638263726e+01
2.370455555555555449e+01	2.357973528850617129e+01	1.497189990556860550e+01
2.386471471471471517e+01	2.354535400003408085e+01	1.492555342216768111e+01
2.402487387387387585e+01	2.351096704036284990e+01	1.487952929226783993e+01
2.418503303303303298e+01	2.347657548973054276e+01	1.483382527755432534e+01
2.434519219219219366e+01	2.344218042895244736e+01	1.478843915520246455e+01
2.450535135135135079e+01	2.340778293928530474e+01	1.474336871777125069e+01
2.466551051051051147e+01	2.337338410229131114e+01	1.469861177309747191e+01
2.482566966966966859e+01	2.333898499970215568e+01	1.465416614419076780e+01
2.498582882882882927e+01	2.330458671328293718e+01	1.461002966912930390e+01
2.514598798798798995e+01	2.327019032469607396e+01	1.456620020095608758e+01
2.530614714714714708e+01	2.323579691536529879e+01	1.452267560757610454e+01
2.546630630630630776e+01	2.320140756633963974e+01	1.447945377165411429e+01
2.562646546546546489e+01	2.316702335815757152e+01	1.443653259051307813e+01
2.578662462462462557e+01	2.313264537071124849e+01	1.439390997603336864e+01
2.594678378378378270e+01	2.309827468311094378e+01	1.435158385455261509e+01
2.610694294294294338e+01	2.306391237354968737e+01	1.430955216676622044e+01
2.626710210210210406e+01	2.302955951916815636e+01	1.426781286762857093e+01
2.642726126126126118e+01	2.299521719591981395e+01	1.422636392625494040e+01
2.658742042042042186e+01	2.296088647843641439e+01	1.418520332582400201e+01
2.674757957957957899e+01	2.292656843989382764e+01	1.414432906348105945e+01
2.690773873873873967e+01	2.289226415187824770e+01	1.410373915024189451e+01
2.706789789789789680e+01	2.285797468425285217e+01	1.406343161089731453e+01
2.722805705705705748e+01	2.282370110502488814e+01	1.402340448391828431e+01
2.738821621621621816e+01	2.278944448021328384e+01	1.398365582136177387e+01
2.754837537537537528e+01	2.275520587371674708e+01	1.394418368877719061e+01
2.770853453453453596e+01	2.272098634718247467e+01	1.390498616511347763e+01
2.786869369369369309e+01	2.268678695987541616e+01	1.386606134262682133e+01
2.802885285285285377e+01	2.265260876854818051e+01	1.382740732678906070e+01
2.818901201201201090e+01	2.261845282731163564e+01	1.378902223619656908e+01
2.834917117117117158e+01	2.258432018750614745e+01	1.375090420247990863e+01
2.850933033033033226e+01	2.255021189757361100e+01	1.371305137021406395e+01
2.866948948948948939e+01	2.251612900293019948e+01	1.367546189682918722e+01
2.882964864864865007e+01	2.248207254583992665e+01	1.363813395252207883e+01
2.898980780780780719e+01	2.244804356528904776e+01	1.360106572016822746e+01
2.914996696696696787e+01	2.241404309686129182e+01	1.356425539523440094e+01
2.931012612612612500e+01	2.238007217261400683e+01	1.352770118569190316e+01
2.947028528528528568e+01	2.234613182095520756e+01	1.349140131193039061e+01
2.963044444444444636e+01	2.231222306652161791e+01	1.345535400667226256e+01
2.979060360360360349e+01	2.227834693005762645e+01	1.341955751488766069e+01
2.995076276276276417e+01	2.224450442829530061e+01	1.338401009371004946e+01
3.011092192192192130e+01	2.221069657383544182e+01	1.334871001235232768e+01
3.027108108108108198e+01	2.217692437502969227e+01	1.331365555202357953e+01
3.043124024024023910e+01	2.214318883586373587e+01	1.327884500584634608e+01
3.059139939939939978e+01	2.210949095584165036e+01	1.324427667877446524e+01
3.075155855855856046e+01	2.207583172987136777e+01	1.320994888751149077e+01
3.091171771771771759e+01	2.204221214815137131e+01	1.317585996042967977e+01
3.107187687687687827e+01	2.200863319605854329e+01	1.314200823748945623e+01
3.123203603603603540e+01	2.197509585403728138e+01	1.310839207015952645e+01
3.139219519519519608e+01	2.194160109748983700e+01	1.307500982133750611e+01
3.155235435435435321e+01	2.190814989666797530e+01	1.304185986527102159e+01
3.171251351351351389e+01	2.187474321656590348e+01	1.300894058747945259e+01
3.187267267267267101e+01	2.184138201681454916e+01	1.297625038467612768e+01
3.203283183183182814e+01	2.180806725157717452e+01	1.294378766469113984e+01
3.219299099099098527e+01	2.177479986944637602e+01	1.291155084639456874e+01
3.235315015015014950e+01	2.174158081334247328e+01	1.287953835962033722e+01
3.251330930930930663e+01	2.170841102041331894e+01	1.284774864509054026e+01
3.267346846846846375e+01	2.167529142193554392e+01	1.281618015434028024e+01
3.283362762762762088e+01	2.164222294321724149e+01	1.278483134964304924e+01
3.299378678678678511e+01	2.160920650350216832e+01	1.275370070393658750e+01
3.315394594594594224e+01	2.157624301587540216e+01	1.272278670074929607e+01
3.331410510510509937e+01	2.154333338717052726e+01	1.269208783412707753e+01
3.347426426426426360e+01	2.151047851787835796e+01	1.266160260856076825e+01
3.363442342342342073e+01	2.147767930205719722e+01	1.263132953891398635e+01
3.379458258258257786e+01	2.144493662724466887e+01	1.260126715035152500e+01
3.395474174174173498e+01	2.141225137437112025e+01	1.257141397826820750e+01
3.411490090090089922e+01	2.137962441767462707e+01	1.254176856821826291e+01
3.427506006006005634e+01	2.134705662461761833e+01	1.251232947584512800e+01
3.443521921921921347e+01	2.131454885580507863e+01	1.248309526681180870e+01
3.459537837837837770e+01	2.128210196490445938e+01	1.245406451673161641e+01
3.475553753753753483e+01	2.124971679856717088e+01	1.242523581109948516e+01
3.491569669669669196e+01	2.121739419635176205e+01	1.239660774522368314e+01
3.507585585585584909e+01	2.118513499064878758e+01	1.236817892415804998e+01
3.523601501501501332e+01	2.115294000660732365e+01	1.233994796263461602e+01
3.539617417417417045e+01	2.112081006206321376e+01	1.231191348499677929e+01
3.555633333333332757e+01	2.108874596746895591e+01	1.228407412513287156e+01
3.571649249249249181e+01	2.105674852582537682e+01	1.225642852641020930e+01
3.587665165165164893e+01	2.102481853261496525e+01	1.222897534160958699e+01
3.603681081081080606e+01	2.099295677573694974e+01	1.220171323286023934e+01
3.619696996996996319e+01	2.096116403544409934e+01	1.217464087157520680e+01
3.635712912912912742e+01	2.092944108428128303e+01	1.214775693838717885e+01
3.651728828828828455e+01	2.089778868702575565e+01	1.212106012308478853e+01
3.667744744744744168e+01	2.086620760062917768e+01	1.209454912454928888e+01
3.683760660660660591e+01	2.083469857416141124e+01	1.206822265069172495e+01
3.699776576576576304e+01	2.080326234875606772e+01	1.204207941839050378e+01
3.715792492492492016e+01	2.077189965755778900e+01	1.201611815342938527e+01
3.731808408408407729e+01	2.074061122567131932e+01	1.199033759043592973e+01
3.747824324324324152e+01	2.070939777011231442e+01	1.196473647282034669e+01
3.763840240240239865e+01	2.067825999975993767e+01	1.193931355271475603e+01
3.779856156156155578e+01	2.064719861531118283e+01	1.191406759091288059e+01
3.795872072072072001e+01	2.061621430923700160e+01	1.188899735681015457e+01
3.811887987987987714e+01	2.058530776574015420e+01	1.186410162834424220e+01
3.827903903903903426e+01	2.055447966071483989e+01	1.183937919193592769e+01
3.843919819819819139e+01	2.052373066170809679e+01	1.181482884243049014e+01
3.859935735735735562e+01	2.049306142788292107e+01	1.179044938303939460e+01
3.875951651651651275e+01	2.046247260998317685e+01	1.176623962528243794e+01
3.891967567567566988e+01	2.043196485030022558e+01	1.174219838893026946e+01
3.907983483483483411e+01	2.040153878264131748e+01	1.171832450194733433e+01
3.923999399399399124e+01	2.037119503229971329e+01	1.169461680043515273e+01
3.940015315315314837e+01	2.034093421602653962e+01	1.167107412857605908e+01
3.956031231231230549e+01	2.031075694200437454e+01	1.164769533857726458e+01
3.972047147147146973e+01	2.028066380982255623e+01	1.162447929061534957e+01
3.988063063063062685e+01	2.025065541045420758e+01	1.160142485278110769e+01
4.004078978978978398e+01	2.022073232623494476e+01	1.157853090102479499e+01
4.020094894894894821e+01	2.019089513084331600e+01	1.155579631910172544e+01
4.036110810810810534e+01	2.016114438928292429e+01	1.153321999851827151e+01
4.052126726726726247e+01	2.013148065786620222e+01	1.151080083847820390e+01
4.068142642642641960e+01	2.010190448419989551e+01	1.148853774582943110e+01
4.084158558558558383e+01	2.007241640717218090e+01	1.146642963501107992e+01
4.100174474474474096e+01	2.004301695694145735e+01	1.144447542800097040e+01
4.116190390390389808e+01	2.001370665492674661e+01	1.142267405426340332e+01
4.132206306306306232e+01	1.998448601379975997e+01	1.140102445069735460e+01
4.148222222222221944e+01	1.995535553747854962e+01	1.137952556158501594e+01
4.164238138138137657e+01	1.992631572112278349e+01	1.135817633854065534e+01
4.180254054054053370e+01	1.989736705113060111e+01	1.133697574045986833e+01
4.196269969969969793e+01	1.986851000513706111e+01	1.131592273346916500e+01
4.212285885885885506e+01	1.983974505201413763e+01	1.129501629087591752e+01
4.228301801801801219e+01	1.981107265187227995e+01	1.127425539311860092e+01
4.244317717717717642e+01	1.978249325606350340e+01	1.125363902771745828e+01
4.260333633633633355e+01	1.975400730718602560e+01	1.123316618922542176e+01
4.276349549549549067e+01	1.972561523909035230e+01	1.121283587917943869e+01
4.292365465465464780e+01	1.969731747688694057e+01	1.119264710605208535e+01
4.308381381381381203e+01	1.966911443695525108e+01	1.117259888520354849e+01
4.324397297297296916e+01	1.964100652695434235e+01	1.115269023883390709e+01
4.340413213213212629e+01	1.961299414583483625e+01	1.113292019593577109e+01
4.356429129129129052e+01	1.958507768385237569e+01	1.111328779224722041e+01
4.372445045045044765e+01	1.955725752258245009e+01	1.109379207020509028e+01
4.388460960960960477e+01	1.952953403493663842e+01	1.107443207889855685e+01
4.404476876876876190e+01	1.950190758518021639e+01	1.105520687402306912e+01
4.420492792792792613e+01	1.947437852895113508e+01	1.103611551783456335e+01
4.436508708708708326e+01	1.944694721328032827e+01	1.101715707910403985e+01
4.452524624624624039e+01	1.941961397661335553e+01	1.099833063307239023e+01
4.468540540540540462e+01	1.939237914883334923e+01	1.097963526140559765e+01
4.484556456456456175e+01	1.936524305128524048e+01	1.096107005215020358e+01
4.500572372372371888e+01	1.933820599680124275e+01	1.094263409968911915e+01
4.516588288288287600e+01	1.931126828972763576e+01	1.092432650469769051e+01
4.532604204204204024e+01	1.928443022595270762e+01	1.090614637410009991e+01
4.548620120120119736e+01	1.925769209293595807e+01	1.088809282102608655e+01
4.564636036036035449e+01	1.923105416973847781e+01	1.087016496476791794e+01
4.580651951951951872e+01	1.920451672705449653e+01	1.085236193073768085e+01
4.596667867867867585e+01	1.917808002724409278e+01	1.083468285042488333e+01
4.612683783783783298e+01	1.915174432436701935e+01	1.081712686135433010e+01
4.628699699699699011e+01	1.912550986421764776e+01	1.079969310704426100e+01
4.644715615615615434e+01	1.909937688436102476e+01	1.078238073696486943e+01
4.660731531531531147e+01	1.907334561416995911e+01	1.076518890649698079e+01
4.676747447447446859e+01	1.904741627486320255e+01	1.074811677689111633e+01
4.692763363363363283e+01	1.902158907954462919e+01	1.073116351522679857e+01
4.708779279279278995e+01	1.899586423324344509e+01	1.071432829437214629e+01
4.724795195195194708e+01	1.897024193295537131e+01	1.069761029294373422e+01
4.740811111111110421e+01	1.894472236768481821e+01	1.068100869526675112e+01
4.756827027027026844e+01	1.891930571848798337e+01	1.066452269133540121e+01
4.772842942942942557e+01	1.889399215851689462e+01	1.064815147677363250e+01
4.788858858858858270e+01	1.886878185306435185e+01	1.063189425279606937e+01
4.804874774774774693e+01	1.884367495960976058e+01	1.061575022616926844e+01
4.820890690690690406e+01	1.881867162786582526e+01	1.059971860917322317e+01
4.836906606606606118e+01	1.879377199982608460e+01	1.058379861956311707e+01
4.852922522522521831e+01	1.876897620981329595e+01	1.056798948053136300e+01
4.868938438438438254e+01	1.874428438452857648e+01	1.055229042066990708e+01
4.884954354354353967e+01	1.871969664310137205e+01	1.053670067393276355e+01
4.900970270270269680e+01	1.869521309714016510e+01	1.052121947959885517e+01
4.916986186186186103e+01	1.867083385078391444e+01	1.050584608223505612e+01
4.933002102102101816e+01	1.864655900075425876e+01	1.049057973165953861e+01
4.949018018018017528e+01	1.862238863640835618e+01	1.047541968290532921e+01
4.965033933933933241e+01	1.859832283979245915e+01	1.046036519618416705e+01
4.981049849849849664e+01	1.857436168569611112e+01	1.044541553685054325e+01
4.997065765765765377e+01	1.855050524170701465e+01	1.043056997536608144e+01
5.013081681681681090e+01	1.852675356826648212e+01	1.041582778726406033e+01
5.029097597597597513e+01	1.850310671872551183e+01	1.040118825311425255e+01
5.045113513513513226e+01	1.847956473940143240e+01	1.038665065848801206e+01
5.061129429429428939e+01	1.845612766963509799e+01	1.037221429392352157e+01
5.077145345345344651e+01	1.843279554184863400e+01	1.035787845489138803e+01
5.093161261261261075e+01	1.840956838160370168e+01	1.034364244176038561e+01
5.109177177177176787e+01	1.838644620766023507e+01	1.032950555976349705e+01
5.125193093093092500e+01	1.836342903203570387e+01	1.031546711896415580e+01
5.141209009009008923e+01	1.834051686006478832e+01	1.030152643422272973e+01
5.157224924924924636e+01	1.831770969045952668e+01	1.028768282516323396e+01
5.173240840840840349e+01	1.829500751536986769e+01	1.027393561614029238e+01
5.189256756756756062e+01	1.827241032044462443e+01	1.026028413620628754e+01
5.205272672672672485e+01	1.824991808489283329e+01	1.024672771907879287e+01
5.221288588588588198e+01	1.822753078154545037e+01	1.023326570310817552e+01
5.237304504504503910e+01	1.820524837691740316e+01	1.021989743124546024e+01
5.253320420420420334e+01	1.818307083126997981e+01	1.020662225101038878e+01
5.269336336336336046e+01	1.816099809867352022e+01	1.019343951445973495e+01
5.285352252252251759e+01	1.813903012707038087e+01	1.018034857815578675e+01
5.301368168168167472e+01	1.811716685833822638e+01	1.016734880313511979e+01
5.317384084084083895e+01	1.809540822835350227e+01	1.015443955487749683e+01
5.333399999999999608e+01	1.807375416705522397e+01	1.014162020327506220e+01
5.349415915915915321e+01	1.805220459850892567e+01	1.012889012260170674e+01
5.365431831831831744e+01	1.803075944097083294e+01	1.011624869148264594e+01
5.381447747747747457e+01	1.800941860695225571e+01	1.010369529286422718e+01
5.397463663663663169e+01	1.798818200328409844e+01	1.009122931398393597e+01
5.413479579579578882e+01	1.796704953118155146e+01	1.007885014634059750e+01
5.429495495495495305e+01	1.794602108630893866e+01	1.006655718566480751e+01
5.445511411411411018e+01	1.792509655884464337e+01	1.005434983188955478e+01
5.461527327327326731e+01	1.790427583354617980e+01	1.004222748912103214e+01
5.477543243243243154e+01	1.788355878981532143e+01	1.003018956560969066e+01
5.493559159159158867e+01	1.786294530176334661e+01	1.001823547372145029e+01
5.509575075075074579e+01	1.784243523827629474e+01	1.000636462990912712e+01
5.525590990990990292e+01	1.782202846308031852e+01	9.994576454684073852e+00
5.541606906906906715e+01	1.780172483480700407e+01	9.982870372587990815e+00
5.557622822822822428e+01	1.778152420705876935e+01	9.971245812164937661e+00
5.573638738738738141e+01	1.776142642847423048e+01	9.959702205933563590e+00
5.589654654654654564e+01	1.774143134279355039e+01	9.948238990359481448e+00
5.605670570570570277e+01	1.772153878892378032e+01	9.936855605827892290e+00
5.621686486486485990e+01	1.770174860100414449e+01	9.925551496616348501e+00
5.637702402402401702e+01	1.768206060847127858e+01	9.914326110867731856e+00
5.653718318318318126e+01	1.766247463612440072e+01	9.903178900563416320e+00
5.669734234234233838e+01	1.764299050419040782e+01	9.892109321496601382e+00
5.685750150150149551e+01	1.762360802838884410e+01	9.881116833245846109e+00
5.701766066066065974e+01	1.760432701999682692e+01	9.870200899148798612e+00
5.717781981981981687e+01	1.758514728591379850e+01	9.859360986276062278e+00
5.733797897897897400e+01	1.756606862872617469e+01	9.848596565405287606e+00
5.749813813813813113e+01	1.754709084677184805e+01	9.837907110995427473e+00
5.765829729729729536e+01	1.752821373420452389e+01	9.827292101161157589e+00
5.781845645645645249e+01	1.750943708105792496e+01	9.816751017647501243e+00
5.797861561561560961e+01	1.749076067330977580e+01	9.806283345804610363e+00
5.813877477477477385e+01	1.747218429294564146e+01	9.795888574562710005e+00
5.829893393393393097e+01	1.745370771802254239e+01	9.785566196407261330e+00
5.845909309309308810e+01	1.743533072273237039e+01	9.775315707354245376e+00
5.861925225225224523e+01	1.741705307746509135e+01	9.765136606925640450e+00
5.877941141141140946e+01	1.739887454887170293e+01	9.755028398125078937e+00
5.893957057057056659e+01	1.738079489992698257e+01	9.744990587413662197e+00
5.909972972972972372e+01	1.736281388999196551e+01	9.735022684685928240e+00
5.925988888888888795e+01	1.734493127487616704e+01	9.725124203246020116e+00
5.942004804804804508e+01	1.732714680689955600e+01	9.715294659783991094e+00
5.958020720720720220e+01	1.730946023495423347e+01	9.705533574352273263e+00
5.974036636636635933e+01	1.729187130456584498e+01	9.695840470342343309e+00
5.990052552552552356e+01	1.727437975795469072e+01	9.686214874461498425e+00
6.006068468468468069e+01	1.725698533409654090e+01	9.676656316709845385e+00
6.022084384384383782e+01	1.723968776878314202e+01	9.667164330357397972e+00
6.038100300300300205e+01	1.722248679468241050e+01	9.657738451921382250e+00
6.054116216216215918e+01	1.720538214139829591e+01	9.648378221143664391e+00
6.070132132132131630e+01	1.718837353553032443e+01	9.639083180968340159e+00
6.086148048048047343e+01	1.717146070073279773e+01	9.629852877519503807e+00
6.102163963963963766e+01	1.715464335777364724e+01	9.620686860079137759e+00
6.118179879879879479e+01	1.713792122459295442e+01	9.611584681065171054e+00
6.134195795795795192e+01	1.712129401636107673e+01	9.602545896009699433e+00
6.150211711711711615e+01	1.710476144553644673e+01	9.593570063537343984e+00
6.166227627627627328e+01	1.708832322192299458e+01	9.584656745343748341e+00
6.182243543543543041e+01	1.707197905272717620e+01	9.575805506174258852e+00
6.198259459459458753e+01	1.705572864261463195e+01	9.567015913802721983e+00
6.214275375375375177e+01	1.703957169376647585e+01	9.558287539010432710e+00
6.230291291291290889e+01	1.702350790593515484e+01	9.549619955565253449e+00
6.246307207207206602e+01	1.700753697649995644e+01	9.541012740200844888e+00
6.262323123123122315e+01	1.699165860052206867e+01	9.532465472596053147e+00
6.278339039039038738e+01	1.697587247079927408e+01	9.523977735354456797e+00
6.294354954954954451e+01	1.696017827792021393e+01	9.515549113984029361e+00
6.310370870870870164e+01	1.694457571031822951e+01	9.507179196876954563e+00
6.326386786786786587e+01	1.692906445432479501e+01	9.498867575289589027e+00
6.342402702702702300e+01	1.691364419422253462e+01	9.490613843322549315e+00
6.358418618618618012e+01	1.689831461229780274e+01	9.482417597900948181e+00
6.374434534534533725e+01	1.688307538889282711e+01	9.474278438754756948e+00
6.390450450450450148e+01	1.686792620245742924e+01	9.466195968399313543e+00
6.406466366366366572e+01	1.685286672960031495e+01	9.458169792115974417e+00
6.422482282282282995e+01	1.683789664513989948e+01	9.450199517932873050e+00
6.438498198198197997e+01	1.682301562215471336e+01	9.442284756605829443e+00
6.454514114114114420e+01	1.680822333203334651e+01	9.434425121599403496e+00
6.470530030030030844e+01	1.679351944452396950e+01	9.426620229068051415e+00
6.486545945945945846e+01	1.677890362778336097e+01	9.418869697837438437e+00
6.502561861861862269e+01	1.676437554842552302e+01	9.411173149385863468e+00
6.518577777777778692e+01	1.674993487156982752e+01	9.403530207825831155e+00
6.534593693693693695e+01	1.673558126088869003e+01	9.395940499885719888e+00
6.550609609609610118e+01	1.672131437865481374e+01	9.388403654891625649e+00
6.566625525525525120e+01	1.670713388578795389e+01	9.380919304749273380e+00
6.582641441441441543e+01	1.669303944190121314e+01	9.373487083926111296e+00
6.598657357357357967e+01	1.667903070534689647e+01	9.366106629433483377e+00
6.614673273273272969e+01	1.666510733326190064e+01	9.358777580808956387e+00
6.630689189189189392e+01	1.665126898161259561e+01	9.351499580098748154e+00
6.646705105105105815e+01	1.663751530523930455e+01	9.344272271840290855e+00
6.662721021021020817e+01	1.662384595790027220e+01	9.337095303044915084e+00
6.678736936936937241e+01	1.661026059231516427e+01	9.329968323180644063e+00
6.694752852852853664e+01	1.659675886020813351e+01	9.322890984155119298e+00
6.710768768768768666e+01	1.658334041235038114e+01	9.315862940298636374e+00
6.726784684684685089e+01	1.657000489860226367e+01	9.308883848347299761e+00
6.742800600600601513e+01	1.655675196795493420e+01	9.301953367426296637e+00
6.758816516516516515e+01	1.654358126857150779e+01	9.295071159033289732e+00
6.774832432432432938e+01	1.653049244782775418e+01	9.288236887021916743e+00
6.790848348348347940e+01	1.651748515235233583e+01	9.281450217585408780e+00
6.806864264264264364e+01	1.650455902806656638e+01	9.274710819240327808e+00
6.822880180180180787e+01	1.649171372022369653e+01	9.268018362810410693e+00
6.838896096096095789e+01	1.647894887344774162e+01	9.261372521410519809e+00
6.854912012012012212e+01	1.646626413177184034e+01	9.254772970430723333e+00
6.870927927927928636e+01	1.645365913867614083e+01	9.248219387520460799e+00
6.886943843843843638e+01	1.644113353712522496e+01	9.241711452572847207e+00
6.902959759759760061e+01	1.642868696960507791e+01	9.235248847709060627e+00
6.918975675675676484e+01	1.641631907815956737e+01	9.228831257262850585e+00
6.934991591591591487e+01	1.640402950442648944e+01	9.222458367765156595e+00
6.951007507507507910e+01	1.639181788967312770e+01	9.216129867928820829e+00
6.967023423423424333e+01	1.637968387483138244e+01	9.209845448633421583e+00
6.983039339339339335e+01	1.636762710053240610e+01	9.203604802910211546e+00
6.999055255255255759e+01	1.635564720714079812e+01	9.197407625927132457e+00
7.015071171171170761e+01	1.634374383478835924e+01	9.191253614973980746e+00
7.031087087087087184e+01	1.633191662340735562e+01	9.185142469447637126e+00
7.047103003003003607e+01	1.632016521276336363e+01	9.179073890837413430e+00
7.063118918918918610e+01	1.630848924248764220e+01	9.173047582710509573e+00
7.079134834834835033e+01	1.629688835210906817e+01	9.167063250697550458e+00
7.095150750750751456e+01	1.628536218108562039e+01	9.161120602478241892e+00
7.111166666666666458e+01	1.627391036883541631e+01	9.155219347767120652e+00
7.127182582582582882e+01	1.626253255476730786e+01	9.149359198299402252e+00
7.143198498498499305e+01	1.625122837831102984e+01	9.143539867816919298e+00
7.159214414414414307e+01	1.623999747894692547e+01	9.137761072054177092e+00
7.175230330330330730e+01	1.622883949623522071e+01	9.132022528724480281e+00
7.191246246246247154e+01	1.621775406984485457e+01	9.126323957506185636e+00
7.207262162162162156e+01	1.620674083958191503e+01	9.120665080029027649e+00
7.223278078078078579e+01	1.619579944541759531e+01	9.115045619860532966e+00
7.239293993993993581e+01	1.618492952751576652e+01	9.109465302492564476e+00
7.255309909909910004e+01	1.617413072626009196e+01	9.103923855327924031e+00
7.271325825825826428e+01	1.616340268228074706e+01	9.098421007667052862e+00
7.287341741741741430e+01	1.615274503648069526e+01	9.092956490694856342e+00
7.303357657657657853e+01	1.614215743006155890e+01	9.087530037467567823e+00
7.319373573573574276e+01	1.613163950454908857e+01	9.082141382899752813e+00
7.335389489489489279e+01	1.612119090181817782e+01	9.076790263751371768e+00
7.351405405405405702e+01	1.611081126411751896e+01	9.071476418614942361e+00
7.367421321321322125e+01	1.610050023409383257e+01	9.066199587902801227e+00
7.383437237237237127e+01	1.609025745481567427e+01	9.060959513834438539e+00
7.399453153153153551e+01	1.608008256979686834e+01	9.055755940423923178e+00
7.415469069069069974e+01	1.606997522301953651e+01	9.050588613467429155e+00
7.431484984984984976e+01	1.605993505895672868e+01	9.045457280530829536e+00
7.447500900900901399e+01	1.604996172259464515e+01	9.040361690937388062e+00
7.463516816816816402e+01	1.604005485945451426e+01	9.035301595755537818e+00
7.479532732732732825e+01	1.603021411561403298e+01	9.030276747786732727e+00
7.495548648648649248e+01	1.602043913772846295e+01	9.025286901553400298e+00
7.511564564564564250e+01	1.601072957305133215e+01	9.020331813286961875e+00
7.527580480480480674e+01	1.600108506945474574e+01	9.015411240915947033e+00
7.543596396396397097e+01	1.599150527544935585e+01	9.010524944054184360e+00
7.559612312312312099e+01	1.598198984020393176e+01	9.005672683989081051e+00
7.575628228228228522e+01	1.597253841356457826e+01	9.000854223669975340e+00
7.591644144144144946e+01	1.596315064607358103e+01	8.996069327696575968e+00
7.607660060060059948e+01	1.595382618898790916e+01	8.991317762307485140e+00
7.623675975975976371e+01	1.594456469429732515e+01	8.986599295368780105e+00
7.639691891891892794e+01	1.593536581474218394e+01	8.981913696362713750e+00
7.655707807807807797e+01	1.592622920383084306e+01	8.977260736376447170e+00
7.671723723723724220e+01	1.591715451585674934e+01	8.972640188090899471e+00
7.687739639639639222e+01	1.590814140591516512e+01	8.968051825769656205e+00
7.703755555555555645e+01	1.589918952991956580e+01	8.963495425247948845e+00
7.719771471471472069e+01	1.589029854461769098e+01	8.958970763921730196e+00
7.735787387387387071e+01	1.588146810760726524e+01	8.954477620736810195e+00
7.751803303303303494e+01	1.587269787735137605e+01	8.950015776178073423e+00
7.767819219219219917e+01	1.586398751319354616e+01	8.945585012258769453e+00
7.783835135135134919e+01	1.585533667537245606e+01	8.941185112509883126e+00
7.799851051051051343e+01	1.584674502503635729e+01	8.936815861969563457e+00
7.815866966966967766e+01	1.583821222425717146e+01	8.932477047172650231e+00
7.831882882882882768e+01	1.582973793604426227e+01	8.928168456140250342e+00
7.847898798798799191e+01	1.582132182435790213e+01	8.923889878369395845e+00
7.863914714714715615e+01	1.581296355412243315e+01	8.919641104822781941e+00
7.879930630630630617e+01	1.580466279123911733e+01	8.915421927918563583e+00
7.895946546546547040e+01	1.579641920259868826e+01	8.911232141520223138e+00
7.911962462462462042e+01	1.578823245609359560e+01	8.907071540926521536e+00
7.927978378378378466e+01	1.578010222062997592e+01	8.902939922861506261e+00
7.943994294294294889e+01	1.577202816613929848e+01	8.898837085464595731e+00
7.960010210210209891e+01	1.576400996358975881e+01	8.894762828280724065e+00
7.976026126126126314e+01	1.575604728499735430e+01	8.890716952250569349e+00
7.992042042042042738e+01	1.574813980343669861e+01	8.886699259700836961e+00
8.008057957957957740e+01	1.574028719305155022e+01	8.882709554334613955e+00
8.024073873873874163e+01	1.573248912906506369e+01	8.878747641221790943e+00
8.040089789789790586e+01	1.572474528778976399e+01	8.874813326789551482e+00
8.056105705705705589e+01	1.571705534663727555e+01	8.870906418812925409e+00
8.072121621621622012e+01	1.570941898412774229e+01	8.867026726405411452e+00
8.088137537537538435e+01	1.570183587989902918e+01	8.863174060009660238e+00
8.104153453453453437e+01	1.569430571471563951e+01	8.859348231388231909e+00
8.120169369369369861e+01	1.568682817047737466e+01	8.855549053614392818e+00
8.136185285285284863e+01	1.567940293022775400e+01	8.851776341063015252e+00
8.152201201201201286e+01	1.567202967816217196e+01	8.848029909401505577e+00
8.168217117117117709e+01	1.566470809963582411e+01	8.844309575580815874e+00
8.184233033033032712e+01	1.565743788117136326e+01	8.840615157826503534e+00
8.200248948948949135e+01	1.565021871046634416e+01	8.836946475629869013e+00
8.216264864864865558e+01	1.564305027640041068e+01	8.833303349739146881e+00
8.232280780780780560e+01	1.563593226904225553e+01	8.829685602150744828e+00
8.248296696696696984e+01	1.562886437965635089e+01	8.826093056100576817e+00
8.264312612612613407e+01	1.562184630070944280e+01	8.822525536055419337e+00
8.280328528528528409e+01	1.561487772587683232e+01	8.818982867704354689e+00
8.296344444444444832e+01	1.560795835004841869e+01	8.815464877950262235e+00
8.312360360360359834e+01	1.560108786933454006e+01	8.811971394901370047e+00
8.328376276276276258e+01	1.559426598107158490e+01	8.808502247862863399e+00
8.344392192192192681e+01	1.558749238382739577e+01	8.805057267328555426e+00
8.360408108108107683e+01	1.558076677740646687e+01	8.801636284972616409e+00
8.376424024024024106e+01	1.557408886285492144e+01	8.798239133641359899e+00
8.392439939939940530e+01	1.556745834246529547e+01	8.794865647345075033e+00
8.408455855855855532e+01	1.556087491978112425e+01	8.791515661249940550e+00
8.424471771771771955e+01	1.555433829960131220e+01	8.788189011669961914e+00
8.440487687687688378e+01	1.554784818798432333e+01	8.784885536058997246e+00
8.456503603603603381e+01	1.554140429225217446e+01	8.781605073002813455e+00
8.472519519519519804e+01	1.553500632099423129e+01	8.778347462211215202e+00
8.488535435435436227e+01	1.552865398407083042e+01	8.775112544510214718e+00
8.504551351351351229e+01	1.552234699261670414e+01	8.771900161834272680e+00
8.520567267267267653e+01	1.551608505904422763e+01	8.768710157218565726e+00
8.536583183183182655e+01	1.550986789704649205e+01	8.765542374791342795e+00
8.552599099099099078e+01	1.550369522160019287e+01	8.762396659766304552e+00
8.568615015015015501e+01	1.549756674896834951e+01	8.759272858435057429e+00
8.584630930930930504e+01	1.549148219670285975e+01	8.756170818159603186e+00
8.600646846846846927e+01	1.548544128364686756e+01	8.753090387364887093e+00
8.616662762762763350e+01	1.547944372993698892e+01	8.750031415531411838e+00
8.632678678678678352e+01	1.547348925700535105e+01	8.746993753187872755e+00
8.648694594594594776e+01	1.546757758758149137e+01	8.743977251903874759e+00
8.664710510510511199e+01	1.546170844569408942e+01	8.740981764282679478e+00
8.680726426426426201e+01	1.545588155667253538e+01	8.738007143954016342e+00
8.696742342342342624e+01	1.545009664714836717e+01	8.735053245566927416e+00
8.712758258258259048e+01	1.544435344505652985e+01	8.732119924782685061e+00
8.728774174174174050e+01	1.543865167963651075e+01	8.729207038267734475e+00
8.744790090090090473e+01	1.543299108143331821e+01	8.726314443686701949e+00
8.760806006006005475e+01	1.542737138229831473e+01	8.723441999695443982e+00
8.776821921921921899e+01	1.542179231538991857e+01	8.720589565934153242e+00
8.792837837837838322e+01	1.541625361517415627e+01	8.717757003020500051e+00
8.808853753753753324e+01	1.541075501742509246e+01	8.714944172542828937e+00
8.824869669669669747e+01	1.540529625922510881e+01	8.712150937053399602e+00
8.840885585585586171e+01	1.539987707896507096e+01	8.709377160061686496e+00
8.856901501501501173e+01	1.539449721634435164e+01	8.706622706027703273e+00
8.872917417417417596e+01	1.538915641237073473e+01	8.703887440355391192e+00
8.888933333333334019e+01	1.538385440936018789e+01	8.701171229386051920e+00
8.904949249249249021e+01	1.537859095093652506e+01	8.698473940391814097e+00
8.920965165165165445e+01	1.537336578203093751e+01	8.695795441569158513e+00
8.936981081081081868e+01	1.536817864888140939e+01	8.693135602032482367e+00
8.952996996996996870e+01	1.536302929903202497e+01	8.690494291807707938e+00
8.969012912912913293e+01	1.535791748133214440e+01	8.687871381825935657e+00
8.985028828828828296e+01	1.535284294593549959e+01	8.685266743917150478e+00
9.001044744744744719e+01	1.534780544429914251e+01	8.682680250803954891e+00
9.017060660660661142e+01	1.534280472918231553e+01	8.680111776095357001e+00
9.033076576576576144e+01	1.533784055464520257e+01	8.677561194280601242e+00
9.049092492492492568e+01	1.533291267604758090e+01	8.675028380723041721e+00
9.065108408408408991e+01	1.532802085004736981e+01	8.672513211654054643e+00
9.081124324324323993e+01	1.532316483459908341e+01	8.670015564166991595e+00
9.097140240240240416e+01	1.531834438895218220e+01	8.667535316211189667e+00
9.113156156156156840e+01	1.531355927364933400e+01	8.665072346585999341e+00
9.129172072072071842e+01	1.530880925052457187e+01	8.662626534934872780e+00
9.145187987987988265e+01	1.530409408270137028e+01	8.660197761739491185e+00
9.161203903903904688e+01	1.529941353459063258e+01	8.657785908313918810e+00
9.177219819819819691e+01	1.529476737188857882e+01	8.655390856798817367e+00
9.193235735735736114e+01	1.529015536157455735e+01	8.653012490155685299e+00
9.209251651651651116e+01	1.528557727190877102e+01	8.650650692161150346e+00
9.225267567567567539e+01	1.528103287242991293e+01	8.648305347401279874e+00
9.241283483483483963e+01	1.527652193395273805e+01	8.645976341265965814e+00
9.257299399399398965e+01	1.527204422856553379e+01	8.643663559943306041e+00
9.273315315315315388e+01	1.526759952962753353e+01	8.641366890414065693e+00
9.289331231231231811e+01	1.526318761176623795e+01	8.639086220446150932e+00
9.305347147147146813e+01	1.525880825087467940e+01	8.636821438589125322e+00
9.321363063063063237e+01	1.525446122410859395e+01	8.634572434168770627e+00
9.337378978978979660e+01	1.525014630988353836e+01	8.632339097281684914e+00
9.353394894894894662e+01	1.524586328787193601e+01	8.630121318789914397e+00
9.369410810810811086e+01	1.524161193900004641e+01	8.627918990315619041e+00
9.385426726726727509e+01	1.523739204544487258e+01	8.625732004235789674e+00
9.401442642642642511e+01	1.523320339063101514e+01	8.623560253676981091e+00
9.417458558558558934e+01	1.522904575922744463e+01	8.621403632510107329e+00
9.433474474474473936e+01	1.522491893714422595e+01	8.619262035345242268e+00
9.449490390390390360e+01	1.522082271152917343e+01	8.617135357526485961e+00
9.465506306306306783e+01	1.521675687076446515e+01	8.615023495126852282e+00
9.481522222222221785e+01	1.521272120446317189e+01	8.612926344943186763e+00
9.497538138138138208e+01	1.520871550346575418e+01	8.610843804491132403e+00
9.513554054054054632e+01	1.520473955983650072e+01	8.608775772000123894e+00
9.529569969969969634e+01	1.520079316685989923e+01	8.606722146408419150e+00
9.545585885885886057e+01	1.519687611903697722e+01	8.604682827358159258e+00
9.561601801801802480e+01	1.519298821208158046e+01	8.602657715190471066e+00
9.577617717717717483e+01	1.518912924291659650e+01	8.600646710940601736e+00
9.593633633633633906e+01	1.518529900967014790e+01	8.598649716333078175e+00
9.609649549549550329e+01	1.518149731167172689e+01	8.596666633776919753e+00
9.625665465465465331e+01	1.517772394944828740e+01	8.594697366360861679e+00
9.641681381381381755e+01	1.517397872472029086e+01	8.592741817848622787e+00
9.657697297297296757e+01	1.517026144039772007e+01	8.590799892674214178e+00
9.673713213213213180e+01	1.516657190057603977e+01	8.588871495937262068e+00
9.689729129129129603e+01	1.516290991053212345e+01	8.586956533398382163e+00
9.705745045045044606e+01	1.515927527672013930e+01	8.585054911474566453e+00
9.721760960960961029e+01	1.515566780676739356e+01	8.583166537234625082e+00
9.737776876876877452e+01	1.515208730947015781e+01	8.581291318394635326e+00
9.753792792792792454e+01	1.514853359478942529e+01	8.579429163313443851e+00
9.769808708708708878e+01	1.514500647384667253e+01	8.577579980988184971e+00
9.785824624624625301e+01	1.514150575891955341e+01	8.575743681049845080e+00
9.801840540540540303e+01	1.513803126343758798e+01	8.573920173758834196e+00
9.817856456456456726e+01	1.513458280197779615e+01	8.572109370000616124e+00
9.833872372372373150e+01	1.513116019026032788e+01	8.570311181281352830e+00
9.849888288288288152e+01	1.512776324514403825e+01	8.568525519723579009e+00
9.865904204204204575e+01	1.512439178462205369e+01	8.566752298061908633e+00
9.881920120120119577e+01	1.512104562781729733e+01	8.564991429638784126e+00
9.897936036036036000e+01	1.511772459497800192e+01	8.563242828400227324e+00
9.913951951951952424e+01	1.511442850747318722e+01	8.561506408891652598e+00
9.929967867867867426e+01	1.511115718778811612e+01	8.559782086253679978e+00
9.945983783783783849e+01	1.510791045951972933e+01	8.558069776217998026e+00
9.961999699699700273e+01	1.510468814737206067e+01	8.556369395103244457e+00
9.978015615615615275e+01	1.510149007715161673e+01	8.554680859810924076e+00
9.994031531531531698e+01	1.509831607576276014e+01	8.553004087821340917e+00
1.001004744744744812e+02	1.509516597120304482e+01	8.551338997189576574e+00
1.002606336336336312e+02	1.509203959255856553e+01	8.549685506541484514e+00
1.004207927927927955e+02	1.508893676999925226e+01	8.548043535069711041e+00
1.005809519519519597e+02	1.508585733477418067e+01	8.546413002529753555e+00
1.007411111111111097e+02	1.508280111920684696e+01	8.544793829236045468e+00
1.009012702702702740e+02	1.507976795669043213e+01	8.543185936058049990e+00
1.010614294294294240e+02	1.507675768168305552e+01	8.541589244416408988e+00
1.012215885885885882e+02	1.507377012970301067e+01	8.540003676279095401e+00
1.013817477477477524e+02	1.507080513732398508e+01	8.538429154157608281e+00
1.015419069069069025e+02	1.506786254217027832e+01	8.536865601103183820e+00
1.017020660660660667e+02	1.506494218291199516e+01	8.535312940703036588e+00
1.018622252252252309e+02	1.506204389926023701e+01	8.533771097076629175e+00
1.020223843843843810e+02	1.505916753196228441e+01	8.532239994871968491e+00
1.021825435435435452e+02	1.505631292279676003e+01	8.530719559261914497e+00
1.023427027027027094e+02	1.505347991456879164e+01	8.529209715940535119e+00
1.025028618618618594e+02	1.505066835110516976e+01	8.527710391119477151e+00
1.026630210210210237e+02	1.504787807724948578e+01	8.526221511524351371e+00
1.028231801801801879e+02	1.504510893885727008e+01	8.524743004391167389e+00
1.029833393393393379e+02	1.504236078279113720e+01	8.523274797462766728e+00
1.031434984984985022e+02	1.503963345691589204e+01	8.521816818985302078e+00
1.033036576576576522e+02	1.503692681009367327e+01	8.520368997704723668e+00
1.034638168168168164e+02	1.503424069217905590e+01	8.518931262863310039e+00
1.036239759759759806e+02	1.503157495401417343e+01	8.517503544196200593e+00
1.037841351351351307e+02	1.502892944742382575e+01	8.516085771927972559e+00
1.039442942942942949e+02	1.502630402521058883e+01	8.514677876769221498e+00
1.041044534534534591e+02	1.502369854114992620e+01	8.513279789913188011e+00
1.042646126126126092e+02	1.502111284998528262e+01	8.511891443032389759e+00
1.044247717717717734e+02	1.501854680742320092e+01	8.510512768275285467e+00
1.045849309309309376e+02	1.501600027012842276e+01	8.509143698262960243e+00
1.047450900900900876e+02	1.501347309571898947e+01	8.507784166085835764e+00
1.049052492492492519e+02	1.501096514276134997e+01	8.506434105300396453e+00
1.050654084084084161e+02	1.500847627076547219e+01	8.505093449925951177e+00
1.052255675675675661e+02	1.500600634017994039e+01	8.503762134441405607e+00
1.053857267267267304e+02	1.500355521238707723e+01	8.502440093782059449e+00
1.055458858858858804e+02	1.500112274969804815e+01	8.501127263336435647e+00
1.057060450450450446e+02	1.499870881534798528e+01	8.499823578943111357e+00
1.058662042042042088e+02	1.499631327349109711e+01	8.498528976887598674e+00
1.060263633633633589e+02	1.499393598919580661e+01	8.497243393899221786e+00
1.061865225225225231e+02	1.499157682843986450e+01	8.495966767148027898e+00
1.063466816816816873e+02	1.498923565810549619e+01	8.494699034241721236e+00
1.065068408408408374e+02	1.498691234597453104e+01	8.493440133222607713e+00
1.066670000000000016e+02	1.498460676072354936e+01	8.492190002564578677e+00
1.068271591591591658e+02	1.498231877191903294e+01	8.490948581170098208e+00
1.069873183183183158e+02	1.498004825001252449e+01	8.489715808367217065e+00
1.071474774774774801e+02	1.497779506633578528e+01	8.488491623906615047e+00
1.073076366366366443e+02	1.497555909309597411e+01	8.487275967958650469e+00
1.074677957957957943e+02	1.497334020337082094e+01	8.486068781110441606e+00
1.076279549549549586e+02	1.497113827110381123e+01	8.484870004362965901e+00
1.077881141141141086e+02	1.496895317109938972e+01	8.483679579128173387e+00
1.079482732732732728e+02	1.496678477901815008e+01	8.482497447226123199e+00
1.081084324324324371e+02	1.496463297137206538e+01	8.481323550882148510e+00
1.082685915915915871e+02	1.496249762551969198e+01	8.480157832724026790e+00
1.084287507507507513e+02	1.496037861966141591e+01	8.479000235779180272e+00
1.085889099099099155e+02	1.495827583283468343e+01	8.477850703471894178e+00
1.087490690690690656e+02	1.495618914490925810e+01	8.476709179620547374e+00
1.089092282282282298e+02	1.495411843658248330e+01	8.475575608434871455e+00
1.090693873873873940e+02	1.495206358937455171e+01	8.474449934513225813e+00
1.092295465465465441e+02	1.495002448562379271e+01	8.473332102839888691e+00
1.093897057057057083e+02	1.494800100848196855e+01	8.472222058782371334e+00
1.095498648648648725e+02	1.494599304190957945e+01	8.471119748088744572e+00
1.097100240240240225e+02	1.494400047067117931e+01	8.470025116884995597e+00
1.098701831831831868e+02	1.494202318033071464e+01	8.468938111672390079e+00
1.100303423423423368e+02	1.494006105724686506e+01	8.467858679324859139e+00
1.101905015015015010e+02	1.493811398856839645e+01	8.466786767086405874e+00
1.103506606606606653e+02	1.493618186222953170e+01	8.465722322568527858e+00
1.105108198198198153e+02	1.493426456694533933e+01	8.464665293747653863e+00
1.106709789789789795e+02	1.493236199220711846e+01	8.463615628962607218e+00
1.108311381381381437e+02	1.493047402827781767e+01	8.462573276912079834e+00
1.109912972972972938e+02	1.492860056618744835e+01	8.461538186652123983e+00
1.111514564564564580e+02	1.492674149772853553e+01	8.460510307593663626e+00
1.113116156156156222e+02	1.492489671545155083e+01	8.459489589500027051e+00
1.114717747747747723e+02	1.492306611266039695e+01	8.458475982484486622e+00
1.116319339339339365e+02	1.492124958340787266e+01	8.457469437007823387e+00
1.117920930930931007e+02	1.491944702249117860e+01	8.456469903875913019e+00
1.119522522522522507e+02	1.491765832544741599e+01	8.455477334237308185e+00
1.121124114114114150e+02	1.491588338854912443e+01	8.454491679580867114e+00
1.122725705705705650e+02	1.491412210879981082e+01	8.453512891733373280e+00
1.124327297297297292e+02	1.491237438392951198e+01	8.452540922857185279e+00
1.125928888888888935e+02	1.491064011239036091e+01	8.451575725447897369e+00
1.127530480480480435e+02	1.490891919335217608e+01	8.450617252332026652e+00
1.129132072072072077e+02	1.490721152669806848e+01	8.449665456664694929e+00
1.130733663663663719e+02	1.490551701302005227e+01	8.448720291927349635e+00
1.132335255255255220e+02	1.490383555361468204e+01	8.447781711925488324e+00
1.133936846846846862e+02	1.490216705047870782e+01	8.446849670786400921e+00
1.135538438438438504e+02	1.490051140630474258e+01	8.445924122956929736e+00
1.137140030030030005e+02	1.489886852447694210e+01	8.445005023201241912e+00
1.138741621621621647e+02	1.489723830906670443e+01	8.444092326598621412e+00
1.140343213213213289e+02	1.489562066482839953e+01	8.443185988541273446e+00
1.141944804804804789e+02	1.489401549719508822e+01	8.442285964732143100e+00
1.143546396396396432e+02	1.489242271227428382e+01	8.441392211182751737e+00
1.145147987987987932e+02	1.489084221684372089e+01	8.440504684211051156e+00
1.146749579579579574e+02	1.488927391834713454e+01	8.439623340439284860e+00
1.148351171171171217e+02	1.488771772489006828e+01	8.438748136791870635e+00
1.149952762762762717e+02	1.488617354523569780e+01	8.437879030493293797e+00
1.151554354354354359e+02	1.488464128880066006e+01	8.437015979066021742e+00
1.153155945945946002e+02	1.488312086565091619e+01	8.436158940328423839e+00
1.154757537537537502e+02	1.488161218649762318e+01	8.435307872392710848e+00
1.156359129129129144e+02	1.488011516269302703e+01	8.434462733662893896e+00
1.157960720720720786e+02	1.487862970622636283e+01	8.433623482832739882e+00
1.159562312312312287e+02	1.487715572971979405e+01	8.432790078883769525e+00
1.161163903903903929e+02	1.487569314642434826e+01	8.431962481083239425e+00
1.162765495495495571e+02	1.487424187021588295e+01	8.431140648982157870e+00
1.164367087087087071e+02	1.487280181559106396e+01	8.430324542413305977e+00
1.165968678678678714e+02	1.487137289766337211e+01	8.429514121489280143e+00
1.167570270270270214e+02	1.486995503215910652e+01	8.428709346600536279e+00
1.169171861861861856e+02	1.486854813541343212e+01	8.427910178413457132e+00
1.170773453453453499e+02	1.486715212436642908e+01	8.427116577868433822e+00
1.172375045045044999e+02	1.486576691655916349e+01	8.426328506177952704e+00
1.173976636636636641e+02	1.486439243012977762e+01	8.425545924824698218e+00
1.175578228228228284e+02	1.486302858380959968e+01	8.424768795559680612e+00
1.177179819819819784e+02	1.486167529691927136e+01	8.423997080400356552e+00
1.178781411411411426e+02	1.486033248936488960e+01	8.423230741628778162e+00
1.180383003003003068e+02	1.485900008163417851e+01	8.422469741789747388e+00
1.181984594594594569e+02	1.485767799479265960e+01	8.421714043688988127e+00
1.183586186186186211e+02	1.485636615047986631e+01	8.420963610391332566e+00
1.185187777777777853e+02	1.485506447090555149e+01	8.420218405218905744e+00
1.186789369369369354e+02	1.485377287884593578e+01	8.419478391749342094e+00
1.188390960960960996e+02	1.485249129763995768e+01	8.418743533814005531e+00
1.189992552552552496e+02	1.485121965118555032e+01	8.418013795496214868e+00
1.191594144144144138e+02	1.484995786393593775e+01	8.417289141129497665e+00
1.193195735735735781e+02	1.484870586089594369e+01	8.416569535295844062e+00
1.194797327327327281e+02	1.484746356761832864e+01	8.415854942823969509e+00
1.196398918918918923e+02	1.484623091020013241e+01	8.415145328787609458e+00
1.198000510510510566e+02	1.484500781527905211e+01	8.414440658503801629e+00
1.199602102102102066e+02	1.484379421002981836e+01	8.413740897531196694e+00
1.201203693693693708e+02	1.484259002216060885e+01	8.413046011668370738e+00
1.202805285285285350e+02	1.484139517990947432e+01	8.412355966952159037e+00
1.204406876876876851e+02	1.484020961204077338e+01	8.411670729655996936e+00
1.206008468468468493e+02	1.483903324784164113e+01	8.410990266288262518e+00
1.207610060060060135e+02	1.483786601711847020e+01	8.410314543590653003e+00
1.209211651651651636e+02	1.483670785019340599e+01	8.409643528536548729e+00
1.210813243243243278e+02	1.483555867790086502e+01	8.408977188329410879e+00
1.212414834834834778e+02	1.483441843158407636e+01	8.408315490401161441e+00
1.214016426426426420e+02	1.483328704309162838e+01	8.407658402410612908e+00
1.215618018018018063e+02	1.483216444477404750e+01	8.407005892241867784e+00
1.217219609609609563e+02	1.483105056948039291e+01	8.406357928002766045e+00
1.218821201201201205e+02	1.482994535055485841e+01	8.405714478023316616e+00
1.220422792792792848e+02	1.482884872183340974e+01	8.405075510854150167e+00
1.222024384384384348e+02	1.482776061764042907e+01	8.404440995264987890e+00
1.223625975975975990e+02	1.482668097278537900e+01	8.403810900243110282e+00
1.225227567567567633e+02	1.482560972255948961e+01	8.403185194991843687e+00
1.226829159159159133e+02	1.482454680273246339e+01	8.402563848929057500e+00
1.228430750750750775e+02	1.482349214954918715e+01	8.401946831685663142e+00
1.230032342342342417e+02	1.482244569972648485e+01	8.401334113104139689e+00
1.231633933933933918e+02	1.482140739044986688e+01	8.400725663237050611e+00
1.233235525525525560e+02	1.482037715937030420e+01	8.400121452345583606e+00
1.234837117117117060e+02	1.481935494460102909e+01	8.399521450898106423e+00
1.236438708708708702e+02	1.481834068471434662e+01	8.398925629568703144e+00
1.238040300300300345e+02	1.481733431873846030e+01	8.398333959235765533e+00
1.239641891891891845e+02	1.481633578615432612e+01	8.397746410980552412e+00
1.241243483483483487e+02	1.481534502689251731e+01	8.397162956085781005e+00
1.242845075075075130e+02	1.481436198133010862e+01	8.396583566034227175e+00
1.244446666666666630e+02	1.481338659028758009e+01	8.396008212507327428e+00
1.246048258258258272e+02	1.481241879502573688e+01	8.395436867383800461e+00
1.247649849849849915e+02	1.481145853724265216e+01	8.394869502738266931e+00
1.249251441441441415e+02	1.481050575907061884e+01	8.394306090839886991e+00
1.250853033033033057e+02	1.480956040307312271e+01	8.393746604151008484e+00
1.252454624624624557e+02	1.480862241224184039e+01	8.393191015325815130e+00
1.254056216216216200e+02	1.480769172999364613e+01	8.392639297208996041e+00
1.255657807807807842e+02	1.480676830016764001e+01	8.392091422834413450e+00
1.257259399399399342e+02	1.480585206702219203e+01	8.391547365423789984e+00
1.258860990990990985e+02	1.480494297523200231e+01	8.391007098385395935e+00
1.260462582582582627e+02	1.480404096988518958e+01	8.390470595312754298e+00
1.262064174174174127e+02	1.480314599648038154e+01	8.389937829983342255e+00
1.263665765765765769e+02	1.480225800092383004e+01	8.389408776357322850e+00
1.265267357357357412e+02	1.480137692952654938e+01	8.388883408576255363e+00
1.266868948948948912e+02	1.480050272900145991e+01	8.388361700961848300e+00
1.268470540540540554e+02	1.479963534646055479e+01	8.387843628014696407e+00
1.270072132132132197e+02	1.479877472941209327e+01	8.387329164413030114e+00
1.271673723723723697e+02	1.479792082575779055e+01	8.386818285011488072e+00
1.273275315315315339e+02	1.479707358379003956e+01	8.386310964839882587e+00
1.274876906906906839e+02	1.479623295218915224e+01	8.385807179101981035e+00
1.276478498498498482e+02	1.479539888002060266e+01	8.385306903174289062e+00
1.278080090090090124e+02	1.479457131673230208e+01	8.384810112604858645e+00
1.279681681681681624e+02	1.479375021215188468e+01	8.384316783112080174e+00
1.281283273273273267e+02	1.479293551648400751e+01	8.383826890583502944e+00
1.282884864864864767e+02	1.479212718030767171e+01	8.383340411074660992e+00
1.284486456456456551e+02	1.479132515457355801e+01	8.382857320807888257e+00
1.286088048048048051e+02	1.479052939060137994e+01	8.382377596171174616e+00
1.287689639639639552e+02	1.478973984007725129e+01	8.381901213716998811e+00
1.289291231231231336e+02	1.478895645505107481e+01	8.381428150161186252e+00
1.290892822822822836e+02	1.478817918793394171e+01	8.380958382381775706e+00
1.292494414414414337e+02	1.478740799149554697e+01	8.380491887417880648e+00
1.294096006006006121e+02	1.478664281886163323e+01	8.380028642468577260e+00
1.295697597597597621e+02	1.478588362351143104e+01	8.379568624891783557e+00
1.297299189189189121e+02	1.478513035927513108e+01	8.379111812203149157e+00
1.298900780780780906e+02	1.478438298033136711e+01	8.378658182074969929e+00
1.300502372372372406e+02	1.478364144120471302e+01	8.378207712335083102e+00
1.302103963963963906e+02	1.478290569676319777e+01	8.377760380965790787e+00
1.303705555555555691e+02	1.478217570221583621e+01	8.377316166102779960e+00
1.305307147147147191e+02	1.478145141311017596e+01	8.376875046034061967e+00
1.306908738738738691e+02	1.478073278532986201e+01	8.376436999198901390e+00
1.308510330330330191e+02	1.478001977509220666e+01	8.376002004186764438e+00
1.310111921921921976e+02	1.477931233894578966e+01	8.375570039736283334e+00
1.311713513513513476e+02	1.477861043376806727e+01	8.375141084734199382e+00
1.313315105105104976e+02	1.477791401676299010e+01	8.374715118214348664e+00
1.314916696696696761e+02	1.477722304545864951e+01	8.374292119356624653e+00
1.316518288288288261e+02	1.477653747770493098e+01	8.373872067485963910e+00
1.318119879879879761e+02	1.477585727167118002e+01	8.373454942071345997e+00
1.319721471471471546e+02	1.477518238584389287e+01	8.373040722724770291e+00
1.321323063063063046e+02	1.477451277902441085e+01	8.372629389200278993e+00
1.322924654654654546e+02	1.477384841032664298e+01	8.372220921392955262e+00
1.324526246246246330e+02	1.477318923917479054e+01	8.371815299337946215e+00
1.326127837837837831e+02	1.477253522530109464e+01	8.371412503209485934e+00
1.327729429429429331e+02	1.477188632874359442e+01	8.371012513319923798e+00
1.329331021021021115e+02	1.477124250984390663e+01	8.370615310118770580e+00
1.330932612612612616e+02	1.477060372924500697e+01	8.370220874191732108e+00
1.332534204204204116e+02	1.476996994788903983e+01	8.369829186259769571e+00
1.334135795795795900e+02	1.476934112701513691e+01	8.369440227178149172e+00
1.335737387387387400e+02	1.476871722815724652e+01	8.369053977935514865e+00
1.337338978978978901e+02	1.476809821314198246e+01	8.368670419652952219e+00
1.338940570570570685e+02	1.476748404408648696e+01	8.368289533583073592e+00
1.340542162162162185e+02	1.476687468339630627e+01	8.367911301109090871e+00
1.342143753753753685e+02	1.476627009376327671e+01	8.367535703743916642e+00
1.343745345345345470e+02	1.476567023816343394e+01	8.367162723129252910e+00
1.345346936936936970e+02	1.476507507985492751e+01	8.366792341034697600e+00
1.346948528528528470e+02	1.476448458237595318e+01	8.366424539356856371e+00
1.348550120120120255e+02	1.476389870954270123e+01	8.366059300118449116e+00
1.350151711711711755e+02	1.476331742544731540e+01	8.365696605467439539e+00
1.351753303303303255e+02	1.476274069445585901e+01	8.365336437676161196e+00
1.353354894894894755e+02	1.476216848120631653e+01	8.364978779140447074e+00
1.354956486486486540e+02	1.476160075060657917e+01	8.364623612378773387e+00
1.356558078078078040e+02	1.476103746783246784e+01	8.364270920031401602e+00
1.358159669669669540e+02	1.476047859832575782e+01	8.363920684859536436e+00
1.359761261261261325e+02	1.475992410779222119e+01	8.363572889744474992e+00
1.361362852852852825e+02	1.475937396219968001e+01	8.363227517686777190e+00
1.362964444444444325e+02	1.475882812777607178e+01	8.362884551805430888e+00
1.364566036036036110e+02	1.475828657100753105e+01	8.362543975337027646e+00
1.366167627627627610e+02	1.475774925863648868e+01	8.362205771634943829e+00
1.367769219219219110e+02	1.475721615765976757e+01	8.361869924168528811e+00
1.369370810810810895e+02	1.475668723532671045e+01	8.361536416522293180e+00
1.370972402402402395e+02	1.475616245913731461e+01	8.361205232395107600e+00
1.372573993993993895e+02	1.475564179684036326e+01	8.360876355599412335e+00
1.374175585585585679e+02	1.475512521643159936e+01	8.360549770060416108e+00
1.375777177177177180e+02	1.475461268615188892e+01	8.360225459815318061e+00
1.377378768768768680e+02	1.475410417448540379e+01	8.359903409012520825e+00
1.378980360360360464e+02	1.475359965015781682e+01	8.359583601910866690e+00
1.380581951951951964e+02	1.475309908213451315e+01	8.359266022878854230e+00
1.382183543543543465e+02	1.475260243961880846e+01	8.358950656393886902e+00
1.383785135135135249e+02	1.475210969205018152e+01	8.358637487041505665e+00
1.385386726726726749e+02	1.475162080910252094e+01	8.358326499514641128e+00
1.386988318318318250e+02	1.475113576068238253e+01	8.358017678612863932e+00
1.388589909909910034e+02	1.475065451692725382e+01	8.357711009241638678e+00
1.390191501501501534e+02	1.475017704820383813e+01	8.357406476411592067e+00
1.391793093093093034e+02	1.474970332510635451e+01	8.357104065237773938e+00
1.393394684684684819e+02	1.474923331845483077e+01	8.356803760938932513e+00
1.394996276276276319e+02	1.474876699929342827e+01	8.356505548836798525e+00
1.396597867867867819e+02	1.474830433888876868e+01	8.356209414355355136e+00
1.398199459459459320e+02	1.474784530872827126e+01	8.355915343020134500e+00
1.399801051051051104e+02	1.474738988051851152e+01	8.355623320457508996e+00
1.401402642642642604e+02	1.474693802618357985e+01	8.355333332393986012e+00
1.403004234234234104e+02	1.474648971786345442e+01	8.355045364655515172e+00
1.404605825825825889e+02	1.474604492791239174e+01	8.354759403166786669e+00
1.406207417417417389e+02	1.474560362889732446e+01	8.354475433950556251e+00
1.407809009009008889e+02	1.474516579359626611e+01	8.354193443126950669e+00
1.409410600600600674e+02	1.474473139499673380e+01	8.353913416912796208e+00
1.411012192192192174e+02	1.474430040629418315e+01	8.353635341620938348e+00
1.412613783783783674e+02	1.474387280089043983e+01	8.353359203659582732e+00
1.414215375375375459e+02	1.474344855239216479e+01	8.353084989531620153e+00
1.415816966966966959e+02	1.474302763460931054e+01	8.352812685833976403e+00
1.417418558558558459e+02	1.474261002155360067e+01	8.352542279256949698e+00
1.419020150150150243e+02	1.474219568743701281e+01	8.352273756583564079e+00
1.420621741741741744e+02	1.474178460667027579e+01	8.352007104688924599e+00
1.422223333333333244e+02	1.474137675386137580e+01	8.351742310539567171e+00
1.423824924924925028e+02	1.474097210381408196e+01	8.351479361192838624e+00
1.425426516516516529e+02	1.474057063152645952e+01	8.351218243796244778e+00
1.427028108108108029e+02	1.474017231218942392e+01	8.350958945586837601e+00
1.428629699699699813e+02	1.473977712118527883e+01	8.350701453890579273e+00
1.430231291291291313e+02	1.473938503408628620e+01	8.350445756121732899e+00
1.431832882882882814e+02	1.473899602665322561e+01	8.350191839782244330e+00
1.433434474474474598e+02	1.473861007483397856e+01	8.349939692461125773e+00
1.435036066066066098e+02	1.473822715476212331e+01	8.349689301833853605e+00
1.436637657657657599e+02	1.473784724275552449e+01	8.349440655661771515e+00
1.438239249249249383e+02	1.473747031531495644e+01	8.349193741791482992e+00
1.439840840840840883e+02	1.473709634912271049e+01	8.348948548154258020e+00
1.441442432432432383e+02	1.473672532104123611e+01	8.348705062765453988e+00
1.443044024024023884e+02	1.473635720811177130e+01	8.348463273723915279e+00
1.444645615615615668e+02	1.473599198755300144e+01	8.348223169211403061e+00
1.446247207207207168e+02	1.473562963675970927e+01	8.347984737492010865e+00
1.447848798798798668e+02	1.473527013330145330e+01	8.347747966911594375e+00
1.449450390390390453e+02	1.473491345492124083e+01	8.347512845897201217e+00
1.451051981981981953e+02	1.473455957953421347e+01	8.347279362956504301e+00
1.452653573573573453e+02	1.473420848522635218e+01	8.347047506677240492e+00
1.454255165165165238e+02	1.473386015025318052e+01	8.346817265726654611e+00
1.455856756756756738e+02	1.473351455303847679e+01	8.346588628850943437e+00
1.457458348348348238e+02	1.473317167217301105e+01	8.346361584874705031e+00
1.459059939939940023e+02	1.473283148641326434e+01	8.346136122700395177e+00
1.460661531531531523e+02	1.473249397468018707e+01	8.345912231307785589e+00
1.462263123123123023e+02	1.473215911605794304e+01	8.345689899753418572e+00
1.463864714714714808e+02	1.473182688979267674e+01	8.345469117170082995e+00
1.465466306306306308e+02	1.473149727529127873e+01	8.345249872766268950e+00
1.467067897897897808e+02	1.473117025212017062e+01	8.345032155825659714e+00
1.468669489489489592e+02	1.473084580000409716e+01	8.344815955706584631e+00
1.470271081081081093e+02	1.473052389882490942e+01	8.344601261841521733e+00
1.471872672672672593e+02	1.473020452862039242e+01	8.344388063736563055e+00
1.473474264264264377e+02	1.472988766958305717e+01	8.344176350970913703e+00
1.475075855855855878e+02	1.472957330205898607e+01	8.343966113196376710e+00
1.476677447447447378e+02	1.472926140654664806e+01	8.343757340136848555e+00
1.478279039039039162e+02	1.472895196369575288e+01	8.343550021587816445e+00
1.479880630630630662e+02	1.472864495430608756e+01	8.343344147415864498e+00
1.481482222222222163e+02	1.472834035932638486e+01	8.343139707558169249e+00
1.483083813813813947e+02	1.472803815985318465e+01	8.342936692022012934e+00
1.484685405405405447e+02	1.472773833712970770e+01	8.342735090884298543e+00
1.486286996996996947e+02	1.472744087254474010e+01	8.342534894291059544e+00
1.487888588588588448e+02	1.472714574763152484e+01	8.342336092456978491e+00
1.489490180180180232e+02	1.472685294406665513e+01	8.342138675664912739e+00
1.491091771771771732e+02	1.472656244366898726e+01	8.341942634265414824e+00
1.492693363363363233e+02	1.472627422839855527e+01	8.341747958676263508e+00
1.494294954954955017e+02	1.472598828035549268e+01	8.341554639381996594e+00
1.495896546546546517e+02	1.472570458177895780e+01	8.341362666933443748e+00
1.497498138138138017e+02	1.472542311504608570e+01	8.341172031947261090e+00
1.499099729729729802e+02	1.472514386267092057e+01	8.340982725105483553e+00
1.500701321321321302e+02	1.472486680730337660e+01	8.340794737155057703e+00
1.502302912912912802e+02	1.472459193172820591e+01	8.340608058907395872e+00
1.503904504504504587e+02	1.472431921886395401e+01	8.340422681237923186e+00
1.505506096096096087e+02	1.472404865176194910e+01	8.340238595085640583e+00
1.507107687687687587e+02	1.472378021360528244e+01	8.340055791452666512e+00
1.508709279279279372e+02	1.472351388770779934e+01	8.339874261403810607e+00
1.510310870870870872e+02	1.472324965751310444e+01	8.339693996066134929e+00
1.511912462462462372e+02	1.472298750659355981e+01	8.339514986628511650e+00
1.513514054054054156e+02	1.472272741864930978e+01	8.339337224341203836e+00
1.515115645645645657e+02	1.472246937750729145e+01	8.339160700515426683e+00
1.516717237237237157e+02	1.472221336712027551e+01	8.338985406522935406e+00
1.518318828828828941e+02	1.472195937156589274e+01	8.338811333795590031e+00
1.519920420420420442e+02	1.472170737504568194e+01	8.338638473824948605e+00
1.521522012012011942e+02	1.472145736188414311e+01	8.338466818161842653e+00
1.523123603603603726e+02	1.472120931652778708e+01	8.338296358415968612e+00
1.524725195195195226e+02	1.472096322354420650e+01	8.338127086255477494e+00
1.526326786786786727e+02	1.472071906762114502e+01	8.337958993406566321e+00
1.527928378378378511e+02	1.472047683356557535e+01	8.337792071653071346e+00
1.529529969969970011e+02	1.472023650630278446e+01	8.337626312836075471e+00
1.531131561561561512e+02	1.471999807087546941e+01	8.337461708853496134e+00
1.532733153153153012e+02	1.471976151244282782e+01	8.337298251659705173e+00
1.534334744744744796e+02	1.471952681627966975e+01	8.337135933265118481e+00
1.535936336336336296e+02	1.471929396777553123e+01	8.336974745735819425e+00
1.537537927927927797e+02	1.471906295243378793e+01	8.336814681193164489e+00
1.539139519519519581e+02	1.471883375587078113e+01	8.336655731813399584e+00
1.540741111111111081e+02	1.471860636381495091e+01	8.336497889827274577e+00
1.542342702702702582e+02	1.471838076210597990e+01	8.336341147519668482e+00
1.543944294294294366e+02	1.471815693669392466e+01	8.336185497229212871e+00
1.545545885885885866e+02	1.471793487363838260e+01	8.336030931347911732e+00
1.547147477477477366e+02	1.471771455910763571e+01	8.335877442320771991e+00
1.548749069069069151e+02	1.471749597937782283e+01	8.335725022645439353e+00
1.550350660660660651e+02	1.471727912083210832e+01	8.335573664871821720e+00
1.551952252252252151e+02	1.471706396995985600e+01	8.335423361601733916e+00
1.553553843843843936e+02	1.471685051335581207e+01	8.335274105488531760e+00
1.555155435435435436e+02	1.471663873771929509e+01	8.335125889236756791e+00
1.556757027027026936e+02	1.471642862985339129e+01	8.334978705601773896e+00
1.558358618618618721e+02	1.471622017666414983e+01	8.334832547389417812e+00
1.559960210210210221e+02	1.471601336515980130e+01	8.334687407455650288e+00
1.561561801801801721e+02	1.471580818244995292e+01	8.334543278706199487e+00
1.563163393393393505e+02	1.471560461574482304e+01	8.334400154096222479e+00
1.564764984984985006e+02	1.471540265235445588e+01	8.334258026629949967e+00
1.566366576576576506e+02	1.471520227968795957e+01	8.334116889360359437e+00
1.567968168168168290e+02	1.471500348525273161e+01	8.333976735388821666e+00
1.569569759759759791e+02	1.471480625665371278e+01	8.333837557864772094e+00
1.571171351351351291e+02	1.471461058159262336e+01	8.333699349985369764e+00
1.572772942942943075e+02	1.471441644786722414e+01	8.333562104995172248e+00
1.574374534534534575e+02	1.471422384337057387e+01	8.333425816185796364e+00
1.575976126126126076e+02	1.471403275609028682e+01	8.333290476895601984e+00
1.577577717717717576e+02	1.471384317410781506e+01	8.333156080509354524e+00
1.579179309309309360e+02	1.471365508559770952e+01	8.333022620457905205e+00
1.580780900900900861e+02	1.471346847882691478e+01	8.332890090217878409e+00
1.582382492492492361e+02	1.471328334215404610e+01	8.332758483311341280e+00
1.583984084084084145e+02	1.471309966402868064e+01	8.332627793305492858e+00
1.585585675675675645e+02	1.471291743299066290e+01	8.332498013812347892e+00
1.587187267267267146e+02	1.471273663766939777e+01	8.332369138488425975e+00
1.588788858858858930e+02	1.471255726678316478e+01	8.332241161034440680e+00
1.590390450450450430e+02	1.471237930913842540e+01	8.332114075194992253e+00
1.591992042042041930e+02	1.471220275362914442e+01	8.331987874758262080e+00
1.593593633633633715e+02	1.471202758923611675e+01	8.331862553555707152e+00
1.595195225225225215e+02	1.471185380502628348e+01	8.331738105461761634e+00
1.596796816816816715e+02	1.471168139015208176e+01	8.331614524393533117e+00
1.598398408408408500e+02	1.471151033385076978e+01	8.331491804310509508e+00
1.600000000000000000e+02	1.471134062544377663e+01	8.331369939214262388e+00
