1.000000000000000021e-03	5.729999999999999716e+01	5.729999999999999716e+01
1.611591591591591544e-01	5.729999999999999716e+01	5.729999999999999716e+01
3.213183183183183078e-01	5.729999999999999716e+01	5.729999999999999716e+01
4.814774774774774890e-01	5.729999999999999716e+01	5.729999999999999716e+01
6.416366366366366147e-01	5.729999999999999716e+01	5.729999999999999716e+01
8.017957957957957404e-01	5.729999999999999716e+01	5.729999999999999716e+01
9.619549549549549772e-01	5.729999999999999716e+01	5.729999999999999716e+01
1.122114114114113992e+00	5.729999999999999716e+01	5.729999999999999716e+01
1.282273273273273118e+00	5.729999999999999716e+01	5.729999999999999716e+01
1.442432432432432243e+00	5.729999999999999716e+01	5.729999999999999716e+01
1.602591591591591369e+00	5.729999999999999716e+01	5.729999999999999716e+01
1.762750750750750495e+00	5.729999999999999716e+01	5.717227554508409781e+01
1.922909909909909842e+00	5.729999999999999716e+01	5.657640308726181644e+01
2.083069069069068746e+00	5.729999999999999716e+01	5.598851822179003790e+01
2.243228228228228094e+00	5.729999999999999716e+01	5.540851401818584776e+01
2.403387387387386998e+00	5.729999999999999716e+01	5.483628497366444066e+01
2.563546546546546345e+00	5.729999999999999716e+01	5.427172699417793211e+01
2.723705705705705693e+00	5.729999999999999716e+01	5.371473737570349272e+01
2.883864864864864597e+00	5.729999999999999716e+01	5.316521478577719506e+01
3.044024024024023944e+00	5.729999999999999716e+01	5.262305924527058920e+01
3.204183183183182848e+00	5.729999999999999716e+01	5.208817211040722128e+01
3.364342342342342196e+00	5.729999999999999716e+01	5.156045605501528684e+01
3.524501501501501100e+00	5.729999999999999716e+01	5.103981505301419475e+01
3.684660660660660447e+00	5.729999999999999716e+01	5.052615436113135416e+01
3.844819819819819795e+00	5.729999999999999716e+01	5.001938050184651985e+01
4.004978978978979143e+00	5.729999999999999716e+01	4.951940124656093190e+01
4.165138138138138046e+00	5.729999999999999716e+01	4.902612559898795297e+01
4.325297297297297838e+00	5.729999999999999716e+01	4.853946377876243190e+01
4.485456456456456742e+00	5.729999999999999716e+01	4.805932720526643465e+01
4.645615615615615646e+00	5.729999999999999716e+01	4.758562848166800308e+01
4.805774774774774549e+00	5.729999999999999716e+01	4.711828137916992176e+01
4.965933933933934341e+00	5.729999999999999716e+01	4.665720082146709302e+01
5.126093093093093245e+00	5.729999999999999716e+01	4.620230286940834930e+01
5.286252252252252148e+00	5.729999999999999716e+01	4.575350470586040785e+01
5.446411411411411940e+00	5.729999999999999716e+01	4.531072462077251828e+01
5.606570570570570844e+00	5.729999999999999716e+01	4.487388199643726239e+01
5.766729729729729748e+00	5.729999999999999716e+01	4.444289729294649050e+01
5.926888888888888651e+00	5.729999999999999716e+01	4.401769203383935292e+01
6.087048048048048443e+00	5.729999999999999716e+01	4.359818879193963426e+01
6.247207207207207347e+00	5.729999999999999716e+01	4.318431117538051467e+01
6.407366366366366250e+00	5.729999999999999716e+01	4.277598381381386616e+01
6.567525525525526042e+00	5.729999999999999716e+01	4.237313234480167523e+01
6.727684684684684946e+00	5.729999999999999716e+01	4.197568340038783674e+01
6.887843843843843850e+00	5.729999999999999716e+01	4.158356459384701509e+01
7.048003003003002753e+00	5.729999999999999716e+01	4.119670450660906624e+01
7.208162162162162545e+00	5.721546221953841638e+01	4.081503267535638457e+01
7.368321321321321449e+00	5.711092043962199227e+01	4.043847957929197179e+01
7.528480480480480352e+00	5.700618476319505845e+01	4.006697662757584766e+01
7.688639639639640144e+00	5.690125753477364157e+01	3.970045614692806879e+01
7.848798798798799048e+00	5.679614111799802600e+01	3.933885136939561278e+01
8.008957957957957063e+00	5.669083789545001650e+01	3.898209642028126609e+01
8.169117117117115967e+00	5.658535026846618621e+01	3.863012630623263277e+01
8.329276276276274871e+00	5.647968065694733042e+01	3.828287690348857097e+01
8.489435435435433774e+00	5.637383149916408343e+01	3.794028494628165049e+01
8.649594594594594454e+00	5.626780525155867707e+01	3.760228801539412302e+01
8.809753753753753358e+00	5.616160438854299031e+01	3.726882452686554359e+01
8.969912912912912262e+00	5.605523140229276180e+01	3.693983372085028805e+01
9.130072072072071165e+00	5.594868880253811483e+01	3.661525565062267162e+01
9.290231231231230069e+00	5.584197911635042999e+01	3.629503117172755822e+01
9.450390390390388973e+00	5.573510488792541651e+01	3.597910193127563616e+01
9.610549549549547876e+00	5.562806867836273028e+01	3.566741035737986465e+01
9.770708708708708556e+00	5.552087306544184742e+01	3.535989964873246549e+01
9.930867867867867460e+00	5.541352064339445604e+01	3.505651376432032862e+01
1.009102702702702636e+01	5.530601402267329547e+01	3.475719741327660017e+01
1.025118618618618527e+01	5.519835582971754917e+01	3.446189604486710323e+01
1.041134534534534417e+01	5.509054870671469217e+01	3.417055583860987156e+01
1.057150450450450307e+01	5.498259531135908418e+01	3.388312369452543749e+01
1.073166366366366198e+01	5.487449831660705968e+01	3.359954722351712064e+01
1.089182282282282266e+01	5.476626041042879223e+01	3.331977473787865307e+01
1.105198198198198156e+01	5.465788429555682626e+01	3.304375524192808200e+01
1.121214114114114047e+01	5.454937268923143989e+01	3.277143842276603891e+01
1.137230030030029937e+01	5.444072832294273212e+01	3.250277464115691117e+01
1.153245945945945827e+01	5.433195394216969731e+01	3.223771492253088411e+01
1.169261861861861718e+01	5.422305230611610938e+01	3.197621094810620690e+01
1.185277777777777608e+01	5.411402618744344295e+01	3.171821504612851328e+01
1.201293693693693676e+01	5.400487837200078189e+01	3.146368018322757720e+01
1.217309609609609566e+01	5.389561165855177904e+01	3.121255995588833088e+01
1.233325525525525457e+01	5.378622885849880220e+01	3.096480858203557318e+01
1.249341441441441347e+01	5.367673279560416688e+01	3.072038089273051398e+01
1.265357357357357238e+01	5.356712630570874722e+01	3.047923232397782556e+01
1.281373273273273128e+01	5.345741223644767359e+01	3.024131890864151373e+01
1.297389189189189018e+01	5.334759344696361438e+01	3.000659726846862796e+01
1.313405105105105086e+01	5.323767280761728671e+01	2.977502460621882463e+01
1.329421021021020977e+01	5.312765319969547306e+01	2.954655869789881351e+01
1.345436936936936867e+01	5.301753751511670032e+01	2.932115788510009580e+01
1.361452852852852757e+01	5.290732865613430391e+01	2.909878106743873971e+01
1.377468768768768648e+01	5.279702953503730356e+01	2.887938769509566583e+01
1.393484684684684538e+01	5.268664307384894130e+01	2.866293776145650085e+01
1.409500600600600428e+01	5.257617220402298841e+01	2.844939179584916999e+01
1.425516516516516496e+01	5.246561986613797046e+01	2.823871085637832579e+01
1.441532432432432387e+01	5.235498900958918966e+01	2.803085652285517426e+01
1.457548348348348277e+01	5.224428259227887850e+01	2.782579088982153337e+01
1.473564264264264168e+01	5.213350358030425724e+01	2.762347655966660653e+01
1.489580180180180058e+01	5.202265494764382936e+01	2.742387663583581769e+01
1.505596096096095948e+01	5.191173967584180104e+01	2.722695471612976093e+01
1.521612012012011839e+01	5.180076075369078836e+01	2.703267488609264646e+01
1.537627927927927907e+01	5.168972117691282619e+01	2.684100171248882560e+01
1.553643843843843797e+01	5.157862394783881399e+01	2.665190023686611198e+01
1.569659759759759687e+01	5.146747207508641253e+01	2.646533596920514952e+01
1.585675675675675578e+01	5.135626857323649119e+01	2.628127488165331016e+01
1.601691591591591646e+01	5.124501646250823228e+01	2.609968340234188844e+01
1.617707507507507714e+01	5.113371876843282848e+01	2.592052840928619872e+01
1.633723423423423426e+01	5.102237852152609321e+01	2.574377722436663163e+01
1.649739339339339494e+01	5.091099875695979193e+01	2.556939760739010836e+01
1.665755255255255207e+01	5.079958251423195748e+01	2.539735775023075348e+01
1.681771171171171275e+01	5.068813283683616078e+01	2.522762627104857103e+01
1.697787087087086988e+01	5.057665277192992193e+01	2.506017220858549166e+01
1.713803003003003056e+01	5.046514537000216194e+01	2.489496501653725602e+01
1.729818918918919124e+01	5.035361368453996533e+01	2.473197455800050193e+01
1.745834834834834837e+01	5.024206077169463214e+01	2.457117109999390436e+01
1.761850750750750905e+01	5.013048968994707622e+01	2.441252530805247289e+01
1.777866666666666617e+01	5.001890349977269068e+01	2.425600824089381291e+01
1.793882582582582685e+01	4.990730526330577277e+01	2.410159134515586032e+01
1.809898498498498398e+01	4.979569804400352950e+01	2.394924645020454435e+01
1.825914414414414466e+01	4.968408490630980623e+01	2.379894576301092712e+01
1.841930330330330534e+01	4.957246891531857358e+01	2.365066186309667273e+01
1.857946246246246247e+01	4.946085313643720838e+01	2.350436769754701416e+01
1.873962162162162315e+01	4.934924063504979586e+01	2.336003657609018092e+01
1.889978078078078028e+01	4.923763447618043188e+01	2.321764216624275434e+01
1.905993993993994096e+01	4.912603772415643988e+01	2.307715848851961482e+01
1.922009909909909808e+01	4.901445344227202128e+01	2.293855991170795505e+01
1.938025825825825876e+01	4.890288469245192005e+01	2.280182114820439310e+01
1.954041741741741944e+01	4.879133453491551364e+01	2.266691724941435382e+01
1.970057657657657657e+01	4.867980602784130184e+01	2.253382360121282346e+01
1.986073573573573725e+01	4.856830222703180766e+01	2.240251591946596221e+01
2.002089489489489438e+01	4.845682618557913202e+01	2.227297024561220695e+01
2.018105405405405506e+01	4.834538095353099152e+01	2.214516294230262616e+01
2.034121321321321219e+01	4.823396957755769421e+01	2.201907068909949317e+01
2.050137237237237287e+01	4.812259510061961976e+01	2.189467047823227119e+01
2.066153153153153355e+01	4.801126056163578681e+01	2.177193961041032111e+01
2.082169069069069067e+01	4.789996899515328010e+01	2.165085569069159277e+01
2.098184984984985135e+01	4.778872343101765807e+01	2.153139662440639057e+01
2.114200900900900848e+01	4.767752689404450450e+01	2.141354061313587209e+01
2.130216816816816916e+01	4.756638240369215254e+01	2.129726615074399731e+01
2.146232732732732629e+01	4.745529297373558109e+01	2.118255201946271171e+01
2.162248648648648697e+01	4.734426161194168969e+01	2.106937728602937199e+01
2.178264564564564765e+01	4.723329131974598027e+01	2.095772129787576787e+01
2.194280480480480477e+01	4.712238509193061020e+01	2.084756367936822485e+01
2.210296396396396545e+01	4.701154591630407253e+01	2.073888432809780724e+01
2.226312312312312258e+01	4.690077677338248208e+01	2.063166341122020953e+01
2.242328228228228326e+01	4.679008063607242462e+01	2.052588136184456147e+01
2.258344144144144039e+01	4.667946046935571758e+01	2.042151887547052169e+01
2.274360060060060107e+01	4.656891922997588296e+01	2.031855690647294566e+01
2.290375975975976175e+01	4.645845986612653178e+01	2.021697666463370879e+01
2.306391891891891888e+01	4.634808531714173085e+01	2.011675961171975047e+01
2.322407807807807956e+01	4.623779851318838752e+01	2.001788745810694792e+01
2.338423723723723668e+01	4.612760237496070914e+01	1.992034215944917008e+01
2.354439639639639736e+01	4.601749981337681561e+01	1.982410591339181494e+01
2.370455555555555449e+01	4.590749372927763261e+01	1.972916115632930811e+01
2.386471471471471517e+01	4.579758701312799474e+01	1.963549056020611161e+01
2.402487387387387585e+01	4.568778254472019995e+01	1.954307702936029756e+01
2.418503303303303298e+01	4.557808319287986620e+01	1.945190369740946323e+01
2.434519219219219366e+01	4.546849181517433180e+01	1.936195392417838335e+01
2.450535135135135079e+01	4.535901125762362796e+01	1.927321129266760735e+01
2.466551051051051147e+01	4.524964435441397370e+01	1.918565960606272114e+01
2.482566966966966859e+01	4.514039392761395675e+01	1.909928288478357672e+01
2.498582882882882927e+01	4.503126278689344275e+01	1.901406536357298549e+01
2.514598798798798995e+01	4.492225372924526994e+01	1.892999148862446290e+01
2.530614714714714708e+01	4.481336953870973616e+01	1.884704591474827851e+01
2.546630630630630776e+01	4.470461298610195655e+01	1.876521350257552001e+01
2.562646546546546489e+01	4.459598682874224806e+01	1.868447931579953902e+01
2.578662462462462557e+01	4.448749381018937754e+01	1.860482861845427749e+01
2.594678378378378270e+01	4.437913665997695034e+01	1.852624687222912669e+01
2.610694294294294338e+01	4.427091809335285433e+01	1.844871973381960117e+01
2.626710210210210406e+01	4.416284081102181602e+01	1.837223305231356107e+01
2.642726126126126118e+01	4.405490749889121815e+01	1.829677286661235058e+01
2.658742042042042186e+01	4.394712082782002938e+01	1.822232540288652558e+01
2.674757957957957899e+01	4.383948345337117303e+01	1.814887707206555234e+01
2.690773873873873967e+01	4.373199801556711463e+01	1.807641446736121793e+01
2.706789789789789680e+01	4.362466713864880319e+01	1.800492436182409506e+01
2.722805705705705748e+01	4.351749343083810118e+01	1.793439370593278426e+01
2.738821621621621816e+01	4.341047948410364654e+01	1.786480962521538629e+01
2.754837537537537528e+01	4.330362787393010393e+01	1.779615941790286016e+01
2.770853453453453596e+01	4.319694115909111076e+01	1.772843055261374090e+01
2.786869369369369309e+01	4.309042188142567653e+01	1.766161066606993657e+01
2.802885285285285377e+01	4.298407256561819167e+01	1.759568756084308561e+01
2.818901201201201090e+01	4.287789571898210994e+01	1.753064920313098796e+01
2.834917117117117158e+01	4.277189383124728295e+01	1.746648372056397847e+01
2.850933033033033226e+01	4.266606937435099667e+01	1.740317940004056396e+01
2.866948948948948939e+01	4.256042480223273117e+01	1.734072468559206115e+01
2.882964864864865007e+01	4.245496255063268620e+01	1.727910817627587292e+01
2.898980780780780719e+01	4.234968503689412245e+01	1.721831862409692349e+01
2.914996696696696787e+01	4.224459465976944728e+01	1.715834493195694321e+01
2.931012612612612500e+01	4.213969379923024405e+01	1.709917615163127991e+01
2.947028528528528568e+01	4.203498481628106731e+01	1.704080148177271781e+01
2.963044444444444636e+01	4.193047005277718853e+01	1.698321026594209116e+01
2.979060360360360349e+01	4.182615183124623570e+01	1.692639199066525890e+01
2.995076276276276417e+01	4.172203245471373378e+01	1.687033628351608172e+01
3.011092192192192130e+01	4.161811420653265259e+01	1.681503291122514554e+01
3.027108108108108198e+01	4.151439935021687688e+01	1.676047177781374842e+01
3.043124024024023910e+01	4.141089012927862711e+01	1.670664292275291274e+01
3.059139939939939978e+01	4.130758876706998706e+01	1.665353651914707100e+01
3.075155855855856046e+01	4.120449746662830393e+01	1.660114287194203797e+01
3.091171771771771759e+01	4.110161841052574516e+01	1.654945241615707374e+01
3.107187687687687827e+01	4.099895376072274900e+01	1.649845571514054043e+01
3.123203603603603540e+01	4.089650565842566721e+01	1.644814345884899254e+01
3.139219519519519608e+01	4.079427622394833719e+01	1.639850646214929242e+01
3.155235435435435321e+01	4.069226755657778938e+01	1.634953566314348450e+01
3.171251351351351389e+01	4.059048173444395502e+01	1.630122212151609773e+01
3.187267267267267101e+01	4.048892081439352353e+01	1.625355701690363830e+01
3.203283183183182814e+01	4.038758683186780729e+01	1.620653164728589601e+01
3.219299099099098527e+01	4.028648180078472052e+01	1.616013742739876946e+01
3.235315015015014950e+01	4.018560771342478688e+01	1.611436588716841811e+01
3.251330930930930663e+01	4.008496654032130380e+01	1.606920867016642163e+01
3.267346846846846375e+01	3.998456023015447158e+01	1.602465753208552002e+01
3.283362762762762088e+01	3.988439070964972188e+01	1.598070433923592049e+01
3.299378678678678511e+01	3.978445988347997542e+01	1.593734106706165043e+01
3.315394594594594224e+01	3.968476963417211323e+01	1.589455979867686430e+01
3.331410510510509937e+01	3.958532182201734884e+01	1.585235272342169388e+01
3.347426426426426360e+01	3.948611828498578546e+01	1.581071213543755682e+01
3.363442342342342073e+01	3.938716083864491679e+01	1.576963043226144734e+01
3.379458258258257786e+01	3.928845127608221333e+01	1.572910011343912373e+01
3.395474174174173498e+01	3.918999136783170911e+01	1.568911377915689620e+01
3.411490090090089922e+01	3.909178286180458883e+01	1.564966412889172354e+01
3.427506006006005634e+01	3.899382748322379655e+01	1.561074396007940734e+01
3.443521921921921347e+01	3.889612693456260217e+01	1.557234616680064221e+01
3.459537837837837770e+01	3.879868289548713989e+01	1.553446373848469264e+01
3.475553753753753483e+01	3.870149702280289716e+01	1.549708975863040195e+01
3.491569669669669196e+01	3.860457095040511888e+01	1.546021740354440510e+01
3.507585585585584909e+01	3.850790628923319048e+01	1.542383994109620815e+01
3.523601501501501332e+01	3.841150462722881542e+01	1.538795072948997600e+01
3.539617417417417045e+01	3.831536752929815748e+01	1.535254321605277106e+01
3.555633333333332757e+01	3.821949653727779861e+01	1.531761093603906865e+01
3.571649249249249181e+01	3.812389316990448407e+01	1.528314751145123651e+01
3.587665165165164893e+01	3.802855892278880390e+01	1.524914664987590740e+01
3.603681081081080606e+01	3.793349526839249819e+01	1.521560214333588235e+01
3.619696996996996319e+01	3.783870365600965613e+01	1.518250786715745981e+01
3.635712912912912742e+01	3.774418551175157432e+01	1.514985777885293139e+01
3.651728828828828455e+01	3.764994223853534550e+01	1.511764591701810545e+01
3.667744744744744168e+01	3.755597521607612066e+01	1.508586640024452308e+01
3.683760660660660591e+01	3.746228580088304483e+01	1.505451342604635023e+01
3.699776576576576304e+01	3.736887532625878805e+01	1.502358126980162467e+01
3.715792492492492016e+01	3.727574510230267890e+01	1.499306428370765332e+01
3.731808408408407729e+01	3.718289641591741912e+01	1.496295689575047128e+01
3.747824324324324152e+01	3.709033053081929410e+01	1.493325360868813334e+01
3.763840240240239865e+01	3.699804868755192899e+01	1.490394899904756265e+01
3.779856156156155578e+01	3.690605210350345544e+01	1.487503771613489789e+01
3.795872072072072001e+01	3.681434197292716703e+01	1.484651448105912941e+01
3.811887987987987714e+01	3.672291946696557119e+01	1.481837408576878445e+01
3.827903903903903426e+01	3.663178573367771662e+01	1.479061139210155140e+01
3.843919819819819139e+01	3.654094189806997406e+01	1.476322133084664046e+01
3.859935735735735562e+01	3.645038906213004992e+01	1.473619890081973338e+01
3.875951651651651275e+01	3.636012830486426850e+01	1.470953916795030203e+01
3.891967567567566988e+01	3.627016068233803026e+01	1.468323726438121213e+01
3.907983483483483411e+01	3.618048722771953862e+01	1.465728838758037078e+01
3.923999399399399124e+01	3.609110895132660346e+01	1.463168779946428266e+01
3.940015315315314837e+01	3.600202684067657088e+01	1.460643082553338878e+01
3.956031231231230549e+01	3.591324186053933687e+01	1.458151285401896935e+01
3.972047147147146973e+01	3.582475495299334511e+01	1.455692933504149700e+01
3.988063063063062685e+01	3.573656703748464736e+01	1.453267577978029834e+01
4.004078978978978398e+01	3.564867901088879876e+01	1.450874775965431418e+01
4.020094894894894821e+01	3.556109174757577307e+01	1.448514090551387845e+01
4.036110810810810534e+01	3.547380609947771291e+01	1.446185090684331165e+01
4.052126726726726247e+01	3.538682289615941556e+01	1.443887351097423632e+01
4.068142642642641960e+01	3.530014294489173210e+01	1.441620452230939975e+01
4.084158558558558383e+01	3.521376703072762382e+01	1.439383980155696463e+01
4.100174474474474096e+01	3.512769591658092594e+01	1.437177526497502633e+01
4.116190390390389808e+01	3.504193034330780421e+01	1.435000688362626420e+01
4.132206306306306232e+01	3.495647102979076237e+01	1.432853068264260266e+01
4.148222222222221944e+01	3.487131867302528576e+01	1.430734274049975596e+01
4.164238138138137657e+01	3.478647394820893624e+01	1.428643918830145054e+01
4.180254054054053370e+01	3.470193750883300510e+01	1.426581620907328229e+01
4.196269969969969793e+01	3.461770998677651079e+01	1.424547003706604897e+01
4.212285885885885506e+01	3.453379199240271191e+01	1.422539695706841378e+01
4.228301801801801219e+01	3.445018411465783714e+01	1.420559330372878293e+01
4.244317717717717642e+01	3.436688692117219546e+01	1.418605546088629765e+01
4.260333633633633355e+01	3.428390095836357432e+01	1.416677986091078623e+01
4.276349549549549067e+01	3.420122675154273395e+01	1.414776298405156396e+01
4.292365465465464780e+01	3.411886480502119667e+01	1.412900135779499067e+01
4.308381381381381203e+01	3.403681560222111102e+01	1.411049155623062745e+01
4.324397297297296916e+01	3.395507960578717643e+01	1.409223019942588984e+01
4.340413213213212629e+01	3.387365725770064273e+01	1.407421395280911369e+01
4.356429129129129052e+01	3.379254897939525648e+01	1.405643952656087237e+01
4.372445045045044765e+01	3.371175517187522530e+01	1.403890367501346681e+01
4.388460960960960477e+01	3.363127621583497984e+01	1.402160319605848215e+01
4.404476876876876190e+01	3.355111247178087552e+01	1.400453493056227749e+01
4.420492792792792613e+01	3.347126428015468491e+01	1.398769576178931828e+01
4.436508708708708326e+01	3.339173196145883793e+01	1.397108261483325364e+01
4.452524624624624039e+01	3.331251581638340298e+01	1.395469245605560893e+01
4.468540540540540462e+01	3.323361612593472358e+01	1.393852229253202601e+01
4.484556456456456175e+01	3.315503315156573194e+01	1.392256917150592344e+01
4.500572372372371888e+01	3.307676713530778301e+01	1.390683017984949466e+01
4.516588288288287600e+01	3.299881829990410154e+01	1.389130244353190768e+01
4.532604204204204024e+01	3.292118684894468572e+01	1.387598312709467407e+01
4.548620120120119736e+01	3.284387296700266745e+01	1.386086943313405584e+01
4.564636036036035449e+01	3.276687681977212918e+01	1.384595860179037707e+01
4.580651951951951872e+01	3.269019855420722820e+01	1.383124791024422073e+01
4.596667867867867585e+01	3.261383829866269224e+01	1.381673467221938978e+01
4.612683783783783298e+01	3.253779616303555855e+01	1.380241623749250124e+01
4.628699699699699011e+01	3.246207223890821325e+01	1.378828999140918654e+01
4.644715615615615434e+01	3.238666659969253203e+01	1.377435335440679509e+01
4.660731531531531147e+01	3.231157930077529272e+01	1.376060378154345898e+01
4.676747447447446859e+01	3.223681037966458973e+01	1.374703876203350283e+01
4.692763363363363283e+01	3.216235985613737114e+01	1.373365581878909047e+01
4.708779279279278995e+01	3.208822773238804160e+01	1.372045250796802129e+01
4.724795195195194708e+01	3.201441399317793213e+01	1.370742641852756272e+01
4.740811111111110421e+01	3.194091860598587118e+01	1.369457517178431516e+01
4.756827027027026844e+01	3.186774152115950898e+01	1.368189642097994430e+01
4.772842942942942557e+01	3.179488267206764718e+01	1.366938785085275399e+01
4.788858858858858270e+01	3.172234197525326138e+01	1.365704717721502348e+01
4.804874774774774693e+01	3.165011933058739046e+01	1.364487214653597746e+01
4.820890690690690406e+01	3.157821462142377555e+01	1.363286053553038712e+01
4.836906606606606118e+01	3.150662771475412427e+01	1.362101015075268151e+01
4.852922522522521831e+01	3.143535846136413170e+01	1.360931882819648031e+01
4.868938438438438254e+01	3.136440669599008402e+01	1.359778443289953742e+01
4.884954354354353967e+01	3.129377223747605896e+01	1.358640485855396030e+01
4.900970270270269680e+01	3.122345488893165921e+01	1.357517802712167132e+01
4.916986186186186103e+01	3.115345443789030355e+01	1.356410188845501175e+01
4.933002102102101816e+01	3.108377065646797988e+01	1.355317441992246863e+01
4.949018018018017528e+01	3.101440330152238545e+01	1.354239362603937735e+01
4.965033933933933241e+01	3.094535211481257164e+01	1.353175753810361748e+01
4.981049849849849664e+01	3.087661682315885514e+01	1.352126421383618826e+01
4.997065765765765377e+01	3.080819713860316256e+01	1.351091173702659987e+01
5.013081681681681090e+01	3.074009275856958467e+01	1.350069821718301455e+01
5.029097597597597513e+01	3.067230336602523266e+01	1.349062178918710231e+01
5.045113513513513226e+01	3.060482862964135720e+01	1.348068061295352216e+01
5.061129429429428939e+01	3.053766820395460257e+01	1.347087287309395798e+01
5.077145345345344651e+01	3.047082172952846690e+01	1.346119677858567876e+01
5.093161261261261075e+01	3.040428883311487596e+01	1.345165056244453616e+01
5.109177177177176787e+01	3.033806912781587073e+01	1.344223248140236038e+01
5.125193093093092500e+01	3.027216221324532341e+01	1.343294081558867248e+01
5.141209009009008923e+01	3.020656767569073509e+01	1.342377386821667429e+01
5.157224924924924636e+01	3.014128508827503339e+01	1.341472996527345529e+01
5.173240840840840349e+01	3.007631401111828495e+01	1.340580745521434025e+01
5.189256756756756062e+01	3.001165399149941848e+01	1.339700470866136506e+01
5.205272672672672485e+01	2.994730456401783769e+01	1.338832011810577427e+01
5.221288588588588198e+01	2.988326525075491702e+01	1.337975209761452078e+01
5.237304504504503910e+01	2.981953556143534456e+01	1.337129908254070898e+01
5.253320420420420334e+01	2.975611499358829803e+01	1.336295952923790509e+01
5.269336336336336046e+01	2.969300303270845376e+01	1.335473191477830568e+01
5.285352252252251759e+01	2.963019915241669366e+01	1.334661473667467035e+01
5.301368168168167472e+01	2.956770281462063821e+01	1.333860651260599184e+01
5.317384084084083895e+01	2.950551346967483468e+01	1.333070578014684493e+01
5.333399999999999608e+01	2.944363055654069683e+01	1.332291109650037342e+01
5.349415915915915321e+01	2.938205350294605722e+01	1.331522103823485104e+01
5.365431831831831744e+01	2.932078172554439277e+01	1.330763420102378447e+01
5.381447747747747457e+01	2.925981463007367367e+01	1.330014919938949802e+01
5.397463663663663169e+01	2.919915161151477889e+01	1.329276466645017152e+01
5.413479579579578882e+01	2.913879205424951380e+01	1.328547925367025684e+01
5.429495495495495305e+01	2.907873533221815165e+01	1.327829163061424644e+01
5.445511411411411018e+01	2.901898080907650979e+01	1.327120048470376545e+01
5.461527327327326731e+01	2.895952783835254252e+01	1.326420452097789138e+01
5.477543243243243154e+01	2.890037576360236571e+01	1.325730246185671923e+01
5.493559159159158867e+01	2.884152391856581588e+01	1.325049304690808505e+01
5.509575075075074579e+01	2.878297162732138759e+01	1.324377503261741751e+01
5.525590990990990292e+01	2.872471820444059887e+01	1.323714719216068936e+01
5.541606906906906715e+01	2.866676295514179174e+01	1.323060831518040281e+01
5.557622822822822428e+01	2.860910517544327547e+01	1.322415720756459656e+01
5.573638738738738141e+01	2.855174415231582685e+01	1.321779269122879796e+01
5.589654654654654564e+01	2.849467916383456156e+01	1.321151360390092400e+01
5.605670570570570277e+01	2.843790947933013058e+01	1.320531879890905103e+01
5.621686486486485990e+01	2.838143435953915628e+01	1.319920714497204095e+01
5.637702402402401702e+01	2.832525305675406813e+01	1.319317752599297755e+01
5.653718318318318126e+01	2.826936481497209286e+01	1.318722884085536862e+01
5.669734234234233838e+01	2.821376887004360512e+01	1.318136000322209256e+01
5.685750150150149551e+01	2.815846444981963970e+01	1.317556994133702908e+01
5.701766066066065974e+01	2.810345077429867189e+01	1.316985759782937571e+01
5.717781981981981687e+01	2.804872705577258785e+01	1.316422192952055958e+01
5.733797897897897400e+01	2.799429249897185912e+01	1.315866190723376761e+01
5.749813813813813113e+01	2.794014630120990006e+01	1.315317651560601320e+01
5.765829729729729536e+01	2.788628765252657260e+01	1.314776475290273972e+01
5.781845645645645249e+01	2.783271573583088454e+01	1.314242563083490545e+01
5.797861561561560961e+01	2.777942972704278191e+01	1.313715817437851818e+01
5.813877477477477385e+01	2.772642879523409221e+01	1.313196142159660340e+01
5.829893393393393097e+01	2.767371210276859728e+01	1.312683442346354923e+01
5.845909309309308810e+01	2.762127880544117886e+01	1.312177624369182105e+01
5.861925225225224523e+01	2.756912805261609734e+01	1.311678595856099427e+01
5.877941141141140946e+01	2.751725898736430054e+01	1.311186265674907325e+01
5.893957057057056659e+01	2.746567074659986218e+01	1.310700543916610350e+01
5.909972972972972372e+01	2.741436246121543263e+01	1.310221341878997414e+01
5.925988888888888795e+01	2.736333325621677659e+01	1.309748572050446391e+01
5.942004804804804508e+01	2.731258225085634450e+01	1.309282148093943654e+01
5.958020720720720220e+01	2.726210855876584560e+01	1.308821984831318730e+01
5.974036636636635933e+01	2.721191128808789728e+01	1.308367998227690521e+01
5.990052552552552356e+01	2.716198954160665480e+01	1.307920105376122955e+01
6.006068468468468069e+01	2.711234241687748181e+01	1.307478224482485274e+01
6.022084384384383782e+01	2.706296900635556213e+01	1.307042274850516428e+01
6.038100300300300205e+01	2.701386839752358426e+01	1.306612176867089659e+01
6.054116216216215918e+01	2.696503967301836013e+01	1.306187851987675153e+01
6.070132132132131630e+01	2.691648191075642416e+01	1.305769222721996492e+01
6.086148048048047343e+01	2.686819418405864113e+01	1.305356212619882150e+01
6.102163963963963766e+01	2.682017556177375184e+01	1.304948746257303860e+01
6.118179879879879479e+01	2.677242510840090262e+01	1.304546749222604873e+01
6.134195795795795192e+01	2.672494188421110550e+01	1.304150148102911366e+01
6.150211711711711615e+01	2.667772494536767525e+01	1.303758870470727338e+01
6.166227627627627328e+01	2.663077334404562535e+01	1.303372844870708214e+01
6.182243543543543041e+01	2.658408612854996633e+01	1.302992000806613682e+01
6.198259459459458753e+01	2.653766234343297725e+01	1.302616268728434257e+01
6.214275375375375177e+01	2.649150102961041142e+01	1.302245580019690152e+01
6.230291291291290889e+01	2.644560122447662920e+01	1.301879866984902812e+01
6.246307207207206602e+01	2.639996196201865786e+01	1.301519062837232354e+01
6.262323123123122315e+01	2.635458227292917854e+01	1.301163101686282175e+01
6.278339039039038738e+01	2.630946118471844386e+01	1.300811918526066790e+01
6.294354954954954451e+01	2.626459772182513674e+01	1.300465449223140979e+01
6.310370870870870164e+01	2.621999090572610314e+01	1.300123630504889327e+01
6.326386786786786587e+01	2.617563975504503304e+01	1.299786399947970850e+01
6.342402702702702300e+01	2.613154328566008999e+01	1.299453695966921174e+01
6.358418618618618012e+01	2.608770051081038233e+01	1.299125457802905892e+01
6.374434534534533725e+01	2.604411044120141838e+01	1.298801625512625613e+01
6.390450450450450148e+01	2.600077208510943905e+01	1.298482139957369697e+01
6.406466366366366572e+01	2.595768444848469159e+01	1.298166942792217071e+01
6.422482282282282995e+01	2.591484653505358793e+01	1.297855976455381644e+01
6.438498198198197997e+01	2.587225734641980779e+01	1.297549184157701774e+01
6.454514114114114420e+01	2.582991588216427559e+01	1.297246509872268483e+01
6.470530030030030844e+01	2.578782113994412128e+01	1.296947898324196125e+01
6.486545945945945846e+01	2.574597211559047949e+01	1.296653294980527527e+01
6.502561861861862269e+01	2.570436780320525116e+01	1.296362646040275557e+01
6.518577777777778692e+01	2.566300719525678886e+01	1.296075898424599693e+01
6.534593693693693695e+01	2.562188928267447707e+01	1.295792999767111731e+01
6.550609609609610118e+01	2.558101305494223254e+01	1.295513898404314190e+01
6.566625525525525120e+01	2.554037750019096720e+01	1.295238543366165551e+01
6.582641441441441543e+01	2.549998160528991065e+01	1.294966884366772319e+01
6.598657357357357967e+01	2.545982435593694504e+01	1.294698871795207040e+01
6.614673273273272969e+01	2.541990473674778883e+01	1.294434456706447634e+01
6.630689189189189392e+01	2.538022173134414672e+01	1.294173590812440722e+01
6.646705105105105815e+01	2.534077432244080796e+01	1.293916226473282194e+01
6.662721021021020817e+01	2.530156149193167181e+01	1.293662316688518565e+01
6.678736936936937241e+01	2.526258222097469641e+01	1.293411815088564332e+01
6.694752852852853664e+01	2.522383549007581038e+01	1.293164675926233187e+01
6.710768768768768666e+01	2.518532027917178695e+01	1.292920854068384884e+01
6.726784684684685089e+01	2.514703556771200965e+01	1.292680304987683293e+01
6.742800600600601513e+01	2.510898033473928237e+01	1.292442984754464597e+01
6.758816516516516515e+01	2.507115355896950959e+01	1.292208850028715439e+01
6.774832432432432938e+01	2.503355421887040322e+01	1.291977858052158545e+01
6.790848348348347940e+01	2.499618129273912714e+01	1.291749966640444569e+01
6.806864264264264364e+01	2.495903375877889374e+01	1.291525134175448031e+01
6.822880180180180787e+01	2.492211059517459759e+01	1.291303319597668242e+01
6.838896096096095789e+01	2.488541078016736918e+01	1.291084482398730238e+01
6.854912012012012212e+01	2.484893329212813740e+01	1.290868582613988202e+01
6.870927927927928636e+01	2.481267710963017592e+01	1.290655580815226600e+01
6.886943843843843638e+01	2.477664121152066201e+01	1.290445438103460596e+01
6.902959759759760061e+01	2.474082457699119786e+01	1.290238116101832411e+01
6.918975675675676484e+01	2.470522618564737982e+01	1.290033576948602878e+01
6.934991591591591487e+01	2.466984501757734094e+01	1.289831783290237510e+01
6.951007507507507910e+01	2.463468005341932354e+01	1.289632698274585110e+01
6.967023423423424333e+01	2.459973027442828908e+01	1.289436285544148042e+01
6.983039339339339335e+01	2.456499466254151187e+01	1.289242509229442923e+01
6.999055255255255759e+01	2.453047220044324561e+01	1.289051333942449951e+01
7.015071171171170761e+01	2.449616187162840930e+01	1.288862724770150869e+01
7.031087087087087184e+01	2.446206266046530686e+01	1.288676647268152919e+01
7.047103003003003607e+01	2.442817355225743015e+01	1.288493067454399110e+01
7.063118918918918610e+01	2.439449353330426362e+01	1.288311951802962163e+01
7.079134834834835033e+01	2.436102159096119735e+01	1.288133267237922652e+01
7.095150750750751456e+01	2.432775671369848780e+01	1.287956981127328326e+01
7.111166666666666458e+01	2.429469789115929856e+01	1.287783061277234964e+01
7.127182582582582882e+01	2.426184411421679243e+01	1.287611475925828053e+01
7.143198498498499305e+01	2.422919437503036022e+01	1.287442193737620855e+01
7.159214414414414307e+01	2.419674766710090452e+01	1.287275183797734002e+01
7.175230330330330730e+01	2.416450298532522112e+01	1.287110415606248459e+01
7.191246246246247154e+01	2.413245932604950283e+01	1.286947859072636469e+01
7.207262162162162156e+01	2.410061568712196234e+01	1.286787484510266211e+01
7.223278078078078579e+01	2.406897106794452768e+01	1.286629262630980364e+01
7.239293993993993581e+01	2.403752446952372779e+01	1.286473164539748026e+01
7.255309909909910004e+01	2.400627489452065078e+01	1.286319161729387694e+01
7.271325825825826428e+01	2.397522134730008503e+01	1.286167226075361114e+01
7.287341741741741430e+01	2.394436283397877219e+01	1.286017329830638012e+01
7.303357657657657853e+01	2.391369836247282166e+01	1.285869445620627971e+01
7.319373573573574276e+01	2.388322694254431156e+01	1.285723546438182119e+01
7.335389489489489279e+01	2.385294758584701214e+01	1.285579605638660894e+01
7.351405405405405702e+01	2.382285930597130985e+01	1.285437596935068072e+01
7.367421321321322125e+01	2.379296111848830009e+01	1.285297494393250517e+01
7.383437237237237127e+01	2.376325204099307697e+01	1.285159272427162236e+01
7.399453153153153551e+01	2.373373109314719187e+01	1.285022905794191139e+01
7.415469069069069974e+01	2.370439729672035156e+01	1.284888369590550461e+01
7.431484984984984976e+01	2.367524967563128868e+01	1.284755639246730041e+01
7.447500900900901399e+01	2.364628725598786474e+01	1.284624690523009249e+01
7.463516816816816402e+01	2.361750906612639511e+01	1.284495499505031546e+01
7.479532732732732825e+01	2.358891413665018177e+01	1.284368042599436066e+01
7.495548648648649248e+01	2.356050150046732838e+01	1.284242296529549243e+01
7.511564564564564250e+01	2.353227019282773824e+01	1.284118238331134521e+01
7.527580480480480674e+01	2.350421925135941237e+01	1.283995845348198550e+01
7.543596396396397097e+01	2.347634771610398019e+01	1.283875095228853347e+01
7.559612312312312099e+01	2.344865462955149837e+01	1.283755965921234754e+01
7.575628228228228522e+01	2.342113903667452135e+01	1.283638435669475086e+01
7.591644144144144946e+01	2.339379998496146129e+01	1.283522483009730308e+01
7.607660060060059948e+01	2.336663652444921624e+01	1.283408086766260503e+01
7.623675975975976371e+01	2.333964770775510189e+01	1.283295226047562210e+01
7.639691891891892794e+01	2.331283259010808706e+01	1.283183880242553698e+01
7.655707807807807797e+01	2.328619022937932215e+01	1.283074029016810691e+01
7.671723723723724220e+01	2.325971968611198903e+01	1.282965652308853066e+01
7.687739639639639222e+01	2.323342002355049019e+01	1.282858730326481300e+01
7.703755555555555645e+01	2.320729030766894141e+01	1.282753243543161403e+01
7.719771471471472069e+01	2.318132960719898961e+01	1.282649172694460127e+01
7.735787387387387071e+01	2.315553699365703366e+01	1.282546498774525823e+01
7.751803303303303494e+01	2.312991154137071348e+01	1.282445203032618153e+01
7.767819219219219917e+01	2.310445232750482347e+01	1.282345266969683450e+01
7.783835135135134919e+01	2.307915843208655104e+01	1.282246672334976800e+01
7.799851051051051343e+01	2.305402893803010400e+01	1.282149401122729060e+01
7.815866966966967766e+01	2.302906293116069847e+01	1.282053435568858113e+01
7.831882882882882768e+01	2.300425950023795707e+01	1.281958758147725419e+01
7.847898798798799191e+01	2.297961773697867827e+01	1.281865351568935196e+01
7.863914714714715615e+01	2.295513673607900884e+01	1.281773198774176592e+01
7.879930630630630617e+01	2.293081559523602664e+01	1.281682282934109196e+01
7.895946546546547040e+01	2.290665341516873355e+01	1.281592587445288878e+01
7.911962462462462042e+01	2.288264929963846228e+01	1.281504095927135900e+01
7.927978378378378466e+01	2.285880235546872186e+01	1.281416792218943534e+01
7.943994294294294889e+01	2.283511169256446394e+01	1.281330660376927177e+01
7.960010210210209891e+01	2.281157642393080209e+01	1.281245684671312013e+01
7.976026126126126314e+01	2.278819566569114130e+01	1.281161849583460466e+01
7.992042042042042738e+01	2.276496853710483137e+01	1.281079139803038736e+01
8.008057957957957740e+01	2.274189416058419866e+01	1.280997540225220455e+01
8.024073873873874163e+01	2.271897166171110882e+01	1.280917035947928007e+01
8.040089789789790586e+01	2.269620016925295403e+01	1.280837612269111503e+01
8.056105705705705589e+01	2.267357881517816409e+01	1.280759254684063819e+01
8.072121621621622012e+01	2.265110673467116698e+01	1.280681948882771160e+01
8.088137537537538435e+01	2.262878306614686252e+01	1.280605680747300568e+01
8.104153453453453437e+01	2.260660695126459530e+01	1.280530436349221368e+01
8.120169369369369861e+01	2.258457753494161224e+01	1.280456201947061068e+01
8.136185285285284863e+01	2.256269396536606564e+01	1.280382963983796429e+01
8.152201201201201286e+01	2.254095539400950088e+01	1.280310709084377585e+01
8.168217117117117709e+01	2.251936097563890371e+01	1.280239424053285369e+01
8.184233033033032712e+01	2.249790986832824302e+01	1.280169095872121332e+01
8.200248948948949135e+01	2.247660123346956595e+01	1.280099711697230802e+01
8.216264864864865558e+01	2.245543423578365960e+01	1.280031258857356669e+01
8.232280780780780560e+01	2.243440804333021887e+01	1.279963724851326212e+01
8.248296696696696984e+01	2.241352182751759159e+01	1.279897097345766888e+01
8.264312612612613407e+01	2.239277476311210791e+01	1.279831364172855324e+01
8.280328528528528409e+01	2.237216602824693013e+01	1.279766513328094391e+01
8.296344444444444832e+01	2.235169480443052237e+01	1.279702532968121176e+01
8.312360360360359834e+01	2.233136027655465838e+01	1.279639411408543737e+01
8.328376276276276258e+01	2.231116163290205279e+01	1.279577137121807873e+01
8.344392192192192681e+01	2.229109806515356951e+01	1.279515698735091611e+01
8.360408108108107683e+01	2.227116876839501458e+01	1.279455085028228289e+01
8.376424024024024106e+01	2.225137294112353814e+01	1.279395284931657706e+01
8.392439939939940530e+01	2.223170978525367047e+01	1.279336287524403737e+01
8.408455855855855532e+01	2.221217850612293532e+01	1.279278082032081620e+01
8.424471771771771955e+01	2.219277831249711141e+01	1.279220657824928331e+01
8.440487687687688378e+01	2.217350841657510685e+01	1.279164004415862621e+01
8.456503603603603381e+01	2.215436803399346388e+01	1.279108111458569752e+01
8.472519519519519804e+01	2.213535638383050497e+01	1.279052968745611452e+01
8.488535435435436227e+01	2.211647268861012350e+01	1.278998566206562160e+01
8.504551351351351229e+01	2.209771617430522284e+01	1.278944893906169966e+01
8.520567267267267653e+01	2.207908607034080362e+01	1.278891942042542240e+01
8.536583183183182655e+01	2.206058160959670289e+01	1.278839700945355418e+01
8.552599099099099078e+01	2.204220202841001708e+01	1.278788161074088769e+01
8.568615015015015501e+01	2.202394656657718741e+01	1.278737313016282862e+01
8.584630930930930504e+01	2.200581446735573365e+01	1.278687147485819686e+01
8.600646846846846927e+01	2.198780497746571427e+01	1.278637655321227840e+01
8.616662762762763350e+01	2.196991734709083133e+01	1.278588827484007950e+01
8.632678678678678352e+01	2.195215082987924760e+01	1.278540655056983688e+01
8.648694594594594776e+01	2.193450468294408040e+01	1.278493129242672310e+01
8.664710510510511199e+01	2.191697816686361477e+01	1.278446241361677949e+01
8.680726426426426201e+01	2.189957054568121819e+01	1.278399982851107275e+01
8.696742342342342624e+01	2.188228108690493912e+01	1.278354345263005065e+01
8.712758258258259048e+01	2.186510906150684974e+01	1.278309320262811610e+01
8.728774174174174050e+01	2.184805374392210808e+01	1.278264899627840734e+01
8.744790090090090473e+01	2.183111441204771097e+01	1.278221075245778060e+01
8.760806006006005475e+01	2.181429034724102323e+01	1.278177839113199532e+01
8.776821921921921899e+01	2.179758083431798710e+01	1.278135183334109826e+01
8.792837837837838322e+01	2.178098516155111852e+01	1.278093100118500125e+01
8.808853753753753324e+01	2.176450262066722274e+01	1.278051581780925794e+01
8.824869669669669747e+01	2.174813250684483634e+01	1.278010620739102876e+01
8.840885585585586171e+01	2.173187411871147035e+01	1.277970209512522892e+01
8.856901501501501173e+01	2.171572675834056909e+01	1.277930340721087532e+01
8.872917417417417596e+01	2.169968973124823464e+01	1.277891007083759867e+01
8.888933333333334019e+01	2.168376234638973088e+01	1.277852201417235634e+01
8.904949249249249021e+01	2.166794391615574611e+01	1.277813916634630864e+01
8.920965165165165445e+01	2.165223375636842462e+01	1.277776145744187630e+01
8.936981081081081868e+01	2.163663118627719228e+01	1.277738881847997376e+01
8.952996996996996870e+01	2.162113552855433696e+01	1.277702118140741305e+01
8.969012912912913293e+01	2.160574610929039352e+01	1.277665847908446928e+01
8.985028828828828296e+01	2.159046225798932994e+01	1.277630064527262910e+01
9.001044744744744719e+01	2.157528330756347401e+01	1.277594761462248663e+01
9.017060660660661142e+01	2.156020859432831571e+01	1.277559932266181164e+01
9.033076576576576144e+01	2.154523745799704315e+01	1.277525570578377412e+01
9.049092492492492568e+01	2.153036924167491151e+01	1.277491670123533041e+01
9.065108408408408991e+01	2.151560329185342368e+01	1.277458224710576040e+01
9.081124324324323993e+01	2.150093895840432268e+01	1.277425228231536636e+01
9.097140240240240416e+01	2.148637559457338853e+01	1.277392674660430849e+01
9.113156156156156840e+01	2.147191255697406476e+01	1.277360558052160933e+01
9.129172072072071842e+01	2.145754920558091428e+01	1.277328872541429661e+01
9.145187987987988265e+01	2.144328490372288698e+01	1.277297612341667943e+01
9.161203903903904688e+01	2.142911901807643105e+01	1.277266771743980023e+01
9.177219819819819691e+01	2.141505091865843724e+01	1.277236345116098981e+01
9.193235735735736114e+01	2.140107997881901980e+01	1.277206326901359468e+01
9.209251651651651116e+01	2.138720557523412680e+01	1.277176711617682514e+01
9.225267567567567539e+01	2.137342708789801549e+01	1.277147493856574023e+01
9.241283483483483963e+01	2.135974390011557489e+01	1.277118668282137470e+01
9.257299399399398965e+01	2.134615539849447785e+01	1.277090229630099394e+01
9.273315315315315388e+01	2.133266097293720875e+01	1.277062172706847853e+01
9.289331231231231811e+01	2.131926001663293846e+01	1.277034492388484210e+01
9.305347147147146813e+01	2.130595192604927135e+01	1.277007183619886987e+01
9.321363063063063237e+01	2.129273610092385027e+01	1.276980241413788875e+01
9.337378978978979660e+01	2.127961194425581581e+01	1.276953660849866168e+01
9.353394894894894662e+01	2.126657886229716965e+01	1.276927437073839933e+01
9.369410810810811086e+01	2.125363626454397448e+01	1.276901565296589425e+01
9.385426726726727509e+01	2.124078356372745802e+01	1.276876040793277767e+01
9.401442642642642511e+01	2.122802017580498557e+01	1.276850858902488639e+01
9.417458558558558934e+01	2.121534551995090467e+01	1.276826015025375760e+01
9.433474474474473936e+01	2.120275901854730094e+01	1.276801504624822137e+01
9.449490390390390360e+01	2.119026009717461534e+01	1.276777323224612104e+01
9.465506306306306783e+01	2.117784818460217622e+01	1.276753466408613313e+01
9.481522222222221785e+01	2.116552271277861408e+01	1.276729929819970977e+01
9.497538138138138208e+01	2.115328311682215201e+01	1.276706709160311703e+01
9.513554054054054632e+01	2.114112883501084283e+01	1.276683800188958173e+01
9.529569969969969634e+01	2.112905930877266769e+01	1.276661198722155888e+01
9.545585885885886057e+01	2.111707398267556002e+01	1.276638900632307383e+01
9.561601801801802480e+01	2.110517230441731584e+01	1.276616901847220298e+01
9.577617717717717483e+01	2.109335372481545434e+01	1.276595198349362015e+01
9.593633633633633906e+01	2.108161769779693628e+01	1.276573786175127267e+01
9.609649549549550329e+01	2.106996368038783629e+01	1.276552661414113388e+01
9.625665465465465331e+01	2.105839113270293694e+01	1.276531820208406920e+01
9.641681381381381755e+01	2.104689951793519498e+01	1.276511258751878231e+01
9.657697297297296757e+01	2.103548830234519684e+01	1.276490973289487130e+01
9.673713213213213180e+01	2.102415695525047212e+01	1.276470960116596665e+01
9.689729129129129603e+01	2.101290494901478567e+01	1.276451215578297216e+01
9.705745045045044606e+01	2.100173175903733380e+01	1.276431736068737699e+01
9.721760960960961029e+01	2.099063686374186943e+01	1.276412518030468846e+01
9.737776876876877452e+01	2.097961974456577039e+01	1.276393557953791813e+01
9.753792792792792454e+01	2.096867988594904730e+01	1.276374852376118518e+01
9.769808708708708878e+01	2.095781677532326626e+01	1.276356397881338367e+01
9.785824624624625301e+01	2.094702990310045010e+01	1.276338191099195107e+01
9.801840540540540303e+01	2.093631876266187319e+01	1.276320228704670612e+01
9.817856456456456726e+01	2.092568285034684195e+01	1.276302507417378429e+01
9.833872372372373150e+01	2.091512166544141138e+01	1.276285024000964263e+01
9.849888288288288152e+01	2.090463471016702002e+01	1.276267775262514803e+01
9.865904204204204575e+01	2.089422148966912474e+01	1.276250758051974898e+01
9.881920120120119577e+01	2.088388151200575038e+01	1.276233969261572199e+01
9.897936036036036000e+01	2.087361428813598963e+01	1.276217405825249607e+01
9.913951951951952424e+01	2.086341933190850995e+01	1.276201064718105549e+01
9.929967867867867426e+01	2.085329616004993980e+01	1.276184942955840640e+01
9.945983783783783849e+01	2.084324429215329033e+01	1.276169037594214117e+01
9.961999699699700273e+01	2.083326325066628826e+01	1.276153345728504895e+01
9.978015615615615275e+01	2.082335256087968034e+01	1.276137864492982210e+01
9.994031531531531698e+01	2.081351175091553074e+01	1.276122591060380707e+01
1.001004744744744812e+02	2.080374035171545088e+01	1.276107522641386005e+01
1.002606336336336312e+02	2.079403789702880800e+01	1.276092656484123822e+01
1.004207927927927955e+02	2.078440392340091236e+01	1.276077989873657792e+01
1.005809519519519597e+02	2.077483797016117251e+01	1.276063520131494400e+01
1.007411111111111097e+02	2.076533957941121500e+01	1.276049244615092881e+01
1.009012702702702740e+02	2.075590829601297926e+01	1.276035160717382766e+01
1.010614294294294240e+02	2.074654366757681601e+01	1.276021265866288346e+01
1.012215885885885882e+02	2.073724524444951456e+01	1.276007557524258296e+01
1.013817477477477524e+02	2.072801257970234445e+01	1.275994033187802756e+01
1.015419069069069025e+02	2.071884522911908633e+01	1.275980690387035743e+01
1.017020660660660667e+02	2.070974275118399888e+01	1.275967526685224307e+01
1.018622252252252309e+02	2.070070470706982491e+01	1.275954539678343380e+01
1.020223843843843810e+02	2.069173066062574051e+01	1.275941726994637015e+01
1.021825435435435452e+02	2.068282017836530784e+01	1.275929086294184955e+01
1.023427027027027094e+02	2.067397282945441717e+01	1.275916615268475596e+01
1.025028618618618594e+02	2.066518818569921123e+01	1.275904311639983568e+01
1.026630210210210237e+02	2.065646582153400246e+01	1.275892173161755316e+01
1.028231801801801879e+02	2.064780531400919372e+01	1.275880197616997336e+01
1.029833393393393379e+02	2.063920624277915650e+01	1.275868382818671876e+01
1.031434984984985022e+02	2.063066819009015518e+01	1.275856726609097791e+01
1.033036576576576522e+02	2.062219074076821101e+01	1.275845226859556192e+01
1.034638168168168164e+02	2.061377348220701577e+01	1.275833881469901421e+01
1.036239759759759806e+02	2.060541600435580278e+01	1.275822688368178071e+01
1.037841351351351307e+02	2.059711789970723572e+01	1.275811645510242620e+01
1.039442942942942949e+02	2.058887876328528677e+01	1.275800750879389156e+01
1.041044534534534591e+02	2.058069819263312894e+01	1.275790002485982200e+01
1.042646126126126092e+02	2.057257578780103202e+01	1.275779398367093087e+01
1.044247717717717734e+02	2.056451115133423357e+01	1.275768936586140967e+01
1.045849309309309376e+02	2.055650388826085262e+01	1.275758615232539661e+01
1.047450900900900876e+02	2.054855360607978199e+01	1.275748432421348433e+01
1.049052492492492519e+02	2.054065991474858777e+01	1.275738386292927906e+01
1.050654084084084161e+02	2.053282242667144430e+01	1.275728475012600782e+01
1.052255675675675661e+02	2.052504075668704075e+01	1.275718696770315752e+01
1.053857267267267304e+02	2.051731452205651607e+01	1.275709049780318161e+01
1.055458858858858804e+02	2.050964334245140464e+01	1.275699532280823156e+01
1.057060450450450446e+02	2.050202683994158903e+01	1.275690142533693994e+01
1.058662042042042088e+02	2.049446463898325987e+01	1.275680878824124953e+01
1.060263633633633589e+02	2.048695636640690410e+01	1.275671739460327814e+01
1.061865225225225231e+02	2.047950165140528611e+01	1.275662722773223123e+01
1.063466816816816873e+02	2.047210012552146097e+01	1.275653827116135375e+01
1.065068408408408374e+02	2.046475142263680169e+01	1.275645050864491736e+01
1.066670000000000016e+02	2.045745517895901955e+01	1.275636392415526110e+01
1.068271591591591658e+02	2.045021103301024468e+01	1.275627850187986567e+01
1.069873183183183158e+02	2.044301862561507477e+01	1.275619422621845445e+01
1.071474774774774801e+02	2.043587759988868413e+01	1.275611108178015662e+01
1.073076366366366443e+02	2.042878760122493276e+01	1.275602905338068638e+01
1.074677957957957943e+02	2.042174827728448250e+01	1.275594812603958061e+01
1.076279549549549586e+02	2.041475927798297718e+01	1.275586828497745273e+01
1.077881141141141086e+02	2.040782025547918366e+01	1.275578951561329966e+01
1.079482732732732728e+02	2.040093086416321810e+01	1.275571180356183731e+01
1.081084324324324371e+02	2.039409076064474036e+01	1.275563513463087517e+01
1.082685915915915871e+02	2.038729960374121575e+01	1.275555949481872098e+01
1.084287507507507513e+02	2.038055705446616628e+01	1.275548487031162459e+01
1.085889099099099155e+02	2.037386277601747153e+01	1.275541124748126087e+01
1.087490690690690656e+02	2.036721643376568380e+01	1.275533861288222859e+01
1.089092282282282298e+02	2.036061769524236809e+01	1.275526695324961146e+01
1.090693873873873940e+02	2.035406623012847049e+01	1.275519625549653924e+01
1.092295465465465441e+02	2.034756171024271865e+01	1.275512650671181092e+01
1.093897057057057083e+02	2.034110380953004338e+01	1.275505769415752511e+01
1.095498648648648725e+02	2.033469220405003242e+01	1.275498980526676540e+01
1.097100240240240225e+02	2.032832657196541959e+01	1.275492282764129648e+01
1.098701831831831868e+02	2.032200659353057048e+01	1.275485674904930455e+01
1.100303423423423368e+02	2.031573195108005692e+01	1.275479155742316095e+01
1.101905015015015010e+02	2.030950232901719943e+01	1.275472724085722120e+01
1.103506606606606653e+02	2.030331741380268440e+01	1.275466378760564545e+01
1.105108198198198153e+02	2.029717689394319535e+01	1.275460118608026328e+01
1.106709789789789795e+02	2.029108045998007270e+01	1.275453942484844205e+01
1.108311381381381437e+02	2.028502780447801257e+01	1.275447849263101752e+01
1.109912972972972938e+02	2.027901862201379402e+01	1.275441837830021541e+01
1.111514564564564580e+02	2.027305260916505603e+01	1.275435907087763709e+01
1.113116156156156222e+02	2.026712946449906738e+01	1.275430055953223807e+01
1.114717747747747723e+02	2.026124888856158179e+01	1.275424283357836153e+01
1.116319339339339365e+02	2.025541058386568594e+01	1.275418588247378437e+01
1.117920930930931007e+02	2.024961425488071143e+01	1.275412969581778810e+01
1.119522522522522507e+02	2.024385960802115392e+01	1.275407426334926164e+01
1.121124114114114150e+02	2.023814635163565256e+01	1.275401957494482907e+01
1.122725705705705650e+02	2.023247419599599795e+01	1.275396562061699868e+01
1.124327297297297292e+02	2.022684285328615061e+01	1.275391239051233860e+01
1.125928888888888935e+02	2.022125203759135559e+01	1.275385987490968276e+01
1.127530480480480435e+02	2.021570146488722486e+01	1.275380806421834734e+01
1.129132072072072077e+02	2.021019085302890161e+01	1.275375694897638468e+01
1.130733663663663719e+02	2.020471992174024933e+01	1.275370651984884951e+01
1.132335255255255220e+02	2.019928839260307640e+01	1.275365676762610789e+01
1.133936846846846862e+02	2.019389598904639271e+01	1.275360768322213545e+01
1.135538438438438504e+02	2.018854243633573020e+01	1.275355925767287424e+01
1.137140030030030005e+02	2.018322746156245628e+01	1.275351148213459140e+01
1.138741621621621647e+02	2.017795079363318322e+01	1.275346434788225736e+01
1.140343213213213289e+02	2.017271216325916683e+01	1.275341784630796127e+01
1.141944804804804789e+02	2.016751130294576555e+01	1.275337196891933367e+01
1.143546396396396432e+02	2.016234794698194221e+01	1.275332670733799745e+01
1.145147987987987932e+02	2.015722183142980128e+01	1.275328205329803843e+01
1.146749579579579574e+02	2.015213269411416164e+01	1.275323799864449548e+01
1.148351171171171217e+02	2.014708027461217199e+01	1.275319453533186653e+01
1.149952762762762717e+02	2.014206431424297605e+01	1.275315165542265028e+01
1.151554354354354359e+02	2.013708455605738834e+01	1.275310935108588239e+01
1.153155945945946002e+02	2.013214074482766591e+01	1.275306761459571803e+01
1.154757537537537502e+02	2.012723262703725524e+01	1.275302643833001248e+01
1.156359129129129144e+02	2.012235995087062079e+01	1.275298581476893389e+01
1.157960720720720786e+02	2.011752246620311624e+01	1.275294573649358654e+01
1.159562312312312287e+02	2.011271992459087699e+01	1.275290619618465904e+01
1.161163903903903929e+02	2.010795207926076245e+01	1.275286718662108676e+01
1.162765495495495571e+02	2.010321868510034093e+01	1.275282870067873198e+01
1.164367087087087071e+02	2.009851949864792431e+01	1.275279073132908358e+01
1.165968678678678714e+02	2.009385427808262747e+01	1.275275327163797101e+01
1.167570270270270214e+02	2.008922278321447408e+01	1.275271631476430656e+01
1.169171861861861856e+02	2.008462477547456970e+01	1.275267985395882242e+01
1.170773453453453499e+02	2.008006001790526796e+01	1.275264388256285031e+01
1.172375045045044999e+02	2.007552827515043603e+01	1.275260839400709933e+01
1.173976636636636641e+02	2.007102931344570607e+01	1.275257338181045519e+01
1.175578228228228284e+02	2.006656290060881531e+01	1.275253883957880241e+01
1.177179819819819784e+02	2.006212880602996762e+01	1.275250476100385200e+01
1.178781411411411426e+02	2.005772680066223046e+01	1.275247113986198677e+01
1.180383003003003068e+02	2.005335665701199943e+01	1.275243797001313517e+01
1.181984594594594569e+02	2.004901814912947700e+01	1.275240524539963616e+01
1.183586186186186211e+02	2.004471105259920449e+01	1.275237296004514675e+01
1.185187777777777853e+02	2.004043514453066166e+01	1.275234110805353893e+01
1.186789369369369354e+02	2.003619020354886260e+01	1.275230968360782846e+01
1.188390960960960996e+02	2.003197600978503701e+01	1.275227868096911266e+01
1.189992552552552496e+02	2.002779234486731852e+01	1.275224809447552232e+01
1.191594144144144138e+02	2.002363899191151830e+01	1.275221791854118614e+01
1.193195735735735781e+02	2.001951573551189156e+01	1.275218814765521103e+01
1.194797327327327281e+02	2.001542236173199996e+01	1.275215877638067496e+01
1.196398918918918923e+02	2.001135865809556691e+01	1.275212979935363755e+01
1.198000510510510566e+02	2.000732441357741465e+01	1.275210121128215768e+01
1.199602102102102066e+02	2.000331941859441542e+01	1.275207300694532542e+01
1.201203693693693708e+02	1.999934346499652449e+01	1.275204518119230990e+01
1.202805285285285350e+02	1.999539634605779881e+01	1.275201772894142493e+01
1.204406876876876851e+02	1.999147785646752240e+01	1.275199064517918934e+01
1.206008468468468493e+02	1.998758779232132099e+01	1.275196392495941922e+01
1.207610060060060135e+02	1.998372595111235839e+01	1.275193756340232376e+01
1.209211651651651636e+02	1.997989213172254708e+01	1.275191155569361001e+01
1.210813243243243278e+02	1.997608613441382985e+01	1.275188589708361242e+01
1.212414834834834778e+02	1.997230776081947567e+01	1.275186058288641355e+01
1.214016426426426420e+02	1.996855681393545012e+01	1.275183560847899855e+01
1.215618018018018063e+02	1.996483309811179296e+01	1.275181096930040603e+01
1.217219609609609563e+02	1.996113641904406677e+01	1.275178666085089318e+01
1.218821201201201205e+02	1.995746658376483751e+01	1.275176267869112046e+01
1.220422792792792848e+02	1.995382340063520843e+01	1.275173901844133439e+01
1.222024384384384348e+02	1.995020667933637526e+01	1.275171567578057363e+01
1.223625975975975990e+02	1.994661623086123825e+01	1.275169264644587130e+01
1.225227567567567633e+02	1.994305186750606751e+01	1.275166992623148943e+01
1.226829159159159133e+02	1.993951340286218255e+01	1.275164751098813376e+01
1.228430750750750775e+02	1.993600065180771352e+01	1.275162539662221661e+01
1.230032342342342417e+02	1.993251343049935898e+01	1.275160357909508768e+01
1.231633933933933918e+02	1.992905155636422876e+01	1.275158205442231285e+01
1.233235525525525560e+02	1.992561484809169414e+01	1.275156081867294056e+01
1.234837117117117060e+02	1.992220312562531959e+01	1.275153986796878058e+01
1.236438708708708702e+02	1.991881621015479098e+01	1.275151919848370419e+01
1.238040300300300345e+02	1.991545392410792203e+01	1.275149880644293532e+01
1.239641891891891845e+02	1.991211609114269265e+01	1.275147868812237029e+01
1.241243483483483487e+02	1.990880253613931927e+01	1.275145883984789030e+01
1.242845075075075130e+02	1.990551308519237494e+01	1.275143925799469535e+01
1.244446666666666630e+02	1.990224756560296271e+01	1.275141993898664339e+01
1.246048258258258272e+02	1.989900580587091028e+01	1.275140087929558952e+01
1.247649849849849915e+02	1.989578763568701447e+01	1.275138207544075009e+01
1.249251441441441415e+02	1.989259288592533537e+01	1.275136352398806316e+01
1.250853033033033057e+02	1.988942138863552245e+01	1.275134522154956151e+01
1.252454624624624557e+02	1.988627297703519048e+01	1.275132716478275441e+01
1.254056216216216200e+02	1.988314748550231670e+01	1.275130935039001656e+01
1.255657807807807842e+02	1.988004474956771972e+01	1.275129177511798595e+01
1.257259399399399342e+02	1.987696460590752778e+01	1.275127443575697228e+01
1.258860990990990985e+02	1.987390689233572871e+01	1.275125732914036547e+01
1.260462582582582627e+02	1.987087144779674830e+01	1.275124045214406365e+01
1.262064174174174127e+02	1.986785811235806065e+01	1.275122380168589586e+01
1.263665765765765769e+02	1.986486672720285895e+01	1.275120737472506605e+01
1.265267357357357412e+02	1.986189713462274042e+01	1.275119116826159349e+01
1.266868948948948912e+02	1.985894917801044812e+01	1.275117517933576572e+01
1.268470540540540554e+02	1.985602270185266605e+01	1.275115940502759670e+01
1.270072132132132197e+02	1.985311755172282844e+01	1.275114384245629928e+01
1.271673723723723697e+02	1.985023357427397528e+01	1.275112848877974869e+01
1.273275315315315339e+02	1.984737061723166462e+01	1.275111334119397277e+01
1.274876906906906839e+02	1.984452852938691336e+01	1.275109839693264036e+01
1.276478498498498482e+02	1.984170716058917350e+01	1.275108365326654614e+01
1.278080090090090124e+02	1.983890636173934752e+01	1.275106910750312394e+01
1.279681681681681624e+02	1.983612598478286060e+01	1.275105475698594404e+01
1.281283273273273267e+02	1.983336588270275769e+01	1.275104059909423881e+01
1.282884864864864767e+02	1.983062590951283966e+01	1.275102663124241786e+01
1.284486456456456551e+02	1.982790592025083498e+01	1.275101285087959369e+01
1.286088048048048051e+02	1.982520577097163539e+01	1.275099925548912339e+01
1.287689639639639552e+02	1.982252531874053503e+01	1.275098584258814149e+01
1.289291231231231336e+02	1.981986442162653717e+01	1.275097260972711055e+01
1.290892822822822836e+02	1.981722293869568574e+01	1.275095955448937524e+01
1.292494414414414337e+02	1.981460073000443600e+01	1.275094667449071473e+01
1.294096006006006121e+02	1.981199765659305712e+01	1.275093396737891638e+01
1.295697597597597621e+02	1.980941358047910583e+01	1.275092143083333518e+01
1.297299189189189121e+02	1.980684836465089305e+01	1.275090906256448164e+01
1.298900780780780906e+02	1.980430187306101786e+01	1.275089686031359193e+01
1.300502372372372406e+02	1.980177397061992295e+01	1.275088482185222638e+01
1.302103963963963906e+02	1.979926452318951391e+01	1.275087294498185564e+01
1.303705555555555691e+02	1.979677339757677856e+01	1.275086122753346274e+01
1.305307147147147191e+02	1.979430046152747735e+01	1.275084966736713810e+01
1.306908738738738691e+02	1.979184558371984792e+01	1.275083826237170648e+01
1.308510330330330191e+02	1.978940863375836301e+01	1.275082701046432376e+01
1.310111921921921976e+02	1.978698948216750964e+01	1.275081590959010391e+01
1.311713513513513476e+02	1.978458800038563226e+01	1.275080495772174594e+01
1.313315105105104976e+02	1.978220406075877236e+01	1.275079415285915907e+01
1.314916696696696761e+02	1.977983753653457555e+01	1.275078349302910219e+01
1.316518288288288261e+02	1.977748830185623774e+01	1.275077297628481787e+01
1.318119879879879761e+02	1.977515623175645487e+01	1.275076260070568068e+01
1.319721471471471546e+02	1.977284120215145080e+01	1.275075236439684723e+01
1.321323063063063046e+02	1.977054308983500519e+01	1.275074226548890444e+01
1.322924654654654546e+02	1.976826177247253824e+01	1.275073230213753739e+01
1.324526246246246330e+02	1.976599712859522739e+01	1.275072247252318292e+01
1.326127837837837831e+02	1.976374903759416313e+01	1.275071277485070453e+01
1.327729429429429331e+02	1.976151737971451539e+01	1.275070320734905849e+01
1.329331021021021115e+02	1.975930203604977464e+01	1.275069376827097756e+01
1.330932612612612616e+02	1.975710288853599650e+01	1.275068445589264421e+01
1.332534204204204116e+02	1.975491981994610668e+01	1.275067526851338151e+01
1.334135795795795900e+02	1.975275271388420606e+01	1.275066620445534049e+01
1.335737387387387400e+02	1.975060145477994666e+01	1.275065726206319461e+01
1.337338978978978901e+02	1.974846592788291844e+01	1.275064843970383244e+01
1.338940570570570685e+02	1.974634601925709276e+01	1.275063973576606990e+01
1.340542162162162185e+02	1.974424161577526604e+01	1.275063114866034475e+01
1.342143753753753685e+02	1.974215260511357073e+01	1.275062267681843231e+01
1.343745345345345470e+02	1.974007887574600417e+01	1.275061431869315953e+01
1.345346936936936970e+02	1.973802031693898940e+01	1.275060607275812075e+01
1.346948528528528470e+02	1.973597681874598564e+01	1.275059793750739701e+01
1.348550120120120255e+02	1.973394827200209889e+01	1.275058991145528431e+01
1.350151711711711755e+02	1.973193456831877768e+01	1.275058199313602358e+01
1.351753303303303255e+02	1.972993560007848401e+01	1.275057418110352536e+01
1.353354894894894755e+02	1.972795126042943537e+01	1.275056647393111398e+01
1.354956486486486540e+02	1.972598144328037151e+01	1.275055887021126466e+01
1.356558078078078040e+02	1.972402604329535691e+01	1.275055136855534421e+01
1.358159669669669540e+02	1.972208495588859023e+01	1.275054396759336051e+01
1.359761261261261325e+02	1.972015807721928837e+01	1.275053666597370672e+01
1.361362852852852825e+02	1.971824530418656352e+01	1.275052946236292506e+01
1.362964444444444325e+02	1.971634653442436047e+01	1.275052235544544921e+01
1.364566036036036110e+02	1.971446166629641539e+01	1.275051534392337693e+01
1.366167627627627610e+02	1.971259059889122867e+01	1.275050842651622496e+01
1.367769219219219110e+02	1.971073323201710181e+01	1.275050160196069982e+01
1.369370810810810895e+02	1.970888946619719562e+01	1.275049486901046158e+01
1.370972402402402395e+02	1.970705920266458833e+01	1.275048822643590540e+01
1.372573993993993895e+02	1.970524234335741909e+01	1.275048167302392699e+01
1.374175585585585679e+02	1.970343879091401007e+01	1.275047520757770592e+01
1.375777177177177180e+02	1.970164844866806675e+01	1.275046882891648714e+01
1.377378768768768680e+02	1.969987122064385687e+01	1.275046253587536427e+01
1.378980360360360464e+02	1.969810701155147470e+01	1.275045632730506817e+01
1.380581951951951964e+02	1.969635572678209456e+01	1.275045020207175739e+01
1.382183543543543465e+02	1.969461727240327065e+01	1.275044415905680495e+01
1.383785135135135249e+02	1.969289155515426515e+01	1.275043819715660653e+01
1.385386726726726749e+02	1.969117848244140845e+01	1.275043231528236554e+01
1.386988318318318250e+02	1.968947796233348413e+01	1.275042651235990121e+01
1.388589909909910034e+02	1.968778990355715663e+01	1.275042078732945150e+01
1.390191501501501534e+02	1.968611421549239182e+01	1.275041513914548297e+01
1.391793093093093034e+02	1.968445080816796633e+01	1.275040956677649362e+01
1.393394684684684819e+02	1.968279959225694853e+01	1.275040406920482283e+01
1.394996276276276319e+02	1.968116047907223631e+01	1.275039864542647727e+01
1.396597867867867819e+02	1.967953338056212331e+01	1.275039329445093728e+01
1.398199459459459320e+02	1.967791820930590063e+01	1.275038801530097743e+01
1.399801051051051104e+02	1.967631487850945504e+01	1.275038280701248894e+01
1.401402642642642604e+02	1.967472330200092401e+01	1.275037766863430910e+01
1.403004234234234104e+02	1.967314339422638980e+01	1.275037259922803656e+01
1.404605825825825889e+02	1.967157507024555230e+01	1.275036759786787144e+01
1.406207417417417389e+02	1.967001824572749413e+01	1.275036266364043414e+01
1.407809009009008889e+02	1.966847283694640680e+01	1.275035779564461258e+01
1.409410600600600674e+02	1.966693876077740910e+01	1.275035299299138458e+01
1.411012192192192174e+02	1.966541593469234073e+01	1.275034825480366507e+01
1.412613783783783674e+02	1.966390427675561625e+01	1.275034358021614089e+01
1.414215375375375459e+02	1.966240370562008266e+01	1.275033896837510916e+01
1.415816966966966959e+02	1.966091414052293018e+01	1.275033441843833515e+01
1.417418558558558459e+02	1.965943550128159600e+01	1.275032992957488176e+01
1.419020150150150243e+02	1.965796770828973550e+01	1.275032550096497097e+01
1.420621741741741744e+02	1.965651068251318634e+01	1.275032113179982218e+01
1.422223333333333244e+02	1.965506434548596459e+01	1.275031682128151722e+01
1.423824924924925028e+02	1.965362861930631055e+01	1.275031256862284401e+01
1.425426516516516529e+02	1.965220342663272035e+01	1.275030837304715980e+01
1.427028108108108029e+02	1.965078869068005929e+01	1.275030423378824551e+01
1.428629699699699813e+02	1.964938433521562899e+01	1.275030015009016893e+01
1.430231291291291313e+02	1.964799028455533758e+01	1.275029612120713907e+01
1.431832882882882814e+02	1.964660646355982720e+01	1.275029214640338182e+01
1.433434474474474598e+02	1.964523279763066910e+01	1.275028822495299607e+01
1.435036066066066098e+02	1.964386921270657993e+01	1.275028435613982580e+01
1.436637657657657599e+02	1.964251563525964173e+01	1.275028053925732685e+01
1.438239249249249383e+02	1.964117199229156796e+01	1.275027677360843903e+01
1.439840840840840883e+02	1.963983821132997676e+01	1.275027305850546000e+01
1.441442432432432383e+02	1.963851422042471384e+01	1.275026939326991560e+01
1.443044024024023884e+02	1.963719994814416836e+01	1.275026577723244081e+01
1.444645615615615668e+02	1.963589532357164913e+01	1.275026220973265723e+01
1.446247207207207168e+02	1.963460027630173599e+01	1.275025869011904689e+01
1.447848798798798668e+02	1.963331473643671998e+01	1.275025521774883863e+01
1.449450390390390453e+02	1.963203863458299736e+01	1.275025179198788905e+01
1.451051981981981953e+02	1.963077190184755239e+01	1.275024841221056882e+01
1.452653573573573453e+02	1.962951446983440817e+01	1.275024507779964189e+01
1.454255165165165238e+02	1.962826627064114859e+01	1.275024178814616249e+01
1.455856756756756738e+02	1.962702723685542239e+01	1.275023854264935430e+01
1.457458348348348238e+02	1.962579730155150060e+01	1.275023534071650744e+01
1.459059939939940023e+02	1.962457639828684108e+01	1.275023218176286832e+01
1.460661531531531523e+02	1.962336446109868504e+01	1.275022906521152954e+01
1.462263123123123023e+02	1.962216142450067125e+01	1.275022599049333216e+01
1.463864714714714808e+02	1.962096722347946809e+01	1.275022295704675201e+01
1.465466306306306308e+02	1.961978179349143758e+01	1.275021996431780735e+01
1.467067897897897808e+02	1.961860507045932778e+01	1.275021701175994515e+01
1.468669489489489592e+02	1.961743699076895808e+01	1.275021409883395762e+01
1.470271081081081093e+02	1.961627749126596854e+01	1.275021122500786852e+01
1.471872672672672593e+02	1.961512650925254775e+01	1.275020838975684434e+01
1.473474264264264377e+02	1.961398398248422481e+01	1.275020559256309483e+01
1.475075855855855878e+02	1.961284984916665053e+01	1.275020283291578238e+01
1.476677447447447378e+02	1.961172404795240354e+01	1.275020011031092615e+01
1.478279039039039162e+02	1.961060651793785325e+01	1.275019742425130609e+01
1.479880630630630662e+02	1.960949719865999086e+01	1.275019477424638303e+01
1.481482222222222163e+02	1.960839603009332421e+01	1.275019215981219567e+01
1.483083813813813947e+02	1.960730295264676215e+01	1.275018958047128237e+01
1.484685405405405447e+02	1.960621790716055912e+01	1.275018703575259060e+01
1.486286996996996947e+02	1.960514083490323500e+01	1.275018452519138989e+01
1.487888588588588448e+02	1.960407167756854818e+01	1.275018204832918833e+01
1.489490180180180232e+02	1.960301037727247930e+01	1.275017960471364553e+01
1.491091771771771732e+02	1.960195687655022567e+01	1.275017719389849802e+01
1.492693363363363233e+02	1.960091111835323829e+01	1.275017481544346687e+01
1.494294954954955017e+02	1.959987304604625891e+01	1.275017246891418843e+01
1.495896546546546517e+02	1.959884260340438189e+01	1.275017015388212371e+01
1.497498138138138017e+02	1.959781973461014104e+01	1.275016786992449092e+01
1.499099729729729802e+02	1.959680438425062121e+01	1.275016561662418191e+01
1.500701321321321302e+02	1.959579649731456996e+01	1.275016339356968409e+01
1.502302912912912802e+02	1.959479601918955538e+01	1.275016120035501288e+01
1.503904504504504587e+02	1.959380289565910260e+01	1.275015903657963001e+01
1.505506096096096087e+02	1.959281707289991914e+01	1.275015690184837780e+01
1.507107687687687587e+02	1.959183849747904915e+01	1.275015479577139743e+01
1.508709279279279372e+02	1.959086711635113431e+01	1.275015271796406680e+01
1.510310870870870872e+02	1.958990287685562492e+01	1.275015066804692410e+01
1.511912462462462372e+02	1.958894572671405498e+01	1.275014864564560391e+01
1.513514054054054156e+02	1.958799561402731371e+01	1.275014665039076256e+01
1.515115645645645657e+02	1.958705248727294901e+01	1.275014468191801775e+01
1.516717237237237157e+02	1.958611629530246745e+01	1.275014273986787394e+01
1.518318828828828941e+02	1.958518698733868035e+01	1.275014082388566550e+01
1.519920420420420442e+02	1.958426451297305348e+01	1.275013893362148565e+01
1.521522012012011942e+02	1.958334882216306738e+01	1.275013706873012076e+01
1.523123603603603726e+02	1.958243986522962388e+01	1.275013522887099704e+01
1.524725195195195226e+02	1.958153759285442774e+01	1.275013341370810771e+01
1.526326786786786727e+02	1.958064195607743585e+01	1.275013162290995794e+01
1.527928378378378511e+02	1.957975290629427079e+01	1.275012985614950445e+01
1.529529969969970011e+02	1.957887039525370554e+01	1.275012811310408978e+01
1.531131561561561512e+02	1.957799437505513040e+01	1.275012639345539078e+01
1.532733153153153012e+02	1.957712479814604123e+01	1.275012469688935468e+01
1.534334744744744796e+02	1.957626161731954895e+01	1.275012302309614576e+01
1.535936336336336296e+02	1.957540478571192821e+01	1.275012137177008675e+01
1.537537927927927797e+02	1.957455425680013761e+01	1.275011974260960201e+01
1.539139519519519581e+02	1.957370998439940024e+01	1.275011813531716776e+01
1.540741111111111081e+02	1.957287192266077369e+01	1.275011654959925167e+01
1.542342702702702582e+02	1.957204002606874482e+01	1.275011498516625785e+01
1.543944294294294366e+02	1.957121424943884946e+01	1.275011344173248595e+01
1.545545885885885866e+02	1.957039454791530630e+01	1.275011191901606011e+01
1.547147477477477366e+02	1.956958087696864013e+01	1.275011041673889878e+01
1.548749069069069151e+02	1.956877319239336899e+01	1.275010893462664363e+01
1.550350660660660651e+02	1.956797145030566654e+01	1.275010747240862585e+01
1.551952252252252151e+02	1.956717560714106696e+01	1.275010602981780750e+01
1.553553843843843936e+02	1.956638561965216638e+01	1.275010460659073175e+01
1.555155435435435436e+02	1.956560144490635267e+01	1.275010320246748385e+01
1.556757027027026936e+02	1.956482304028354946e+01	1.275010181719163604e+01
1.558358618618618721e+02	1.956405036347397441e+01	1.275010045051019780e+01
1.559960210210210221e+02	1.956328337247590454e+01	1.275009910217358033e+01
1.561561801801801721e+02	1.956252202559347353e+01	1.275009777193554505e+01
1.563163393393393505e+02	1.956176628143447616e+01	1.275009645955315385e+01
1.564764984984985006e+02	1.956101609890818338e+01	1.275009516478673355e+01
1.566366576576576506e+02	1.956027143722317874e+01	1.275009388739982619e+01
1.567968168168168290e+02	1.955953225588520894e+01	1.275009262715914815e+01
1.569569759759759791e+02	1.955879851469504516e+01	1.275009138383454754e+01
1.571171351351351291e+02	1.955807017374637269e+01	1.275009015719896333e+01
1.572772942942943075e+02	1.955734719342367001e+01	1.275008894702837914e+01
1.574374534534534575e+02	1.955662953440013396e+01	1.275008775310178777e+01
1.575976126126126076e+02	1.955591715763559435e+01	1.275008657520114674e+01
1.577577717717717576e+02	1.955521002437445333e+01	1.275008541311134103e+01
1.579179309309309360e+02	1.955450809614364260e+01	1.275008426662014394e+01
1.580780900900900861e+02	1.955381133475057709e+01	1.275008313551817984e+01
1.582382492492492361e+02	1.955311970228116181e+01	1.275008201959887622e+01
1.583984084084084145e+02	1.955243316109776330e+01	1.275008091865844051e+01
1.585585675675675645e+02	1.955175167383723078e+01	1.275007983249581223e+01
1.587187267267267146e+02	1.955107520340891369e+01	1.275007876091263093e+01
1.588788858858858930e+02	1.955040371299270419e+01	1.275007770371319715e+01
1.590390450450450430e+02	1.954973716603709022e+01	1.275007666070444046e+01
1.591992042042041930e+02	1.954907552625721223e+01	1.275007563169587854e+01
1.593593633633633715e+02	1.954841875763295178e+01	1.275007461649959239e+01
1.595195225225225215e+02	1.954776682440700597e+01	1.275007361493017832e+01
1.596796816816816715e+02	1.954711969108301872e+01	1.275007262680472486e+01
1.598398408408408500e+02	1.954647732242367653e+01	1.275007165194277547e+01
1.600000000000000000e+02	1.954583968344885392e+01	1.275007069016629480e+01
