1.000000000000000021e-03	5.729999999999999716e+01	5.584993974493506386e+01
1.611591591591591544e-01	5.729999999999999716e+01	5.576313120426335956e+01
3.213183183183183078e-01	5.729999999999999716e+01	5.567556127940972033e+01
4.814774774774774890e-01	5.729999999999999716e+01	5.558723148252042279e+01
6.416366366366366147e-01	5.729999999999999716e+01	5.549814355204698302e+01
8.017957957957957404e-01	5.729999999999999716e+01	5.540829945588338035e+01
9.619549549549549772e-01	5.729999999999999716e+01	5.531770139440708078e+01
1.122114114114113992e+00	5.729999999999999716e+01	5.522635180341852390e+01
1.282273273273273118e+00	5.729999999999999716e+01	5.513425335697382934e+01
1.442432432432432243e+00	5.729999999999999716e+01	5.504140897010536548e+01
1.602591591591591369e+00	5.729999999999999716e+01	5.494782180142481565e+01
1.762750750750750495e+00	5.729999999999999716e+01	5.485349525560368988e+01
1.922909909909909842e+00	5.729999999999999716e+01	5.475843298572570461e+01
2.083069069069068746e+00	5.729999999999999716e+01	5.466263889550612731e+01
2.243228228228228094e+00	5.729999999999999716e+01	5.456611714137267199e+01
2.403387387387386998e+00	5.729999999999999716e+01	5.446887213440298581e+01
2.563546546546546345e+00	5.729999999999999716e+01	5.437090854211354696e+01
2.723705705705705693e+00	5.729999999999999716e+01	5.427223129009519909e+01
2.883864864864864597e+00	5.729999999999999716e+01	5.417284556349021329e+01
3.044024024024023944e+00	5.729999999999999716e+01	5.407275680830626641e+01
3.204183183183182848e+00	5.729999999999999716e+01	5.397197073256256772e+01
3.364342342342342196e+00	5.729999999999999716e+01	5.387049330726372176e+01
3.524501501501501100e+00	5.729999999999999716e+01	5.376833076719667304e+01
3.684660660660660447e+00	5.729999999999999716e+01	5.366548961154676078e+01
3.844819819819819795e+00	5.729999999999999716e+01	5.356197660432852103e+01
4.004978978978979143e+00	5.729999999999999716e+01	5.345779877462746299e+01
4.165138138138138046e+00	5.729999999999999716e+01	5.335296341664891884e+01
4.325297297297297838e+00	5.729999999999999716e+01	5.324747808957052086e+01
4.485456456456456742e+00	5.729999999999999716e+01	5.314135061719477449e+01
4.645615615615615646e+00	5.729999999999999716e+01	5.303458908739872868e+01
4.805774774774774549e+00	5.729999999999999716e+01	5.292720185137768141e+01
4.965933933933934341e+00	5.729999999999999716e+01	5.281919752268017731e+01
5.126093093093093245e+00	5.729999999999999716e+01	5.271058497603200266e+01
5.286252252252252148e+00	5.729999999999999716e+01	5.260137334594671898e+01
5.446411411411411940e+00	5.729999999999999716e+01	5.249157202512094500e+01
5.606570570570570844e+00	5.729999999999999716e+01	5.238119066261263157e+01
5.766729729729729748e+00	5.729999999999999716e+01	5.227023916180094432e+01
5.926888888888888651e+00	5.729999999999999716e+01	5.215872767812652455e+01
6.087048048048048443e+00	5.729999999999999716e+01	5.204666661661147486e+01
6.247207207207207347e+00	5.729999999999999716e+01	5.193406662915833749e+01
6.407366366366366250e+00	5.729999999999999716e+01	5.182093861162799442e+01
6.567525525525526042e+00	5.729999999999999716e+01	5.170729370069651765e+01
6.727684684684684946e+00	5.729999999999999716e+01	5.159314327049128934e+01
6.887843843843843850e+00	5.729999999999999716e+01	5.147849892900731561e+01
7.048003003003002753e+00	5.729999999999999716e+01	5.136337251430460071e+01
7.208162162162162545e+00	5.729999999999999716e+01	5.124777609048807392e+01
7.368321321321321449e+00	5.729999999999999716e+01	5.113172194347176713e+01
7.528480480480480352e+00	5.729999999999999716e+01	5.101522257652927550e+01
7.688639639639640144e+00	5.729999999999999716e+01	5.089829070563295943e+01
7.848798798798799048e+00	5.729999999999999716e+01	5.078093925458452418e+01
8.008957957957957063e+00	5.729999999999999716e+01	5.066318134994017441e+01
8.169117117117115967e+00	5.729999999999999716e+01	5.054503031573359806e+01
8.329276276276274871e+00	5.729999999999999716e+01	5.042649966800063766e+01
8.489435435435433774e+00	5.729999999999999716e+01	5.030760310910969224e+01
8.649594594594594454e+00	5.729999999999999716e+01	5.018835452190221957e+01
8.809753753753753358e+00	5.729999999999999716e+01	5.006876796364807802e+01
8.969912912912912262e+00	5.729999999999999716e+01	4.994885765982077430e+01
9.130072072072071165e+00	5.729999999999999716e+01	4.982863799769789637e+01
9.290231231231230069e+00	5.729999999999999716e+01	4.970812351979253663e+01
9.450390390390388973e+00	5.729999999999999716e+01	4.958732891712148216e+01
9.610549549549547876e+00	5.729999999999999716e+01	4.946626902231652423e+01
9.770708708708708556e+00	5.729999999999999716e+01	4.934495880258546663e+01
9.930867867867867460e+00	5.729999999999999716e+01	4.922341335252946237e+01
1.009102702702702636e+01	5.729999999999999716e+01	4.910164788682395454e+01
1.025118618618618527e+01	5.729999999999999716e+01	4.897967773277028414e+01
1.041134534534534417e+01	5.729999999999999716e+01	4.885751832272575967e+01
1.057150450450450307e+01	5.729999999999999716e+01	4.873518518641976272e+01
1.073166366366366198e+01	5.729999999999999716e+01	4.861269394316394710e+01
1.089182282282282266e+01	5.729999999999999716e+01	4.849006029396474560e+01
1.105198198198198156e+01	5.729999999999999716e+01	4.836730001354646191e+01
1.121214114114114047e+01	5.729999999999999716e+01	4.824442894229348155e+01
1.137230030030029937e+01	5.729999999999999716e+01	4.812146297812037687e+01
1.153245945945945827e+01	5.729999999999999716e+01	4.799841806827857482e+01
1.169261861861861718e+01	5.727707740887181842e+01	4.787531020110863267e+01
1.185277777777777608e+01	5.725270878317380863e+01	4.775215539774708873e+01
1.201293693693693676e+01	5.722834289990102263e+01	4.762896970379708250e+01
1.217309609609609566e+01	5.720397976523855732e+01	4.750576918097178236e+01
1.233325525525525457e+01	5.717961938536858923e+01	4.738256989872009228e+01
1.249341441441441347e+01	5.715526176647043854e+01	4.725938792584369708e+01
1.265357357357357238e+01	5.713090691472047666e+01	4.713623932211483947e+01
1.281373273273273128e+01	5.710655483629217599e+01	4.701314012990414426e+01
1.297389189189189018e+01	5.708220553735608860e+01	4.689010636582765557e+01
1.313405105105105086e+01	5.705785902407985333e+01	4.676715401242246628e+01
1.329421021021020977e+01	5.703351530262816738e+01	4.664429900985994948e+01
1.345436936936936867e+01	5.700917437916279340e+01	4.652155724770589984e+01
1.361452852852852757e+01	5.698483625984252399e+01	4.639894455673634610e+01
1.377468768768768648e+01	5.696050095082326692e+01	4.627647670081827158e+01
1.393484684684684538e+01	5.693616845825790307e+01	4.615416936886373378e+01
1.409500600600600428e+01	5.691183878829640008e+01	4.603203816686620797e+01
1.425516516516516496e+01	5.688751194708572001e+01	4.591009861002761738e+01
1.441532432432432387e+01	5.686318794076990457e+01	4.578836611498439879e+01
1.457548348348348277e+01	5.683886677548997568e+01	4.566685599214063274e+01
1.473564264264264168e+01	5.681454845738396386e+01	4.554558343811641663e+01
1.489580180180180058e+01	5.679023299258697222e+01	4.542456352831894151e+01
1.505596096096095948e+01	5.676592038723100586e+01	4.530381120964401021e+01
1.521612012012011839e+01	5.674161064744514960e+01	4.518334129331512372e+01
1.537627927927927907e+01	5.671730377935545420e+01	4.506316844786724118e+01
1.553643843843843797e+01	5.669299978908493642e+01	4.494330719228187832e+01
1.569659759759759687e+01	5.666869868275365008e+01	4.482377188928013112e+01
1.585675675675675578e+01	5.664440046647853677e+01	4.470457673877978522e+01
1.601691591591591646e+01	5.662010514637358938e+01	4.458573577152239409e+01
1.617707507507507714e+01	5.659581272854971701e+01	4.446726284287596798e+01
1.633723423423423426e+01	5.657152321911478765e+01	4.434917162681861669e+01
1.649739339339339494e+01	5.654723662417362817e+01	4.423147561010802775e+01
1.665755255255255207e+01	5.652295294982800300e+01	4.411418808664162583e+01
1.681771171171171275e+01	5.649867220217662833e+01	4.399732215201154872e+01
1.697787087087086988e+01	5.647439438731515793e+01	4.388089069825868194e+01
1.713803003003003056e+01	5.645011951133614048e+01	4.376490640882925476e+01
1.729818918918919124e+01	5.642584758032907644e+01	4.364938175373745821e+01
1.745834834834834837e+01	5.640157860038036830e+01	4.353432898493710468e+01
1.761850750750750905e+01	5.637731257757333481e+01	4.341976013190491557e+01
1.777866666666666617e+01	5.635304951798818962e+01	4.330568699743789551e+01
1.793882582582582685e+01	5.632878942770205555e+01	4.319212115366671867e+01
1.809898498498498398e+01	5.630453231278894322e+01	4.307907393828685372e+01
1.825914414414414466e+01	5.628027817931974397e+01	4.296655645100869947e+01
1.841930330330330534e+01	5.625602703336222987e+01	4.285457955022778265e+01
1.857946246246246247e+01	5.623177888098107502e+01	4.274315384991572841e+01
1.873962162162162315e+01	5.620753372823777028e+01	4.263228971673223100e+01
1.889978078078078028e+01	5.618329158119071565e+01	4.252199726735828023e+01
1.905993993993994096e+01	5.615905244589515632e+01	4.241228636605007551e+01
1.922009909909909808e+01	5.613481632840318269e+01	4.230316662241337156e+01
1.938025825825825876e+01	5.611058323476373033e+01	4.219464738939707615e+01
1.954041741741741944e+01	5.608635317102258711e+01	4.208673776150517654e+01
1.970057657657657657e+01	5.606212614322236476e+01	4.197944657322533146e+01
1.986073573573573725e+01	5.603790215740252023e+01	4.187278239767256593e+01
2.002089489489489438e+01	5.601368121959930590e+01	4.176675354544589425e+01
2.018105405405405506e+01	5.598946333584581225e+01	4.166136806369578949e+01
2.034121321321321219e+01	5.596524851217193941e+01	4.155663373539985628e+01
2.050137237237237287e+01	5.594103675460439717e+01	4.145255807884397825e+01
2.066153153153153355e+01	5.591682806916668369e+01	4.134914834730604127e+01
2.082169069069069067e+01	5.589262246187910677e+01	4.124641152893887863e+01
2.098184984984985135e+01	5.586841993875874124e+01	4.114435434684920523e+01
2.114200900900900848e+01	5.584422050581947872e+01	4.104298325936879621e+01
2.130216816816816916e+01	5.582002416907196363e+01	4.094230446051416550e+01
2.146232732732732629e+01	5.579583093452360032e+01	4.084232388063080066e+01
2.162248648648648697e+01	5.577164080817861702e+01	4.074304718721773355e+01
2.178264564564564765e+01	5.574745379603793793e+01	4.064447978592828292e+01
2.194280480480480477e+01	5.572326990409928271e+01	4.054662682174237887e+01
2.210296396396396545e+01	5.569908913835710251e+01	4.044949318030602115e+01
2.226312312312312258e+01	5.567491150480260131e+01	4.035308348943320311e+01
2.242328228228228326e+01	5.565073700942372170e+01	4.025740212076529900e+01
2.258344144144144039e+01	5.562656565820513066e+01	4.016245319158337423e+01
2.274360060060060107e+01	5.560239745712824089e+01	4.006824056676803991e+01
2.290375975975976175e+01	5.557823241217116106e+01	3.997476786090214063e+01
2.306391891891891888e+01	5.555407052930875267e+01	3.988203844051091096e+01
2.322407807807807956e+01	5.552991181451253766e+01	3.979005542643451321e+01
2.338423723723723668e+01	5.550575627375079790e+01	3.969882169632779778e+01
2.354439639639639736e+01	5.548160391298846861e+01	3.960833988728187904e+01
2.370455555555555449e+01	5.545745473818721649e+01	3.951861239856235386e+01
2.386471471471471517e+01	5.543330875530536872e+01	3.942964139445881955e+01
2.402487387387387585e+01	5.540916597029794843e+01	3.934142880724041902e+01
2.418503303303303298e+01	5.538502638911666054e+01	3.925397634021202009e+01
2.434519219219219366e+01	5.536089001770987750e+01	3.916728547086586332e+01
2.450535135135135079e+01	5.533675686202262511e+01	3.908135745412329243e+01
2.466551051051051147e+01	5.531262692799663228e+01	3.899619332566135910e+01
2.482566966966966859e+01	5.528850022157021016e+01	3.891179390531914351e+01
2.498582882882882927e+01	5.526437674867838723e+01	3.882815980057851135e+01
2.514598798798798995e+01	5.524025651525282399e+01	3.874529141011429090e+01
2.530614714714714708e+01	5.521613952722179164e+01	3.866318892740876123e+01
2.546630630630630776e+01	5.519202579051022894e+01	3.858185234442541400e+01
2.562646546546546489e+01	5.516791531103966406e+01	3.850128145533717117e+01
2.578662462462462557e+01	5.514380809472829981e+01	3.842147586030407069e+01
2.594678378378378270e+01	5.511970414749090708e+01	3.834243496929572359e+01
2.610694294294294338e+01	5.509560347523889590e+01	3.826415800595383132e+01
2.626710210210210406e+01	5.507150608388028701e+01	3.818664401149015930e+01
2.642726126126126118e+01	5.504741197931966923e+01	3.810989184861544743e+01
2.658742042042042186e+01	5.502332116745827051e+01	3.803390020549483808e+01
2.674757957957957899e+01	5.499923365419387267e+01	3.795866759972560089e+01
2.690773873873873967e+01	5.497514944542086823e+01	3.788419238233275621e+01
2.706789789789789680e+01	5.495106854703021781e+01	3.781047274177873874e+01
2.722805705705705748e+01	5.492699096490945720e+01	3.773750670798290230e+01
2.738821621621621816e+01	5.490291670494268317e+01	3.766529215634711392e+01
2.754837537537537528e+01	5.487884577301058187e+01	3.759382681178365715e+01
2.770853453453453596e+01	5.485477817499037911e+01	3.752310825274172146e+01
2.786869369369369309e+01	5.483071391675582618e+01	3.745313391522908120e+01
2.802885285285285377e+01	5.480665300417727792e+01	3.738390109682541151e+01
2.818901201201201090e+01	5.478259544312158624e+01	3.731540696068407215e+01
2.834917117117117158e+01	5.475854123945218532e+01	3.724764853951909060e+01
2.850933033033033226e+01	5.473449039902898505e+01	3.718062273957436759e+01
2.866948948948948939e+01	5.471044292770844919e+01	3.711432634457215585e+01
2.882964864864865007e+01	5.468639883134357405e+01	3.704875601963792064e+01
2.898980780780780719e+01	5.466235811578386006e+01	3.698390831519907351e+01
2.914996696696696787e+01	5.463832078687531180e+01	3.691977967085477985e+01
2.931012612612612500e+01	5.461428685046043796e+01	3.685636641921461631e+01
2.947028528528528568e+01	5.459025631237825849e+01	3.679366478970356269e+01
2.963044444444444636e+01	5.456622917846429033e+01	3.673167091233119663e+01
2.979060360360360349e+01	5.454220545455051905e+01	3.667038082142303068e+01
2.995076276276276417e+01	5.451818514646543434e+01	3.660979045931186704e+01
3.011092192192192130e+01	5.449416826003399450e+01	3.654989567998745059e+01
3.027108108108108198e+01	5.447015480107764063e+01	3.649069225270256567e+01
3.043124024024023910e+01	5.444614477541426822e+01	3.643217586553394938e+01
3.059139939939939978e+01	5.442213818885824139e+01	3.637434212889643703e+01
3.075155855855856046e+01	5.439813504722038573e+01	3.631718657900897540e+01
3.091171771771771759e+01	5.437413535630797412e+01	3.626070468131111113e+01
3.107187687687687827e+01	5.435013912192473384e+01	3.620489183382870380e+01
3.123203603603603540e+01	5.432614634987082525e+01	3.614974337048774800e+01
3.139219519519519608e+01	5.430215704594285597e+01	3.609525456437529556e+01
3.155235435435435321e+01	5.427817121593385963e+01	3.604142063094645465e+01
3.171251351351351389e+01	5.425418886563329579e+01	3.598823673117664157e+01
3.187267267267267101e+01	5.423021000082702869e+01	3.593569797465836757e+01
3.203283183183182814e+01	5.420623462729739828e+01	3.588379942264178624e+01
3.219299099099098527e+01	5.418226275082307097e+01	3.583253609101844006e+01
3.235315015015014950e+01	5.415829437717918893e+01	3.578190295324774439e+01
3.251330930930930663e+01	5.413432951213726341e+01	3.573189494322568294e+01
3.267346846846846375e+01	5.411036816146519612e+01	3.568250695809536666e+01
3.283362762762762088e+01	5.408641033092730765e+01	3.563373386099924289e+01
3.299378678678678511e+01	5.406245602628425928e+01	3.558557048377263499e+01
3.315394594594594224e+01	5.403850525329315246e+01	3.553801162957850579e+01
3.331410510510509937e+01	5.401455801770740806e+01	3.549105207548337404e+01
3.347426426426426360e+01	5.399061432527685156e+01	3.544468657497433384e+01
3.363442342342342073e+01	5.396667418174765629e+01	3.539890986041719145e+01
3.379458258258257786e+01	5.394273759286237180e+01	3.535371664545588999e+01
3.395474174174173498e+01	5.391880456435987412e+01	3.530910162735328583e+01
3.411490090090089922e+01	5.389487510197542974e+01	3.526505948927351142e+01
3.427506006006005634e+01	5.387094921144062454e+01	3.522158490250620133e+01
3.443521921921921347e+01	5.384702689848337798e+01	3.517867252863282346e+01
3.459537837837837770e+01	5.382310816882795734e+01	3.513631702163553427e+01
3.475553753753753483e+01	5.379919302819497062e+01	3.509451302994883548e+01
3.491569669669669196e+01	5.377528148230130967e+01	3.505325519845459326e+01
3.507585585585584909e+01	5.375137353686024255e+01	3.501253817042076832e+01
3.523601501501501332e+01	5.372746919758132123e+01	3.497235658938441105e+01
3.539617417417417045e+01	5.370356847017038149e+01	3.493270510097948289e+01
3.555633333333332757e+01	5.367967136032962827e+01	3.489357835471000158e+01
3.571649249249249181e+01	5.365577787375750773e+01	3.485497100566916373e+01
3.587665165165164893e+01	5.363188801614879253e+01	3.481687771620504179e+01
3.603681081081080606e+01	5.360800179319453207e+01	3.477929315753349471e+01
3.619696996996996319e+01	5.358411921058206673e+01	3.474221201129903847e+01
3.635712912912912742e+01	5.356024027399502074e+01	3.470562897108426625e+01
3.651728828828828455e+01	5.353636498911327379e+01	3.466953874386858558e+01
3.667744744744744168e+01	5.351249336161301073e+01	3.463393605143704690e+01
3.683760660660660591e+01	5.348862539716665054e+01	3.459881563173993868e+01
3.699776576576576304e+01	5.346476110144287475e+01	3.456417224020394485e+01
3.715792492492492016e+01	5.344090048010664873e+01	3.453000065099573135e+01
3.731808408408407729e+01	5.341704353881915779e+01	3.449629565823852317e+01
3.747824324324324152e+01	5.339319028323782845e+01	3.446305207718280172e+01
3.763840240240239865e+01	5.336934071901637822e+01	3.443026474533164105e+01
3.779856156156155578e+01	5.334549485180469475e+01	3.439792852352162811e+01
3.795872072072072001e+01	5.332165268724894247e+01	3.436603829696026224e+01
3.811887987987987714e+01	5.329781423099149862e+01	3.433458897622054451e+01
3.827903903903903426e+01	5.327397948867094613e+01	3.430357549819360941e+01
3.843919819819819139e+01	5.325014846592210915e+01	3.427299282700032279e+01
3.859935735735735562e+01	5.322632116837602467e+01	3.424283595486265597e+01
3.875951651651651275e+01	5.320249760165990693e+01	3.421309990293557490e+01
3.891967567567566988e+01	5.317867777139720431e+01	3.418377972210046067e+01
3.907983483483483411e+01	5.315486168320753535e+01	3.415487049372076456e+01
3.923999399399399124e+01	5.313104934270673141e+01	3.412636733036083569e+01
3.940015315315314837e+01	5.310724075550680112e+01	3.409826537646864608e+01
3.956031231231230549e+01	5.308343592721594462e+01	3.407055980902341474e+01
3.972047147147146973e+01	5.305963486343853219e+01	3.404324583814876348e+01
3.988063063063062685e+01	5.303583756977511143e+01	3.401631870769243449e+01
4.004078978978978398e+01	5.301204405182238588e+01	3.398977369577318797e+01
4.020094894894894821e+01	5.298825431517326479e+01	3.396360611529587459e+01
4.036110810810810534e+01	5.296446836541674941e+01	3.393781131443537902e+01
4.052126726726726247e+01	5.294068620813804671e+01	3.391238467709027304e+01
4.068142642642641960e+01	5.291690784891851251e+01	3.388732162330695274e+01
4.084158558558558383e+01	5.289313329333560176e+01	3.386261760967511236e+01
4.100174474474474096e+01	5.286936254696297510e+01	3.383826812969522280e+01
4.116190390390389808e+01	5.284559561537037098e+01	3.381426871411887447e+01
4.132206306306306232e+01	5.282183250412369802e+01	3.379061493126266669e+01
4.148222222222221944e+01	5.279807321878494974e+01	3.376730238729652456e+01
4.164238138138137657e+01	5.277431776491230409e+01	3.374432672650697640e+01
4.180254054054053370e+01	5.275056614805999544e+01	3.372168363153632953e+01
4.196269969969969793e+01	5.272681837377838576e+01	3.369936882359830577e+01
4.212285885885885506e+01	5.270307444761397164e+01	3.367737806267095380e+01
4.228301801801801219e+01	5.267933437510931327e+01	3.365570714766747784e+01
4.244317717717717642e+01	5.265559816180310548e+01	3.363435191658561507e+01
4.260333633633633355e+01	5.263186581323011382e+01	3.361330824663642147e+01
4.276349549549549067e+01	5.260813733492120292e+01	3.359257205435287119e+01
4.292365465465464780e+01	5.258441273240330105e+01	3.357213929567915045e+01
4.308381381381381203e+01	5.256069201119944978e+01	3.355200596604114338e+01
4.324397297297296916e+01	5.253697517682873297e+01	3.353216810039879192e+01
4.340413213213212629e+01	5.251326223480631938e+01	3.351262177328091241e+01
4.356429129129129052e+01	5.248955319064346980e+01	3.349336309880314388e+01
4.372445045045044765e+01	5.246584804984745176e+01	3.347438823066951841e+01
4.388460960960960477e+01	5.244214681792163191e+01	3.345569336215829992e+01
4.404476876876876190e+01	5.241844950036541206e+01	3.343727472609265305e+01
4.420492792792792613e+01	5.239475610267424344e+01	3.341912859479668185e+01
4.436508708708708326e+01	5.237106663033964082e+01	3.340125128003738553e+01
4.452524624624624039e+01	5.234738108884911156e+01	3.338363913295303576e+01
4.468540540540540462e+01	5.232369948368624790e+01	3.336628854396858657e+01
4.484556456456456175e+01	5.230002182033062041e+01	3.334919594269851473e+01
4.500572372372371888e+01	5.227634810425788459e+01	3.333235779783763064e+01
4.516588288288287600e+01	5.225267834093966002e+01	3.331577061704039266e+01
4.532604204204204024e+01	5.222901253584362280e+01	3.329943094678909432e+01
4.548620120120119736e+01	5.220535069443343446e+01	3.328333537225149996e+01
4.564636036036035449e+01	5.218169282216877747e+01	3.326748051712829124e+01
4.580651951951951872e+01	5.215803892450531976e+01	3.325186304349082889e+01
4.596667867867867585e+01	5.213438900689477151e+01	3.323647965160958506e+01
4.612683783783783298e+01	5.211074307478478573e+01	3.322132707977375077e+01
4.628699699699699011e+01	5.208710113361901506e+01	3.320640210410233806e+01
4.644715615615615434e+01	5.206346318883711888e+01	3.319170153834725312e+01
4.660731531531531147e+01	5.203982924587472780e+01	3.317722223368868839e+01
4.676747447447446859e+01	5.201619931016344367e+01	3.316296107852315345e+01
4.692763363363363283e+01	5.199257338713083243e+01	3.314891499824463494e+01
4.708779279279278995e+01	5.196895148220044547e+01	3.313508095501912720e+01
4.724795195195194708e+01	5.194533360079177697e+01	3.312145594755292421e+01
4.740811111111110421e+01	5.192171974832029946e+01	3.310803701085503548e+01
4.756827027027026844e+01	5.189810993019742824e+01	3.309482121599398141e+01
4.772842942942942557e+01	5.187450415183053565e+01	3.308180566984933790e+01
4.788858858858858270e+01	5.185090241862292970e+01	3.306898751485833543e+01
4.804874774774774693e+01	5.182730473597386123e+01	3.305636392875778284e+01
4.820890690690690406e+01	5.180371110927852385e+01	3.304393212432161420e+01
4.836906606606606118e+01	5.178012154392803268e+01	3.303168934909435706e+01
4.852922522522521831e+01	5.175653604530943852e+01	3.301963288512078520e+01
4.868938438438438254e+01	5.173295461880572077e+01	3.300776004867197599e+01
4.884954354354353967e+01	5.170937726979576610e+01	3.299606818996811342e+01
4.900970270270269680e+01	5.168580400365439687e+01	3.298455469289820030e+01
4.916986186186186103e+01	5.166223482575231429e+01	3.297321697473694968e+01
4.933002102102101816e+01	5.163866974145615529e+01	3.296205248585912528e+01
4.949018018018017528e+01	5.161510875612842852e+01	3.295105870945146620e+01
4.965033933933933241e+01	5.159155187512758545e+01	3.294023316122249412e+01
4.981049849849849664e+01	5.156799910380792795e+01	3.292957338911038789e+01
4.997065765765765377e+01	5.154445044751966520e+01	3.291907697298907465e+01
5.013081681681681090e+01	5.152090591160889943e+01	3.290874152437283584e+01
5.029097597597597513e+01	5.149736550141759750e+01	3.289856468611947804e+01
5.045113513513513226e+01	5.147382922228360513e+01	3.288854413213243078e+01
5.061129429429428939e+01	5.145029707954066112e+01	3.287867756706172173e+01
5.077145345345344651e+01	5.142676907851835466e+01	3.286896272600422719e+01
5.093161261261261075e+01	5.140324522454211831e+01	3.285939737420316931e+01
5.109177177177176787e+01	5.137972552293329898e+01	3.284997930674713729e+01
5.125193093093092500e+01	5.135620997900904428e+01	3.284070634826873203e+01
5.141209009009008923e+01	5.133269859808239488e+01	3.283157635264300467e+01
5.157224924924924636e+01	5.130919138546220637e+01	3.282258720268577434e+01
5.173240840840840349e+01	5.128568834645319896e+01	3.281373680985200991e+01
5.189256756756756062e+01	5.126218948635592909e+01	3.280502311393442483e+01
5.205272672672672485e+01	5.123869481046676100e+01	3.279644408276234202e+01
5.221288588588588198e+01	5.121520432407795909e+01	3.278799771190094248e+01
5.237304504504503910e+01	5.119171803247752450e+01	3.277968202435113199e+01
5.253320420420420334e+01	5.116823594094933725e+01	3.277149507024996922e+01
5.269336336336336046e+01	5.114475805477310644e+01	3.276343492657187539e+01
5.285352252252251759e+01	5.112128437922429924e+01	3.275549969683068241e+01
5.301368168168167472e+01	5.109781491957424748e+01	3.274768751078262596e+01
5.317384084084083895e+01	5.107434968109005524e+01	3.273999652413031924e+01
5.333399999999999608e+01	5.105088866903464861e+01	3.273242491822793454e+01
5.349415915915915321e+01	5.102743188866674018e+01	3.272497089978748619e+01
5.365431831831831744e+01	5.100397934524083610e+01	3.271763270058645645e+01
5.381447747747747457e+01	5.098053104400725744e+01	3.271040857717672878e+01
5.397463663663663169e+01	5.095708699021206911e+01	3.270329681059499194e+01
5.413479579579578882e+01	5.093364718909715094e+01	3.269629570607457936e+01
5.429495495495495305e+01	5.091021164590015502e+01	3.268940359275891439e+01
5.445511411411411018e+01	5.088678036585448439e+01	3.268261882341653290e+01
5.461527327327326731e+01	5.086335335418933568e+01	3.267593977415781126e+01
5.477543243243243154e+01	5.083993061612967068e+01	3.266936484415340658e+01
5.493559159159158867e+01	5.081651215689621637e+01	3.266289245535447350e+01
5.509575075075074579e+01	5.079309798170542223e+01	3.265652105221470691e+01
5.525590990990990292e+01	5.076968809576953845e+01	3.265024910141430325e+01
5.541606906906906715e+01	5.074628250429653775e+01	3.264407509158579046e+01
5.557622822822822428e+01	5.072288121249014381e+01	3.263799753304181905e+01
5.573638738738738141e+01	5.069948422554984546e+01	3.263201495750500669e+01
5.589654654654654564e+01	5.067609154867081855e+01	3.262612591783972960e+01
5.605670570570570277e+01	5.065270318704401831e+01	3.262032898778608114e+01
5.621686486486485990e+01	5.062931914585610826e+01	3.261462276169581997e+01
5.637702402402401702e+01	5.060593943028949582e+01	3.260900585427053500e+01
5.653718318318318126e+01	5.058256404552229668e+01	3.260347690030193490e+01
5.669734234234233838e+01	5.055919299672834910e+01	3.259803455441426934e+01
5.685750150150149551e+01	5.053582628907720675e+01	3.259267749080901666e+01
5.701766066066065974e+01	5.051246392773413163e+01	3.258740440301176733e+01
5.717781981981981687e+01	5.048910591786007984e+01	3.258221400362131703e+01
5.733797897897897400e+01	5.046575226461175134e+01	3.257710502406107622e+01
5.749813813813813113e+01	5.044240297314150467e+01	3.257207621433267519e+01
5.765829729729729536e+01	5.041905804859741380e+01	3.256712634277193530e+01
5.781845645645645249e+01	5.039571749612323259e+01	3.256225419580706415e+01
5.797861561561560961e+01	5.037238132085842324e+01	3.255745857771921692e+01
5.813877477477477385e+01	5.034904952793809230e+01	3.255273831040531718e+01
5.829893393393393097e+01	5.032572212249308308e+01	3.254809223314326516e+01
5.845909309309308810e+01	5.030239910964986194e+01	3.254351920235941975e+01
5.861925225225224523e+01	5.027908049453059647e+01	3.253901809139842527e+01
5.877941141141140946e+01	5.025576628225311993e+01	3.253458779029541859e+01
5.893957057057056659e+01	5.023245647793092417e+01	3.253022720555052416e+01
5.909972972972972372e+01	5.020915108667315252e+01	3.252593525990571521e+01
5.925988888888888795e+01	5.018585011358464953e+01	3.252171089212399835e+01
5.942004804804804508e+01	5.016255356376586150e+01	3.251755305677100694e+01
5.958020720720720220e+01	5.013926144231290749e+01	3.251346072399879006e+01
5.974036636636635933e+01	5.011597375431755808e+01	3.250943287933211678e+01
5.990052552552552356e+01	5.009269050486722108e+01	3.250546852345696180e+01
6.006068468468468069e+01	5.006941169904493449e+01	3.250156667201139982e+01
6.022084384384383782e+01	5.004613734192938068e+01	3.249772635537878074e+01
6.038100300300300205e+01	5.002286743859487217e+01	3.249394661848327814e+01
6.054116216216215918e+01	4.999960199411135875e+01	3.249022652058764038e+01
6.070132132132131630e+01	4.997634101354439196e+01	3.248656513509335753e+01
6.086148048048047343e+01	4.995308450195516770e+01	3.248296154934305235e+01
6.102163963963963766e+01	4.992983246440048362e+01	3.247941486442515213e+01
6.118179879879879479e+01	4.990658490593274621e+01	3.247592419498083416e+01
6.134195795795795192e+01	4.988334183159999924e+01	3.247248866901328768e+01
6.150211711711711615e+01	4.986010324644586689e+01	3.246910742769912872e+01
6.166227627627627328e+01	4.983686915550956797e+01	3.246577962520215266e+01
6.182243543543543041e+01	4.981363956382593727e+01	3.246250442848920414e+01
6.198259459459458753e+01	4.979041447642541840e+01	3.245928101714836345e+01
6.214275375375375177e+01	4.976719389833402118e+01	3.245610858320927861e+01
6.230291291291290889e+01	4.974397783457333588e+01	3.245298633096566476e+01
6.246307207207206602e+01	4.972076629016058291e+01	3.244991347680003457e+01
6.262323123123122315e+01	4.969755927010852048e+01	3.244688924901051763e+01
6.278339039039038738e+01	4.967435677942548722e+01	3.244391288763989678e+01
6.294354954954954451e+01	4.965115882311542350e+01	3.244098364430668369e+01
6.310370870870870164e+01	4.962796540617780039e+01	3.243810078203838998e+01
6.326386786786786587e+01	4.960477653360768358e+01	3.243526357510681635e+01
6.342402702702702300e+01	4.958159221039571918e+01	3.243247130886550877e+01
6.358418618618618012e+01	4.955841244152805558e+01	3.242972327958919720e+01
6.374434534534533725e+01	4.953523723198645001e+01	3.242701879431531609e+01
6.390450450450450148e+01	4.951206658674818328e+01	3.242435717068754997e+01
6.406466366366366572e+01	4.948890051078610242e+01	3.242173773680141124e+01
6.422482282282282995e+01	4.946573900906859222e+01	3.241915983105177901e+01
6.438498198198197997e+01	4.944258208655956821e+01	3.241662280198243451e+01
6.454514114114114420e+01	4.941942974821851209e+01	3.241412600813756484e+01
6.470530030030030844e+01	4.939628199900041494e+01	3.241166881791517085e+01
6.486545945945945846e+01	4.937313884385581275e+01	3.240925060942247171e+01
6.502561861861862269e+01	4.935000028773076508e+01	3.240687077033314267e+01
6.518577777777778692e+01	4.932686633556686218e+01	3.240452869774648548e+01
6.534593693693693695e+01	4.930373699230120366e+01	3.240222379804843911e+01
6.550609609609610118e+01	4.928061226286641983e+01	3.239995548677450188e+01
6.566625525525525120e+01	4.925749215219065036e+01	3.239772318847440147e+01
6.582641441441441543e+01	4.923437666519755140e+01	3.239552633657865499e+01
6.598657357357357967e+01	4.921126580680628138e+01	3.239336437326689122e+01
6.614673273273272969e+01	4.918815958193150095e+01	3.239123674933798469e+01
6.630689189189189392e+01	4.916505799548336597e+01	3.238914292408186668e+01
6.646705105105105815e+01	4.914196105236755585e+01	3.238708236515321914e+01
6.662721021021020817e+01	4.911886875748520964e+01	3.238505454844675313e+01
6.678736936936937241e+01	4.909578111573299708e+01	3.238305895797427780e+01
6.694752852852853664e+01	4.907269813200304043e+01	3.238109508574343209e+01
6.710768768768768666e+01	4.904961981118296421e+01	3.237916243163808616e+01
6.726784684684685089e+01	4.902654615815587391e+01	3.237726050330039840e+01
6.742800600600601513e+01	4.900347717780034884e+01	3.237538881601448537e+01
6.758816516516516515e+01	4.898041287499043506e+01	3.237354689259176155e+01
6.774832432432432938e+01	4.895735325459566667e+01	3.237173426325777115e+01
6.790848348348347940e+01	4.893429832148103031e+01	3.236995046554073951e+01
6.806864264264264364e+01	4.891124808050698647e+01	3.236819504416154558e+01
6.822880180180180787e+01	4.888820253652946235e+01	3.236646755092532857e+01
6.838896096096095789e+01	4.886516169439983059e+01	3.236476754461460814e+01
6.854912012012012212e+01	4.884212555896491637e+01	3.236309459088383989e+01
6.870927927927928636e+01	4.881909413506701156e+01	3.236144826215556236e+01
6.886943843843843638e+01	4.879606742754386062e+01	3.235982813751793685e+01
6.902959759759760061e+01	4.877304544122862495e+01	3.235823380262379345e+01
6.918975675675676484e+01	4.875002818094992563e+01	3.235666484959105560e+01
6.934991591591591487e+01	4.872701565153184333e+01	3.235512087690464256e+01
6.951007507507507910e+01	4.870400785779384734e+01	3.235360148931972901e+01
6.967023423423424333e+01	4.868100480455088075e+01	3.235210629776642577e+01
6.983039339339339335e+01	4.865800649661328947e+01	3.235063491925580337e+01
6.999055255255255759e+01	4.863501293878686482e+01	3.234918697678724442e+01
7.015071171171170761e+01	4.861202413587282223e+01	3.234776209925719570e+01
7.031087087087087184e+01	4.858904009266776569e+01	3.234635992136917082e+01
7.047103003003003607e+01	4.856606081396375885e+01	3.234498008354509579e+01
7.063118918918918610e+01	4.854308630454826101e+01	3.234362223183789098e+01
7.079134834834835033e+01	4.852011656920412008e+01	3.234228601784541013e+01
7.095150750750751456e+01	4.849715161270961516e+01	3.234097109862550212e+01
7.111166666666666458e+01	4.847419143983844236e+01	3.233967713661242271e+01
7.127182582582582882e+01	4.845123605535965794e+01	3.233840379953442579e+01
7.143198498498499305e+01	4.842828546403776357e+01	3.233715076033251279e+01
7.159214414414414307e+01	4.840533967063262111e+01	3.233591769708045405e+01
7.175230330330330730e+01	4.838239867989949516e+01	3.233470429290589720e+01
7.191246246246247154e+01	4.835946249658904605e+01	3.233351023591271201e+01
7.207262162162162156e+01	4.833653112544730845e+01	3.233233521910441510e+01
7.223278078078078579e+01	4.831360457121570562e+01	3.233117894030876016e+01
7.239293993993993581e+01	4.829068283863106359e+01	3.233004110210340798e+01
7.255309909909910004e+01	4.826776593242552593e+01	3.232892141174272638e+01
7.271325825825826428e+01	4.824485385732667453e+01	3.232781958108565590e+01
7.287341741741741430e+01	4.822194661805742300e+01	3.232673532652462001e+01
7.303357657657657853e+01	4.819904421933605221e+01	3.232566836891555084e+01
7.319373573573574276e+01	4.817614666587624583e+01	3.232461843350888842e+01
7.335389489489489279e+01	4.815325396238701217e+01	3.232358524988163850e+01
7.351405405405405702e+01	4.813036611357273387e+01	3.232256855187043953e+01
7.367421321321322125e+01	4.810748312413313243e+01	3.232156807750563843e+01
7.383437237237237127e+01	4.808460499876329663e+01	3.232058356894629014e+01
7.399453153153153551e+01	4.806173174215368249e+01	3.231961477241622305e+01
7.415469069069069974e+01	4.803886335899005644e+01	3.231866143814098535e+01
7.431484984984984976e+01	4.801599985395356640e+01	3.231772332028576500e+01
7.447500900900901399e+01	4.799314123172066360e+01	3.231680017689423323e+01
7.463516816816816402e+01	4.797028749696315941e+01	3.231589176982831901e+01
7.479532732732732825e+01	4.794743865434820407e+01	3.231499786470885738e+01
7.495548648648649248e+01	4.792459470853827952e+01	3.231411823085717572e+01
7.511564564564564250e+01	4.790175566419118525e+01	3.231325264123753982e+01
7.527580480480480674e+01	4.787892152596005957e+01	3.231240087240041703e+01
7.543596396396397097e+01	4.785609229849334412e+01	3.231156270442669864e+01
7.559612312312312099e+01	4.783326798643484778e+01	3.231073792087267549e+01
7.575628228228228522e+01	4.781044859442363304e+01	3.230992630871588034e+01
7.591644144144144946e+01	4.778763412709414382e+01	3.230912765830175459e+01
7.607660060060059948e+01	4.776482458907609185e+01	3.230834176329112495e+01
7.623675975975976371e+01	4.774201998499451349e+01	3.230756842060844747e+01
7.639691891891892794e+01	4.771922031946974840e+01	3.230680743039085456e+01
7.655707807807807797e+01	4.769642559711745378e+01	3.230605859593801199e+01
7.671723723723724220e+01	4.767363582254855459e+01	3.230532172366267218e+01
7.687739639639639222e+01	4.765085100036933596e+01	3.230459662304202340e+01
7.703755555555555645e+01	4.762807113518130109e+01	3.230388310656977779e+01
7.719771471471472069e+01	4.760529623158131329e+01	3.230318098970897722e+01
7.735787387387387071e+01	4.758252629416148949e+01	3.230249009084550238e+01
7.751803303303303494e+01	4.755976132750924279e+01	3.230181023124235651e+01
7.767819219219219917e+01	4.753700133620728252e+01	3.230114123499456724e+01
7.783835135135134919e+01	4.751424632483357868e+01	3.230048292898483453e+01
7.799851051051051343e+01	4.749149629796139038e+01	3.229983514283983226e+01
7.815866966966967766e+01	4.746875126015928714e+01	3.229919770888717778e+01
7.831882882882882768e+01	4.744601121599103521e+01	3.229857046211309068e+01
7.847898798798799191e+01	4.742327617001575391e+01	3.229795324012066260e+01
7.863914714714715615e+01	4.740054612678775925e+01	3.229734588308877363e+01
7.879930630630630617e+01	4.737782109085671323e+01	3.229674823373169090e+01
7.895946546546547040e+01	4.735510106676747455e+01	3.229616013725920709e+01
7.911962462462462042e+01	4.733238605906019103e+01	3.229558144133744690e+01
7.927978378378378466e+01	4.730967607227027116e+01	3.229501199605027040e+01
7.943994294294294889e+01	4.728697111092834859e+01	3.229445165386126604e+01
7.960010210210209891e+01	4.726427117956035318e+01	3.229390026957630511e+01
7.976026126126126314e+01	4.724157628268743991e+01	3.229335770030673558e+01
7.992042042042042738e+01	4.721888642482601739e+01	3.229282380543305919e+01
8.008057957957957740e+01	4.719620161048774065e+01	3.229229844656924087e+01
8.024073873873874163e+01	4.717352184417948280e+01	3.229178148752755817e+01
8.040089789789790586e+01	4.715084713040342024e+01	3.229127279428394814e+01
8.056105705705705589e+01	4.712817747365689058e+01	3.229077223494392967e+01
8.072121621621622012e+01	4.710551287843251345e+01	3.229027967970908009e+01
8.088137537537538435e+01	4.708285334921813359e+01	3.228979500084393806e+01
8.104153453453453437e+01	4.706019889049680671e+01	3.228931807264354603e+01
8.120169369369369861e+01	4.703754950674684210e+01	3.228884877140136922e+01
8.136185285285284863e+01	4.701490520244175997e+01	3.228838697537779723e+01
8.152201201201201286e+01	4.699226598205029148e+01	3.228793256476912887e+01
8.168217117117117709e+01	4.696963185003641428e+01	3.228748542167698332e+01
8.184233033033032712e+01	4.694700281085930271e+01	3.228704543007823702e+01
8.200248948948949135e+01	4.692437886897334209e+01	3.228661247579542248e+01
8.216264864864865558e+01	4.690176002882815709e+01	3.228618644646756763e+01
8.232280780780780560e+01	4.687914629486854778e+01	3.228576723152149697e+01
8.248296696696696984e+01	4.685653767153454652e+01	3.228535472214360880e+01
8.264312612612613407e+01	4.683393416326138237e+01	3.228494881125202909e+01
8.280328528528528409e+01	4.681133577447946692e+01	3.228454939346924846e+01
8.296344444444444832e+01	4.678874250961446535e+01	3.228415636509519260e+01
8.312360360360359834e+01	4.676615437308717560e+01	3.228376962408067641e+01
8.328376276276276258e+01	4.674357136931362788e+01	3.228338907000128444e+01
8.344392192192192681e+01	4.672099350270504914e+01	3.228301460403167766e+01
8.360408108108107683e+01	4.669842077766783461e+01	3.228264612892029817e+01
8.376424024024024106e+01	4.667585319860358339e+01	3.228228354896442198e+01
8.392439939939940530e+01	4.665329076990906287e+01	3.228192676998567379e+01
8.408455855855855532e+01	4.663073349597625139e+01	3.228157569930587556e+01
8.424471771771771955e+01	4.660818138119228848e+01	3.228123024572330024e+01
8.440487687687688378e+01	4.658563442993948911e+01	3.228089031948926646e+01
8.456503603603603381e+01	4.656309264659533653e+01	3.228055583228512404e+01
8.472519519519519804e+01	4.654055603553253206e+01	3.228022669719960902e+01
8.488535435435436227e+01	4.651802460111889559e+01	3.227990282870650418e+01
8.504551351351351229e+01	4.649549834771745083e+01	3.227958414264273301e+01
8.520567267267267653e+01	4.647297727968636849e+01	3.227927055618670238e+01
8.536583183183182655e+01	4.645046140137899471e+01	3.227896198783704307e+01
8.552599099099099078e+01	4.642795071714382971e+01	3.227865835739169142e+01
8.568615015015015501e+01	4.640544523132454202e+01	3.227835958592726229e+01
8.584630930930930504e+01	4.638294494825994718e+01	3.227806559577875589e+01
8.600646846846846927e+01	4.636044987228403613e+01	3.227777631051960583e+01
8.616662762762763350e+01	4.633796000772591839e+01	3.227749165494201833e+01
8.632678678678678352e+01	4.631547535890988598e+01	3.227721155503763129e+01
8.648694594594594776e+01	4.629299593015537084e+01	3.227693593797846461e+01
8.664710510510511199e+01	4.627052172577694478e+01	3.227666473209819031e+01
8.680726426426426201e+01	4.624805275008433370e+01	3.227639786687367263e+01
8.696742342342342624e+01	4.622558900738238208e+01	3.227613527290683493e+01
8.712758258258259048e+01	4.620313050197110982e+01	3.227587688190676118e+01
8.728774174174174050e+01	4.618067723814565539e+01	3.227562262667212423e+01
8.744790090090090473e+01	4.615822922019627583e+01	3.227537244107387693e+01
8.760806006006005475e+01	4.613578645240840359e+01	3.227512626003818497e+01
8.776821921921921899e+01	4.611334893906254706e+01	3.227488401952970776e+01
8.792837837837838322e+01	4.609091668443439005e+01	3.227464565653504280e+01
8.808853753753753324e+01	4.606848969279473494e+01	3.227441110904650401e+01
8.824869669669669747e+01	4.604606796840948135e+01	3.227418031604612736e+01
8.840885585585586171e+01	4.602365151553969014e+01	3.227395321748993240e+01
8.856901501501501173e+01	4.600124033844149807e+01	3.227372975429242530e+01
8.872917417417417596e+01	4.597883444136620312e+01	3.227350986831138613e+01
8.888933333333334019e+01	4.595643382856017922e+01	3.227329350233281957e+01
8.904949249249249021e+01	4.593403850426496859e+01	3.227308060005621826e+01
8.920965165165165445e+01	4.591164847271716809e+01	3.227287110608001797e+01
8.936981081081081868e+01	4.588926373814850734e+01	3.227266496588730149e+01
8.952996996996996870e+01	4.586688430478582745e+01	3.227246212583170859e+01
8.969012912912913293e+01	4.584451017685108098e+01	3.227226253312358750e+01
8.985028828828828296e+01	4.582214135856131065e+01	3.227206613581637384e+01
9.001044744744744719e+01	4.579977785412866353e+01	3.227187288279313293e+01
9.017060660660661142e+01	4.577741966776038396e+01	3.227168272375337921e+01
9.033076576576576144e+01	4.575506680365882772e+01	3.227149560920007332e+01
9.049092492492492568e+01	4.573271926602142656e+01	3.227131149042681812e+01
9.065108408408408991e+01	4.571037705904072368e+01	3.227113031950528210e+01
9.081124324324323993e+01	4.568804018690433821e+01	3.227095204927278616e+01
9.097140240240240416e+01	4.566570865379499367e+01	3.227077663332013202e+01
9.113156156156156840e+01	4.564338246389048237e+01	3.227060402597958699e+01
9.129172072072071842e+01	4.562106162136370813e+01	3.227043418231305338e+01
9.145187987987988265e+01	4.559874613038263647e+01	3.227026705810049378e+01
9.161203903903904688e+01	4.557643599511031596e+01	3.227010260982841316e+01
9.177219819819819691e+01	4.555413121970489243e+01	3.226994079467868914e+01
9.193235735735736114e+01	4.553183180831956633e+01	3.226978157051740936e+01
9.209251651651651116e+01	4.550953776510262117e+01	3.226962489588402150e+01
9.225267567567567539e+01	4.548724909419743767e+01	3.226947072998056143e+01
9.241283483483483963e+01	4.546496579974242991e+01	3.226931903266112300e+01
9.257299399399398965e+01	4.544268788587111629e+01	3.226916976442143437e+01
9.273315315315315388e+01	4.542041535671205565e+01	3.226902288638864746e+01
9.289331231231231811e+01	4.539814821638888986e+01	3.226887836031126966e+01
9.305347147147146813e+01	4.537588646902031542e+01	3.226873614854923034e+01
9.321363063063063237e+01	4.535363011872011185e+01	3.226859621406417489e+01
9.337378978978979660e+01	4.533137916959709912e+01	3.226845852040981555e+01
9.353394894894894662e+01	4.530913362575515180e+01	3.226832303172253802e+01
9.369410810810811086e+01	4.528689349129322750e+01	3.226818971271205783e+01
9.385426726726727509e+01	4.526465877030531004e+01	3.226805852865232538e+01
9.401442642642642511e+01	4.524242946688044498e+01	3.226792944537248786e+01
9.417458558558558934e+01	4.522020558510275379e+01	3.226780242924803588e+01
9.433474474474473936e+01	4.519798712905137705e+01	3.226767744719209929e+01
9.449490390390390360e+01	4.517577410280050998e+01	3.226755446664687099e+01
9.465506306306306783e+01	4.515356651041939529e+01	3.226743345557514431e+01
9.481522222222221785e+01	4.513136435597234453e+01	3.226731438245200678e+01
9.497538138138138208e+01	4.510916764351865282e+01	3.226719721625669735e+01
9.513554054054054632e+01	4.508697637711273387e+01	3.226708192646451323e+01
9.529569969969969634e+01	4.506479056080398493e+01	3.226696848303893006e+01
9.545585885885886057e+01	4.504261019863684368e+01	3.226685685642377877e+01
9.561601801801802480e+01	4.502043529465080951e+01	3.226674701753560015e+01
9.577617717717717483e+01	4.499826585288040093e+01	3.226663893775609893e+01
9.593633633633633906e+01	4.497610187735516263e+01	3.226653258892468301e+01
9.609649549549550329e+01	4.495394337209968683e+01	3.226642794333120179e+01
9.625665465465465331e+01	4.493179034113358483e+01	3.226632497370871988e+01
9.641681381381381755e+01	4.490964278847148705e+01	3.226622365322646857e+01
9.657697297297296757e+01	4.488750071812305720e+01	3.226612395548284695e+01
9.673713213213213180e+01	4.486536413409299229e+01	3.226602585449860072e+01
9.689729129129129603e+01	4.484323304038099423e+01	3.226592932471003650e+01
9.705745045045044606e+01	4.482110744098179822e+01	3.226583434096244218e+01
9.721760960960961029e+01	4.479898733988515147e+01	3.226574087850350736e+01
9.737776876876877452e+01	4.477687274107582027e+01	3.226564891297689996e+01
9.753792792792792454e+01	4.475476364853359001e+01	3.226555842041596378e+01
9.769808708708708878e+01	4.473266006623325097e+01	3.226546937723748698e+01
9.785824624624625301e+01	4.471056199814461252e+01	3.226538176023555593e+01
9.801840540540540303e+01	4.468846944823250311e+01	3.226529554657555110e+01
9.817856456456456726e+01	4.466638242045674190e+01	3.226521071378819983e+01
9.833872372372373150e+01	4.464430091877216711e+01	3.226512723976374986e+01
9.849888288288288152e+01	4.462222494712862897e+01	3.226504510274621396e+01
9.865904204204204575e+01	4.460015450947096127e+01	3.226496428132772820e+01
9.881920120120119577e+01	4.457808960973900980e+01	3.226488475444298842e+01
9.897936036036036000e+01	4.455603025186763944e+01	3.226480650136375061e+01
9.913951951951952424e+01	4.453397643978669862e+01	3.226472950169348053e+01
9.929967867867867426e+01	4.451192817742103358e+01	3.226465373536203884e+01
9.945983783783783849e+01	4.448988546869049543e+01	3.226457918262045155e+01
9.961999699699700273e+01	4.446784831750991884e+01	3.226450582403579403e+01
9.978015615615615275e+01	4.444581672778913628e+01	3.226443364048612494e+01
9.994031531531531698e+01	4.442379070343297798e+01	3.226436261315554077e+01
1.001004744744744812e+02	4.440177024834125774e+01	3.226429272352923761e+01
1.002606336336336312e+02	4.437975536640879426e+01	3.226422395338875049e+01
1.004207927927927955e+02	4.435774606152538269e+01	3.226415628480717857e+01
1.005809519519519597e+02	4.433574233757578753e+01	3.226408970014454525e+01
1.007411111111111097e+02	4.431374419843978529e+01	3.226402418204319389e+01
1.009012702702702740e+02	4.429175164799212894e+01	3.226395971342329005e+01
1.010614294294294240e+02	4.426976469010254789e+01	3.226389627747836641e+01
1.012215885885885882e+02	4.424778332863576225e+01	3.226383385767096712e+01
1.013817477477477524e+02	4.422580756745145436e+01	3.226377243772832770e+01
1.015419069069069025e+02	4.420383741040429726e+01	3.226371200163816155e+01
1.017020660660660667e+02	4.418187286134393332e+01	3.226365253364446772e+01
1.018622252252252309e+02	4.415991392411498140e+01	3.226359401824347373e+01
1.020223843843843810e+02	4.413796060255705100e+01	3.226353644017956412e+01
1.021825435435435452e+02	4.411601290050469260e+01	3.226347978444132281e+01
1.023427027027027094e+02	4.409407082178746151e+01	3.226342403625763922e+01
1.025028618618618594e+02	4.407213437022986113e+01	3.226336918109385721e+01
1.026630210210210237e+02	4.405020354965134999e+01	3.226331520464798785e+01
1.028231801801801879e+02	4.402827836386638438e+01	3.226326209284700042e+01
1.029833393393393379e+02	4.400635881668438287e+01	3.226320983184314173e+01
1.031434984984985022e+02	4.398444491190970496e+01	3.226315840801035506e+01
1.033036576576576522e+02	4.396253665334169369e+01	3.226310780794071320e+01
1.034638168168168164e+02	4.394063404477464019e+01	3.226305801844095811e+01
1.036239759759759806e+02	4.391873708999780490e+01	3.226300902652902636e+01
1.037841351351351307e+02	4.389684579279540344e+01	3.226296081943070249e+01
1.039442942942942949e+02	4.387496015694661367e+01	3.226291338457628655e+01
1.041044534534534591e+02	4.385308018622556858e+01	3.226286670959731140e+01
1.042646126126126092e+02	4.383120588440134924e+01	3.226282078232334527e+01
1.044247717717717734e+02	4.380933725523800604e+01	3.226277559077880142e+01
1.045849309309309376e+02	4.378747430249451611e+01	3.226273112317981884e+01
1.047450900900900876e+02	4.376561702992483305e+01	3.226268736793123537e+01
1.049052492492492519e+02	4.374376544127785849e+01	3.226264431362351104e+01
1.050654084084084161e+02	4.372191954029743499e+01	3.226260194902980061e+01
1.052255675675675661e+02	4.370007933072235318e+01	3.226256026310300484e+01
1.053857267267267304e+02	4.367824481628634459e+01	3.226251924497292123e+01
1.055458858858858804e+02	4.365641600071810302e+01	3.226247888394338759e+01
1.057060450450450446e+02	4.363459288774125611e+01	3.226243916948950385e+01
1.058662042042042088e+02	4.361277548107437241e+01	3.226240009125490360e+01
1.060263633633633589e+02	4.359096378443098274e+01	3.226236163904904686e+01
1.061865225225225231e+02	4.356915780151951623e+01	3.226232380284456269e+01
1.063466816816816873e+02	4.354735753604338555e+01	3.226228657277464862e+01
1.065068408408408374e+02	4.352556299170092302e+01	3.226224993913049843e+01
1.066670000000000016e+02	4.350377417218539478e+01	3.226221389235877268e+01
1.068271591591591658e+02	4.348199108118500078e+01	3.226217842305909755e+01
1.069873183183183158e+02	4.346021372238291036e+01	3.226214352198163482e+01
1.071474774774774801e+02	4.343844209945717694e+01	3.226210918002468730e+01
1.073076366366366443e+02	4.341667621608081618e+01	3.226207538823226884e+01
1.074677957957957943e+02	4.339491607592177758e+01	3.226204213779183760e+01
1.076279549549549586e+02	4.337316168264291605e+01	3.226200942003197270e+01
1.077881141141141086e+02	4.335141303990205586e+01	3.226197722642010035e+01
1.079482732732732728e+02	4.332967015135191957e+01	3.226194554856031260e+01
1.081084324324324371e+02	4.330793302064017070e+01	3.226191437819112195e+01
1.082685915915915871e+02	4.328620165140938525e+01	3.226188370718337239e+01
1.084287507507507513e+02	4.326447604729708729e+01	3.226185352753807223e+01
1.085889099099099155e+02	4.324275621193569918e+01	3.226182383138434773e+01
1.087490690690690656e+02	4.322104214895259133e+01	3.226179461097735413e+01
1.089092282282282298e+02	4.319933386197004666e+01	3.226176585869628610e+01
1.090693873873873940e+02	4.317763135460526058e+01	3.226173756704240247e+01
1.092295465465465441e+02	4.315593463047036948e+01	3.226170972863702247e+01
1.093897057057057083e+02	4.313424369317241513e+01	3.226168233621966408e+01
1.095498648648648725e+02	4.311255854631335183e+01	3.226165538264610433e+01
1.097100240240240225e+02	4.309087919349006768e+01	3.226162886088654602e+01
1.098701831831831868e+02	4.306920563829437043e+01	3.226160276402378457e+01
1.100303423423423368e+02	4.304753788431295192e+01	3.226157708525138901e+01
1.101905015015015010e+02	4.302587593512745912e+01	3.226155181787193982e+01
1.103506606606606653e+02	4.300421979431442310e+01	3.226152695529527392e+01
1.105108198198198153e+02	4.298256946544530877e+01	3.226150249103679357e+01
1.106709789789789795e+02	4.296092495208647222e+01	3.226147841871575395e+01
1.108311381381381437e+02	4.293928625779919628e+01	3.226145473205358627e+01
1.109912972972972938e+02	4.291765338613968339e+01	3.226143142487230620e+01
1.111514564564564580e+02	4.289602634065901299e+01	3.226140849109286535e+01
1.113116156156156222e+02	4.287440512490320543e+01	3.226138592473357392e+01
1.114717747747747723e+02	4.285278974241317229e+01	3.226136371990855878e+01
1.116319339339339365e+02	4.283118019672472343e+01	3.226134187082622162e+01
1.117920930930931007e+02	4.280957649136860255e+01	3.226132037178771128e+01
1.119522522522522507e+02	4.278797862987044454e+01	3.226129921718546001e+01
1.121124114114114150e+02	4.276638661575077549e+01	3.226127840150172688e+01
1.122725705705705650e+02	4.274480045252504112e+01	3.226125791930713405e+01
1.124327297297297292e+02	4.272322014370357834e+01	3.226123776525927411e+01
1.125928888888888935e+02	4.270164569279163658e+01	3.226121793410131033e+01
1.127530480480480435e+02	4.268007710328937065e+01	3.226119842066059817e+01
1.129132072072072077e+02	4.265851437869181950e+01	3.226117921984734949e+01
1.130733663663663719e+02	4.263695752248892035e+01	3.226116032665330380e+01
1.132335255255255220e+02	4.261540653816553714e+01	3.226114173615042091e+01
1.133936846846846862e+02	4.259386142920140372e+01	3.226112344348958771e+01
1.135538438438438504e+02	4.257232219907115223e+01	3.226110544389936763e+01
1.137140030030030005e+02	4.255078885124432020e+01	3.226108773268475716e+01
1.138741621621621647e+02	4.252926138918535059e+01	3.226107030522594243e+01
1.140343213213213289e+02	4.250773981635356336e+01	3.226105315697712683e+01
1.141944804804804789e+02	4.248622413620318383e+01	3.226103628346530883e+01
1.143546396396396432e+02	4.246471435218332147e+01	3.226101968028915223e+01
1.145147987987987932e+02	4.244321046773798400e+01	3.226100334311781381e+01
1.146749579579579574e+02	4.242171248630607039e+01	3.226098726768982061e+01
1.148351171171171217e+02	4.240022041132137076e+01	3.226097144981196152e+01
1.149952762762762717e+02	4.237873424621258067e+01	3.226095588535820013e+01
1.151554354354354359e+02	4.235725399440325845e+01	3.226094057026858053e+01
1.153155945945946002e+02	4.233577965931186071e+01	3.226092550054819696e+01
1.154757537537537502e+02	4.231431124435174240e+01	3.226091067226612097e+01
1.156359129129129144e+02	4.229284875293115675e+01	3.226089608155439237e+01
1.157960720720720786e+02	4.227139218845320556e+01	3.226088172460702452e+01
1.159562312312312287e+02	4.224994155431591025e+01	3.226086759767898116e+01
1.161163903903903929e+02	4.222849685391218344e+01	3.226085369708523132e+01
1.162765495495495571e+02	4.220705809062978631e+01	3.226084001919975464e+01
1.164367087087087071e+02	4.218562526785139966e+01	3.226082656045463892e+01
1.165968678678678714e+02	4.216419838895456706e+01	3.226081331733909963e+01
1.167570270270270214e+02	4.214277745731173752e+01	3.226080028639862007e+01
1.169171861861861856e+02	4.212136247629022989e+01	3.226078746423400645e+01
1.170773453453453499e+02	4.209995344925224714e+01	3.226077484750049962e+01
1.172375045045044999e+02	4.207855037955486210e+01	3.226076243290695800e+01
1.173976636636636641e+02	4.205715327055005304e+01	3.226075021721493385e+01
1.175578228228228284e+02	4.203576212558466807e+01	3.226073819723785618e+01
1.177179819819819784e+02	4.201437694800043232e+01	3.226072636984022068e+01
1.178781411411411426e+02	4.199299774113394790e+01	3.226071473193673711e+01
1.180383003003003068e+02	4.197162450831670810e+01	3.226070328049153346e+01
1.181984594594594569e+02	4.195025725287507612e+01	3.226069201251738860e+01
1.183586186186186211e+02	4.192889597813030633e+01	3.226068092507492224e+01
1.185187777777777853e+02	4.190754068739849458e+01	3.226067001527184175e+01
1.186789369369369354e+02	4.188619138399067054e+01	3.226065928026220320e+01
1.188390960960960996e+02	4.186484807121269824e+01	3.226064871724562266e+01
1.189992552552552496e+02	4.184351075236532580e+01	3.226063832346660831e+01
1.191594144144144138e+02	4.182217943074418542e+01	3.226062809621379301e+01
1.193195735735735781e+02	4.180085410963977921e+01	3.226061803281925222e+01
1.194797327327327281e+02	4.177953479233749334e+01	3.226060813065780053e+01
1.196398918918918923e+02	4.175822148211756968e+01	3.226059838714630246e+01
1.198000510510510566e+02	4.173691418225514127e+01	3.226058879974300453e+01
1.199602102102102066e+02	4.171561289602021816e+01	3.226057936594688158e+01
1.201203693693693708e+02	4.169431762667767316e+01	3.226057008329695464e+01
1.202805285285285350e+02	4.167302837748723476e+01	3.226056094937170116e+01
1.204406876876876851e+02	4.165174515170353686e+01	3.226055196178835871e+01
1.206008468468468493e+02	4.163046795257607613e+01	3.226054311820234943e+01
1.207610060060060135e+02	4.160919678334921201e+01	3.226053441630666896e+01
1.209211651651651636e+02	4.158793164726218095e+01	3.226052585383124693e+01
1.210813243243243278e+02	4.156667254754908924e+01	3.226051742854239990e+01
1.212414834834834778e+02	4.154541948743891311e+01	3.226050913824222732e+01
1.214016426426426420e+02	4.152417247015549862e+01	3.226050098076801476e+01
1.215618018018018063e+02	4.150293149891755462e+01	3.226049295399172934e+01
1.217219609609609563e+02	4.148169657693868828e+01	3.226048505581940873e+01
1.218821201201201205e+02	4.146046770742733401e+01	3.226047728419064242e+01
1.220422792792792848e+02	4.143924489358683161e+01	3.226046963707803172e+01
1.222024384384384348e+02	4.141802813861536947e+01	3.226046211248664264e+01
1.223625975975975990e+02	4.139681744570600586e+01	3.226045470845352270e+01
1.225227567567567633e+02	4.137561281804667601e+01	3.226044742304715385e+01
1.226829159159159133e+02	4.135441425882017796e+01	3.226044025436696217e+01
1.228430750750750775e+02	4.133322177120417251e+01	3.226043320054282759e+01
1.230032342342342417e+02	4.131203535837120455e+01	3.226042625973457945e+01
1.231633933933933918e+02	4.129085502348864622e+01	3.226041943013154167e+01
1.233235525525525560e+02	4.126968076971878929e+01	3.226041270995204258e+01
1.234837117117117060e+02	4.124851260021875987e+01	3.226040609744294585e+01
1.236438708708708702e+02	4.122735051814054685e+01	3.226039959087920295e+01
1.238040300300300345e+02	4.120619452663103033e+01	3.226039318856341254e+01
1.239641891891891845e+02	4.118504462883191763e+01	3.226038688882535865e+01
1.241243483483483487e+02	4.116390082787983573e+01	3.226038069002159148e+01
1.242845075075075130e+02	4.114276312690622461e+01	3.226037459053496548e+01
1.244446666666666630e+02	4.112163152903741548e+01	3.226036858877427704e+01
1.246048258258258272e+02	4.110050603739460229e+01	3.226036268317379552e+01
1.247649849849849915e+02	4.107938665509382759e+01	3.226035687219287951e+01
1.249251441441441415e+02	4.105827338524603931e+01	3.226035115431556477e+01
1.250853033033033057e+02	4.103716623095700555e+01	3.226034552805018052e+01
1.252454624624624557e+02	4.101606519532737849e+01	3.226033999192895863e+01
1.254056216216216200e+02	4.099497028145266597e+01	3.226033454450762150e+01
1.255657807807807842e+02	4.097388149242325284e+01	3.226032918436506947e+01
1.257259399399399342e+02	4.095279883132437959e+01	3.226032391010293310e+01
1.258860990990990985e+02	4.093172230123614952e+01	3.226031872034526771e+01
1.260462582582582627e+02	4.091065190523353579e+01	3.226031361373816964e+01
1.262064174174174127e+02	4.088958764638637433e+01	3.226030858894942099e+01
1.263665765765765769e+02	4.086852952775935677e+01	3.226030364466814149e+01
1.265267357357357412e+02	4.084747755241203038e+01	3.226029877960447578e+01
1.266868948948948912e+02	4.082643172339884075e+01	3.226029399248920981e+01
1.268470540540540554e+02	4.080539204376905360e+01	3.226028928207347235e+01
1.270072132132132197e+02	4.078435851656683298e+01	3.226028464712840105e+01
1.271673723723723697e+02	4.076333114483118436e+01	3.226028008644482270e+01
1.273275315315315339e+02	4.074230993159598313e+01	3.226027559883293350e+01
1.274876906906906839e+02	4.072129487988997454e+01	3.226027118312200059e+01
1.276478498498498482e+02	4.070028599273673819e+01	3.226026683816002816e+01
1.278080090090090124e+02	4.067928327315475912e+01	3.226026256281350157e+01
1.279681681681681624e+02	4.065828672415735667e+01	3.226025835596703928e+01
1.281283273273273267e+02	4.063729634875272723e+01	3.226025421652315117e+01
1.282884864864864767e+02	4.061631214994391570e+01	3.226025014340193309e+01
1.284486456456456551e+02	4.059533413072883690e+01	3.226024613554075415e+01
1.286088048048048051e+02	4.057436229410027551e+01	3.226024219189404363e+01
1.287689639639639552e+02	4.055339664304587188e+01	3.226023831143294984e+01
1.289291231231231336e+02	4.053243718054811495e+01	3.226023449314513414e+01
1.290892822822822836e+02	4.051148390958439904e+01	3.226023073603445823e+01
1.292494414414414337e+02	4.049053683312693863e+01	3.226022703912074263e+01
1.294096006006006121e+02	4.046959595414281807e+01	3.226022340143952505e+01
1.295697597597597621e+02	4.044866127559401292e+01	3.226021982204178329e+01
1.297299189189189121e+02	4.042773280043733308e+01	3.226021629999370077e+01
1.298900780780780906e+02	4.040681053162445124e+01	3.226021283437643206e+01
1.300502372372372406e+02	4.038589447210193839e+01	3.226020942428584704e+01
1.302103963963963906e+02	4.036498462481118565e+01	3.226020606883229647e+01
1.303705555555555691e+02	4.034408099268847536e+01	3.226020276714038459e+01
1.305307147147147191e+02	4.032318357866493130e+01	3.226019951834875599e+01
1.306908738738738691e+02	4.030229238566657557e+01	3.226019632160983264e+01
1.308510330330330191e+02	4.028140741661425750e+01	3.226019317608962922e+01
1.310111921921921976e+02	4.026052867442369632e+01	3.226019008096752572e+01
1.311713513513513476e+02	4.023965616200550954e+01	3.226018703543604715e+01
1.313315105105104976e+02	4.021878988226513485e+01	3.226018403870064333e+01
1.314916696696696761e+02	4.019792983810290821e+01	3.226018108997951117e+01
1.316518288288288261e+02	4.017707603241400705e+01	3.226017818850336027e+01
1.318119879879879761e+02	4.015622846808847868e+01	3.226017533351524236e+01
1.319721471471471546e+02	4.013538714801124030e+01	3.226017252427030968e+01
1.321323063063063046e+02	4.011455207506208609e+01	3.226016976003567294e+01
1.322924654654654546e+02	4.009372325211565169e+01	3.226016704009017388e+01
1.324526246246246330e+02	4.007290068204144973e+01	3.226016436372421481e+01
1.326127837837837831e+02	4.005208436770385561e+01	3.226016173023955247e+01
1.327729429429429331e+02	4.003127431196211461e+01	3.226015913894915599e+01
1.329331021021021115e+02	4.001047051767034191e+01	3.226015658917697237e+01
1.330932612612612616e+02	3.998967298767750833e+01	3.226015408025780573e+01
1.332534204204204116e+02	3.996888172482746171e+01	3.226015161153709698e+01
1.334135795795795900e+02	3.994809673195890554e+01	3.226014918237078888e+01
1.335737387387387400e+02	3.992731801190542029e+01	3.226014679212513414e+01
1.337338978978978901e+02	3.990654556749544923e+01	3.226014444017655336e+01
1.338940570570570685e+02	3.988577940155231261e+01	3.226014212591143604e+01
1.340542162162162185e+02	3.986501951689417922e+01	3.226013984872601981e+01
1.342143753753753685e+02	3.984426591633410197e+01	3.226013760802620567e+01
1.343745345345345470e+02	3.982351860267999655e+01	3.226013540322743012e+01
1.345346936936936970e+02	3.980277757873464850e+01	3.226013323375447328e+01
1.346948528528528470e+02	3.978204284729571327e+01	3.226013109904133813e+01
1.348550120120120255e+02	3.976131441115572329e+01	3.226012899853110838e+01
1.350151711711711755e+02	3.974059227310206666e+01	3.226012693167577083e+01
1.351753303303303255e+02	3.971987643591700134e+01	3.226012489793611593e+01
1.353354894894894755e+02	3.969916690237767654e+01	3.226012289678154588e+01
1.354956486486486540e+02	3.967846367525608287e+01	3.226012092768998940e+01
1.356558078078078040e+02	3.965776675731910217e+01	3.226011899014773121e+01
1.358159669669669540e+02	3.963707615132849327e+01	3.226011708364926989e+01
1.359761261261261325e+02	3.961639186004086355e+01	3.226011520769722551e+01
1.361362852852852825e+02	3.959571388620771870e+01	3.226011336180218336e+01
1.362964444444444325e+02	3.957504223257540588e+01	3.226011154548255888e+01
1.364566036036036110e+02	3.955437690188517763e+01	3.226010975826449112e+01
1.366167627627627610e+02	3.953371789687313509e+01	3.226010799968171483e+01
1.367769219219219110e+02	3.951306522027027768e+01	3.226010626927542546e+01
1.369370810810810895e+02	3.949241887480245339e+01	3.226010456659417969e+01
1.370972402402402395e+02	3.947177886319040852e+01	3.226010289119376040e+01
1.372573993993993895e+02	3.945114518814974502e+01	3.226010124263707013e+01
1.374175585585585679e+02	3.943051785239094897e+01	3.226009962049401025e+01
1.375777177177177180e+02	3.940989685861937630e+01	3.226009802434138152e+01
1.377378768768768680e+02	3.938928220953527415e+01	3.226009645376275614e+01
1.378980360360360464e+02	3.936867390783375953e+01	3.226009490834839255e+01
1.380581951951951964e+02	3.934807195620481224e+01	3.226009338769509327e+01
1.382183543543543465e+02	3.932747635733331748e+01	3.226009189140614097e+01
1.383785135135135249e+02	3.930688711389900902e+01	3.226009041909115638e+01
1.385386726726726749e+02	3.928630422857652604e+01	3.226008897036602718e+01
1.386988318318318250e+02	3.926572770403536339e+01	3.226008754485279439e+01
1.388589909909910034e+02	3.924515754293992131e+01	3.226008614217955284e+01
1.390191501501501534e+02	3.922459374794946285e+01	3.226008476198035879e+01
1.391793093093093034e+02	3.920403632171812802e+01	3.226008340389511631e+01
1.393394684684684819e+02	3.918348526689494804e+01	3.226008206756952035e+01
1.394996276276276319e+02	3.916294058612383822e+01	3.226008075265492892e+01
1.396597867867867819e+02	3.914240228204359795e+01	3.226007945880829908e+01
1.398199459459459320e+02	3.912187035728788942e+01	3.226007818569206620e+01
1.399801051051051104e+02	3.910134481448528732e+01	3.226007693297407997e+01
1.401402642642642604e+02	3.908082565625922200e+01	3.226007570032752625e+01
1.403004234234234104e+02	3.906031288522803635e+01	3.226007448743081341e+01
1.404605825825825889e+02	3.903980650400492891e+01	3.226007329396750123e+01
1.406207417417417389e+02	3.901930651519801074e+01	3.226007211962622279e+01
1.407809009009008889e+02	3.899881292141027700e+01	3.226007096410060626e+01
1.409410600600600674e+02	3.897832572523957850e+01	3.226006982708917548e+01
1.411012192192192174e+02	3.895784492927869991e+01	3.226006870829529305e+01
1.412613783783783674e+02	3.893737053611528154e+01	3.226006760742708224e+01
1.414215375375375459e+02	3.891690254833185492e+01	3.226006652419732035e+01
1.415816966966966959e+02	3.889644096850586408e+01	3.226006545832340322e+01
1.417418558558558459e+02	3.887598579920961583e+01	3.226006440952725995e+01
1.419020150150150243e+02	3.885553704301032241e+01	3.226006337753526054e+01
1.420621741741741744e+02	3.883509470247008721e+01	3.226006236207816613e+01
1.422223333333333244e+02	3.881465878014590487e+01	3.226006136289104376e+01
1.423824924924925028e+02	3.879422927858964698e+01	3.226006037971321661e+01
1.425426516516516529e+02	3.877380620034811898e+01	3.226005941228817875e+01
1.427028108108108029e+02	3.875338954796297486e+01	3.226005846036353830e+01
1.428629699699699813e+02	3.873297932397078824e+01	3.226005752369094637e+01
1.430231291291291313e+02	3.871257553090301684e+01	3.226005660202601888e+01
1.431832882882882814e+02	3.869217817128603798e+01	3.226005569512830817e+01
1.433434474474474598e+02	3.867178724764109177e+01	3.226005480276121062e+01
1.435036066066066098e+02	3.865140276248434503e+01	3.226005392469190980e+01
1.436637657657657599e+02	3.863102471832684870e+01	3.226005306069131962e+01
1.438239249249249383e+02	3.861065311767455199e+01	3.226005221053402749e+01
1.439840840840840883e+02	3.859028796302830955e+01	3.226005137399823752e+01
1.441442432432432383e+02	3.856992925688387430e+01	3.226005055086570650e+01
1.443044024024023884e+02	3.854957700173190460e+01	3.226004974092166577e+01
1.444645615615615668e+02	3.852923120005794289e+01	3.226004894395482836e+01
1.446247207207207168e+02	3.850889185434247253e+01	3.226004815975725393e+01
1.447848798798798668e+02	3.848855896706083968e+01	3.226004738812434880e+01
1.449450390390390453e+02	3.846823254068331721e+01	3.226004662885480911e+01
1.451051981981981953e+02	3.844791257767508341e+01	3.226004588175054266e+01
1.452653573573573453e+02	3.842759908049620776e+01	3.226004514661662625e+01
1.454255165165165238e+02	3.840729205160167936e+01	3.226004442326127730e+01
1.455856756756756738e+02	3.838699149344139983e+01	3.226004371149576855e+01
1.457458348348348238e+02	3.836669740846016907e+01	3.226004301113441386e+01
1.459059939939940023e+02	3.834640979909769953e+01	3.226004232199447586e+01
1.460661531531531523e+02	3.832612866778860194e+01	3.226004164389618012e+01
1.462263123123123023e+02	3.830585401696242798e+01	3.226004097666260151e+01
1.463864714714714808e+02	3.828558584904359918e+01	3.226004032011966416e+01
1.465466306306306308e+02	3.826532416645149937e+01	3.226003967409609174e+01
1.467067897897897808e+02	3.824506897160038221e+01	3.226003903842332221e+01
1.468669489489489592e+02	3.822482026689943524e+01	3.226003841293552199e+01
1.470271081081081093e+02	3.820457805475277269e+01	3.226003779746950073e+01
1.471872672672672593e+02	3.818434233755939289e+01	3.226003719186468999e+01
1.473474264264264377e+02	3.816411311771324222e+01	3.226003659596308637e+01
1.475075855855855878e+02	3.814389039760316535e+01	3.226003600960922313e+01
1.476677447447447378e+02	3.812367417961294791e+01	3.226003543265012752e+01
1.478279039039039162e+02	3.810346446612126670e+01	3.226003486493526395e+01
1.479880630630630662e+02	3.808326125950173946e+01	3.226003430631653401e+01
1.481482222222222163e+02	3.806306456212289646e+01	3.226003375664817696e+01
1.483083813813813947e+02	3.804287437634819469e+01	3.226003321578680527e+01
1.484685405405405447e+02	3.802269070453601785e+01	3.226003268359130516e+01
1.486286996996996947e+02	3.800251354903966927e+01	3.226003215992282236e+01
1.487888588588588448e+02	3.798234291220737902e+01	3.226003164464474082e+01
1.489490180180180232e+02	3.796217879638228965e+01	3.226003113762262586e+01
1.491091771771771732e+02	3.794202120390250599e+01	3.226003063872419574e+01
1.492693363363363233e+02	3.792187013710101695e+01	3.226003014781929323e+01
1.494294954954955017e+02	3.790172559830578791e+01	3.226002966477984302e+01
1.495896546546546517e+02	3.788158758983966834e+01	3.226002918947981613e+01
1.497498138138138017e+02	3.786145611402048416e+01	3.226002872179522285e+01
1.499099729729729802e+02	3.784133117316093831e+01	3.226002826160402748e+01
1.500701321321321302e+02	3.782121276956872435e+01	3.226002780878618381e+01
1.502302912912912802e+02	3.780110090554643421e+01	3.226002736322354991e+01
1.503904504504504587e+02	3.778099558339160779e+01	3.226002692479987388e+01
1.505506096096096087e+02	3.776089680539672599e+01	3.226002649340077966e+01
1.507107687687687587e+02	3.774080457384918930e+01	3.226002606891371727e+01
1.508709279279279372e+02	3.772071889103134623e+01	3.226002565122793442e+01
1.510310870870870872e+02	3.770063975922050048e+01	3.226002524023446938e+01
1.511912462462462372e+02	3.768056718068886823e+01	3.226002483582607994e+01
1.513514054054054156e+02	3.766050115770362794e+01	3.226002443789727181e+01
1.515115645645645657e+02	3.764044169252689187e+01	3.226002404634421339e+01
1.516717237237237157e+02	3.762038878741572034e+01	3.226002366106476416e+01
1.518318828828828941e+02	3.760034244462211461e+01	3.226002328195840363e+01
1.519920420420420442e+02	3.758030266639301686e+01	3.226002290892621716e+01
1.521522012012011942e+02	3.756026945497033154e+01	3.226002254187088880e+01
1.523123603603603726e+02	3.754024281259090401e+01	3.226002218069665162e+01
1.524725195195195226e+02	3.752022274148652770e+01	3.226002182530928053e+01
1.526326786786786727e+02	3.750020924388392984e+01	3.226002147561604971e+01
1.527928378378378511e+02	3.748020232200482837e+01	3.226002113152573259e+01
1.529529969969970011e+02	3.746020197806585372e+01	3.226002079294855207e+01
1.531131561561561512e+02	3.744020821427861279e+01	3.226002045979618060e+01
1.532733153153153012e+02	3.742022103284967471e+01	3.226002013198169749e+01
1.534334744744744796e+02	3.740024043598052828e+01	3.226001980941957470e+01
1.535936336336336296e+02	3.738026642586766002e+01	3.226001949202566266e+01
1.537537927927927797e+02	3.736029900470249032e+01	3.226001917971714761e+01
1.539139519519519581e+02	3.734033817467140892e+01	3.226001887241255872e+01
1.540741111111111081e+02	3.732038393795576781e+01	3.226001857003171125e+01
1.542342702702702582e+02	3.730043629673187411e+01	3.226001827249572074e+01
1.543944294294294366e+02	3.728049525317099722e+01	3.226001797972696039e+01
1.545545885885885866e+02	3.726056080943938298e+01	3.226001769164904687e+01
1.547147477477477366e+02	3.724063296769822529e+01	3.226001740818681895e+01
1.548749069069069151e+02	3.722071173010370160e+01	3.226001712926633758e+01
1.550350660660660651e+02	3.720079709880694452e+01	3.226001685481481474e+01
1.551952252252252151e+02	3.718088907595406312e+01	3.226001658476065614e+01
1.553553843843843936e+02	3.716098766368613582e+01	3.226001631903339728e+01
1.555155435435435436e+02	3.714109286413921041e+01	3.226001605756372470e+01
1.556757027027026936e+02	3.712120467944431113e+01	3.226001580028341920e+01
1.558358618618618721e+02	3.710132311172741737e+01	3.226001554712534869e+01
1.559960210210210221e+02	3.708144816310953473e+01	3.226001529802346823e+01
1.561561801801801721e+02	3.706157983570658132e+01	3.226001505291279159e+01
1.563163393393393505e+02	3.704171813162949434e+01	3.226001481172936280e+01
1.564764984984985006e+02	3.702186305298417324e+01	3.226001457441027043e+01
1.566366576576576506e+02	3.700201460187151525e+01	3.226001434089359066e+01
1.567968168168168290e+02	3.698217278038736566e+01	3.226001411111840156e+01
1.569569759759759791e+02	3.696233759062260305e+01	3.226001388502475464e+01
1.571171351351351291e+02	3.694250903466303981e+01	3.226001366255366065e+01
1.572772942942943075e+02	3.692268711458950747e+01	3.226001344364708245e+01
1.574374534534534575e+02	3.690287183247781400e+01	3.226001322824790662e+01
1.575976126126126076e+02	3.688306319039875802e+01	3.226001301629993634e+01
1.577577717717717576e+02	3.686326119041810756e+01	3.226001280774787716e+01
1.579179309309309360e+02	3.684346583459664970e+01	3.226001260253731573e+01
1.580780900900900861e+02	3.682367712499016221e+01	3.226001240061471265e+01
1.582382492492492361e+02	3.680389506364939933e+01	3.226001220192738828e+01
1.583984084084084145e+02	3.678411965262012018e+01	3.226001200642350142e+01
1.585585675675675645e+02	3.676435089394307454e+01	3.226001181405205642e+01
1.587187267267267146e+02	3.674458878965401709e+01	3.226001162476285344e+01
1.588788858858858930e+02	3.672483334178369319e+01	3.226001143850651687e+01
1.590390450450450430e+02	3.670508455235786727e+01	3.226001125523444557e+01
1.591992042042041930e+02	3.668534242339728735e+01	3.226001107489882713e+01
1.593593633633633715e+02	3.666560695691769922e+01	3.226001089745261652e+01
1.595195225225225215e+02	3.664587815492988199e+01	3.226001072284951476e+01
1.596796816816816715e+02	3.662615601943958410e+01	3.226001055104396897e+01
1.598398408408408500e+02	3.660644055244759443e+01	3.226001038199115101e+01
1.600000000000000000e+02	3.658673175594969251e+01	3.226001021564696458e+01
