0.0000000000	0.5073941786	0.5256812029
0.2002002002	0.5078113319	0.5268491383
0.4004004004	0.5082485194	0.5280587511
0.6006006006	0.5087064860	0.5293109347
0.8008008008	0.5091859919	0.5306065724
1.0010010010	0.5096878121	0.5319465366
1.2012012012	0.5102127359	0.5333316867
1.4014014014	0.5107615666	0.5347628674
1.6016016016	0.5113351209	0.5362409071
1.8018018018	0.5119342285	0.5377666164
2.0020020020	0.5125597309	0.5393407859
2.2022022022	0.5132124813	0.5409641845
2.4024024024	0.5138933439	0.5426375580
2.6026026026	0.5146031923	0.5443616268
2.8028028028	0.5153429099	0.5461370845
3.0030030030	0.5161133878	0.5479645958
3.2032032032	0.5169155247	0.5498447950
3.4034034034	0.5177502253	0.5517782836
3.6036036036	0.5186183999	0.5537656292
3.8038038038	0.5195209627	0.5558073634
4.0040040040	0.5204588307	0.5579039800
4.2042042042	0.5214329229	0.5600559333
4.4044044044	0.5224441587	0.5622636364
4.6046046046	0.5234934567	0.5645274598
4.8048048048	0.5245817330	0.5668477291
5.0050050050	0.5257099006	0.5692247242
5.2052052052	0.5268788669	0.5716586771
5.4054054054	0.5280895332	0.5741497709
5.6056056056	0.5293427923	0.5766981381
5.8058058058	0.5306395276	0.5793038592
6.0060060060	0.5319806111	0.5819669616
6.2062062062	0.5333669017	0.5846874184
6.4064064064	0.5347992438	0.5874651470
6.6066066066	0.5362784656	0.5903000081
6.8068068068	0.5378053768	0.5931918050
7.0070070070	0.5393807677	0.5961402824
7.2072072072	0.5410054067	0.5991451256
7.4074074074	0.5426800389	0.6022059602
7.6076076076	0.5444053841	0.6053223510
7.8078078078	0.5461821352	0.6084938017
8.0080080080	0.5480109561	0.6117197549
8.2082082082	0.5498924803	0.6149995909
8.4084084084	0.5518273085	0.6183326288
8.6086086086	0.5538160075	0.6217181252
8.8088088088	0.5558591079	0.6251552752
9.0090090090	0.5579571026	0.6286432122
9.2092092092	0.5601104448	0.6321810082
9.4094094094	0.5623195466	0.6357676744
9.6096096096	0.5645847773	0.6394021616
9.8098098098	0.5669064616	0.6430833609
10.0100100100	0.5692848780	0.6468101048
10.2102102102	0.5717202574	0.6505811676
10.4104104104	0.5742127816	0.6543952669
10.6106106106	0.5767625819	0.6582510647
10.8108108108	0.5793697374	0.6621471684
11.0110110110	0.5820342743	0.6660821325
11.2112112112	0.5847561641	0.6700544603
11.4114114114	0.5875353229	0.6740626048
11.6116116116	0.5903716101	0.6781049713
11.8118118118	0.5932648273	0.6821799187
12.0120120120	0.5962147179	0.6862857618
12.2122122122	0.5992209658	0.6904207732
12.4124124124	0.6022831948	0.6945831853
12.6126126126	0.6054009684	0.6987711928
12.8128128128	0.6085737888	0.7029829550
13.0130130130	0.6118010968	0.7072165982
13.2132132132	0.6150822715	0.7114702180
13.4134134134	0.6184166301	0.7157418822
13.6136136136	0.6218034279	0.7200296331
13.8138138138	0.6252418584	0.7243314905
14.0140140140	0.6287310535	0.7286454541
14.2142142142	0.6322700835	0.7329695067
14.4144144144	0.6358579583	0.7373016166
14.6146146146	0.6394936270	0.7416397407
14.8148148148	0.6431759794	0.7459818275
15.0150150150	0.6469038464	0.7503258197
15.2152152152	0.6506760010	0.7546696573
15.4154154154	0.6544911593	0.7590112808
15.6156156156	0.6583479819	0.7633486334
15.8158158158	0.6622450750	0.7676796646
16.0160160160	0.6661809917	0.7720023331
16.2162162162	0.6701542339	0.7763146090
16.4164164164	0.6741632536	0.7806144774
16.6166166166	0.6782064548	0.7848999411
16.8168168168	0.6822821954	0.7891690228
17.0170170170	0.6863887889	0.7934197687
17.2172172172	0.6905245070	0.7976502504
17.4174174174	0.6946875811	0.8018585681
17.6176176176	0.6988762051	0.8060428528
17.8178178178	0.7030885373	0.8102012689
18.0180180180	0.7073227032	0.8143320168
18.2182182182	0.7115767978	0.8184333347
18.4184184184	0.7158488881	0.8225035014
18.6186186186	0.7201370159	0.8265408381
18.8188188188	0.7244392004	0.8305437106
19.0190190190	0.7287534409	0.8345105312
19.2192192192	0.7330777197	0.8384397605
19.4194194194	0.7374100049	0.8423299091
19.6196196196	0.7417482531	0.8461795396
19.8198198198	0.7460904126	0.8499872674
20.0200200200	0.7504344261	0.8537517627
20.2202202202	0.7547782335	0.8574717516
20.4204204204	0.7591197752	0.8611460172
20.6206206206	0.7634569947	0.8647734004
20.8208208208	0.7677878418	0.8683528015
21.0210210210	0.7721102750	0.8718831802
21.2212212212	0.7764222653	0.8753635568
21.4214214214	0.7807217979	0.8787930125
21.6216216216	0.7850068760	0.8821706900
21.8218218218	0.7892755230	0.8854957934
22.0220220220	0.7935257856	0.8887675890
22.2222222222	0.7977557363	0.8919854047
22.4224224224	0.8019634758	0.8951486305
22.6226226226	0.8061471360	0.8982567180
22.8228228228	0.8103048822	0.9013091801
23.0230230230	0.8144349156	0.9043055909
23.2232232232	0.8185354756	0.9072455848
23.4234234234	0.8226048418	0.9101288562
23.6236236236	0.8266413366	0.9129551585
23.8238238238	0.8306433270	0.9157243038
24.0240240240	0.8346092263	0.9184361614
24.2242242242	0.8385374966	0.9210906570
24.4244244244	0.8424266496	0.9236877719
24.6246246246	0.8462752491	0.9262275417
24.8248248248	0.8500819121	0.9287100546
25.0250250250	0.8538453101	0.9311354510
25.2252252252	0.8575641705	0.9335039212
25.4254254254	0.8612372778	0.9358157047
25.6256256256	0.8648634747	0.9380710881
25.8258258258	0.8684416626	0.9402704042
26.0260260260	0.8719708030	0.9424140296
26.2262262262	0.8754499175	0.9445023839
26.4264264264	0.8788780890	0.9465359274
26.6266266266	0.8822544615	0.9485151597
26.8268268268	0.8855782409	0.9504406178
27.0270270270	0.8888486949	0.9523128746
27.2272272272	0.8920651531	0.9541325367
27.4274274274	0.8952270069	0.9559002430
27.6276276276	0.8983337094	0.9576166626
27.8278278278	0.9013847752	0.9592824933
28.0280280280	0.9043797797	0.9608984594
28.2282282282	0.9073183590	0.9624653102
28.4284284284	0.9102002089	0.9639838182
28.6286286286	0.9130250844	0.9654547770
28.8288288288	0.9157927989	0.9668789998
29.0290290290	0.9185032230	0.9682573178
29.2292292292	0.9211562842	0.9695905779
29.4294294294	0.9237519648	0.9708796416
29.6296296296	0.9262903018	0.9721253829
29.8298298298	0.9287713850	0.9733286870
30.0300300300	0.9311953556	0.9744904483
30.2302302302	0.9335624056	0.9756115692
30.4304304304	0.9358727754	0.9766929584
30.6306306306	0.9381267529	0.9777355292
30.8308308308	0.9403246719	0.9787401985
31.0310310310	0.9424669102	0.9797078851
31.2312312312	0.9445538885	0.9806395084
31.4314314314	0.9465860679	0.9815359871
31.6316316316	0.9485639492	0.9823982379
31.8318318318	0.9504880701	0.9832271743
32.0320320320	0.9523590045	0.9840237057
32.2322322322	0.9541773598	0.9847887359
32.4324324324	0.9559437756	0.9855231622
32.6326326326	0.9576589219	0.9862278747
32.8328328328	0.9593234971	0.9869037548
33.0330330330	0.9609382261	0.9875516748
33.2332332332	0.9625038588	0.9881724968
33.4334334334	0.9640211683	0.9887670721
33.6336336336	0.9654909487	0.9893362403
33.8338338338	0.9669140138	0.9898808287
34.0340340340	0.9682911949	0.9904016517
34.2342342342	0.9696233395	0.9908995103
34.4344344344	0.9709113095	0.9913751913
34.6346346346	0.9721559790	0.9918294672
34.8348348348	0.9733582336	0.9922630953
35.0350350350	0.9745189679	0.9926768180
35.2352352352	0.9756390844	0.9930713618
35.4354354354	0.9767194919	0.9934474373
35.6356356356	0.9777611040	0.9938057391
35.8358358358	0.9787648376	0.9941469453
36.0360360360	0.9797316114	0.9944717175
36.2362362362	0.9806623449	0.9947807006
36.4364364364	0.9815579567	0.9950745228
36.6366366366	0.9824193635	0.9953537956
36.8368368368	0.9832474788	0.9956191136
37.0370370370	0.9840432116	0.9958710544
37.2372372372	0.9848074658	0.9961101792
37.4374374374	0.9855411385	0.9963370323
37.6376376376	0.9862451194	0.9965521413
37.8378378378	0.9869202899	0.9967560176
38.0380380380	0.9875675220	0.9969491560
38.2382382382	0.9881876775	0.9971320354
38.4384384384	0.9887816075	0.9973051186
38.6386386386	0.9893501511	0.9974688527
38.8388388388	0.9898941356	0.9976236691
39.0390390390	0.9904143748	0.9977699842
39.2392392392	0.9909116694	0.9979081993
39.4394394394	0.9913868059	0.9980387008
39.6396396396	0.9918405564	0.9981618607
39.8398398398	0.9922736779	0.9982780371
40.0400400400	0.9926869124	0.9983875739
40.2402402402	0.9930809858	0.9984908016
40.4404404404	0.9934566086	0.9985880374
40.6406406406	0.9938144748	0.9986795858
40.8408408408	0.9941552622	0.9987657385
41.0410410410	0.9944796318	0.9988467751
41.2412412412	0.9947882283	0.9989229632
41.4414414414	0.9950816795	0.9989945590
41.6416416416	0.9953605962	0.9990618074
41.8418418418	0.9956255728	0.9991249424
42.0420420420	0.9958771864	0.9991841876
42.2422422422	0.9961159979	0.9992397561
42.4424424424	0.9963425510	0.9992918515
42.6426426426	0.9965573730	0.9993406676
42.8428428428	0.9967609749	0.9993863893
43.0430430430	0.9969538511	0.9994291923
43.2432432432	0.9971364800	0.9994692440
43.4434434434	0.9973093241	0.9995067034
43.6436436436	0.9974728300	0.9995417217
43.8438438438	0.9976274289	0.9995744425
44.0440440440	0.9977735367	0.9996050021
44.2442442442	0.9979115542	0.9996335295
44.4444444444	0.9980418677	0.9996601474
44.6446446446	0.9981648488	0.9996849717
44.8448448448	0.9982808551	0.9997081124
45.0450450450	0.9983902301	0.9997296734
45.2452452452	0.9984933042	0.9997497530
45.4454454454	0.9985903942	0.9997684442
45.6456456456	0.9986818042	0.9997858346
45.8458458458	0.9987678256	0.9998020072
46.0460460460	0.9988487378	0.9998170400
46.2462462462	0.9989248080	0.9998310069
46.4464464464	0.9989962922	0.9998439772
46.6466466466	0.9990634350	0.9998560162
46.8468468468	0.9991264701	0.9998671857
47.0470470470	0.9991856207	0.9998775434
47.2472472472	0.9992411000	0.9998871439
47.4474474474	0.9992931110	0.9998960382
47.6476476476	0.9993418476	0.9999042744
47.8478478478	0.9993874942	0.9999118975
48.0480480480	0.9994302264	0.9999189500
48.2482482482	0.9994702114	0.9999254713
48.4484484484	0.9995076080	0.9999314986
48.6486486486	0.9995425672	0.9999370668
48.8488488488	0.9995752323	0.9999422082
49.0490490490	0.9996057395	0.9999469535
49.2492492492	0.9996342177	0.9999513311
49.4494494494	0.9996607894	0.9999553674
49.6496496496	0.9996855703	0.9999590874
49.8498498498	0.9997086703	0.9999625143
50.0500500501	0.9997301931	0.9999656695
50.2502502503	0.9997502369	0.9999685734
50.4504504505	0.9997688944	0.9999712445
50.6506506507	0.9997862534	0.9999737005
50.8508508509	0.9998023966	0.9999759576
51.0510510511	0.9998174019	0.9999780309
51.2512512513	0.9998313430	0.9999799345
51.4514514515	0.9998442892	0.9999816814
51.6516516517	0.9998563058	0.9999832838
51.8518518519	0.9998674543	0.9999847529
52.0520520521	0.9998777924	0.9999860991
52.2522522523	0.9998873746	0.9999873323
52.4524524525	0.9998962519	0.9999884613
52.6526526527	0.9999044722	0.9999894944
52.8528528529	0.9999120806	0.9999904393
53.0530530531	0.9999191193	0.9999913032
53.2532532533	0.9999256278	0.9999920926
53.4534534535	0.9999316433	0.9999928136
53.6536536537	0.9999372004	0.9999934719
53.8538538539	0.9999423316	0.9999940725
54.0540540541	0.9999470673	0.9999946203
54.2542542543	0.9999514360	0.9999951197
54.4544544545	0.9999554642	0.9999955748
54.6546546547	0.9999591766	0.9999959892
54.8548548549	0.9999625964	0.9999963665
55.0550550551	0.9999657451	0.9999967098
55.2552552553	0.9999686429	0.9999970220
55.4554554555	0.9999713085	0.9999973058
55.6556556557	0.9999737593	0.9999975637
55.8558558559	0.9999760116	0.9999977979
56.0560560561	0.9999780805	0.9999980105
56.2562562563	0.9999799800	0.9999982034
56.4564564565	0.9999817232	0.9999983783
56.6566566567	0.9999833221	0.9999985369
56.8568568569	0.9999847880	0.9999986805
57.0570570571	0.9999861313	0.9999988106
57.2572572573	0.9999873617	0.9999989284
57.4574574575	0.9999884882	0.9999990349
57.6576576577	0.9999895190	0.9999991313
57.8578578579	0.9999904619	0.9999992183
58.0580580581	0.9999913238	0.9999992970
58.2582582583	0.9999921115	0.9999993681
58.4584584585	0.9999928308	0.9999994322
58.6586586587	0.9999934876	0.9999994900
58.8588588589	0.9999940868	0.9999995422
59.0590590591	0.9999946334	0.9999995892
59.2592592593	0.9999951316	0.9999996316
59.4594594595	0.9999955856	0.9999996697
59.6596596597	0.9999959991	0.9999997041
59.8598598599	0.9999963755	0.9999997349
60.0600600601	0.9999967180	0.9999997627
60.2602602603	0.9999970295	0.9999997877
60.4604604605	0.9999973126	0.9999998101
60.6606606607	0.9999975698	0.9999998302
60.8608608609	0.9999978035	0.9999998483
61.0610610611	0.9999980155	0.9999998645
61.2612612613	0.9999982080	0.9999998790
61.4614614615	0.9999983825	0.9999998920
61.6616616617	0.9999985406	0.9999999037
61.8618618619	0.9999986839	0.9999999141
62.0620620621	0.9999988137	0.9999999235
62.2622622623	0.9999989312	0.9999999318
62.4624624625	0.9999990374	0.9999999393
62.6626626627	0.9999991335	0.9999999460
62.8628628629	0.9999992204	0.9999999520
63.0630630631	0.9999992989	0.9999999573
63.2632632633	0.9999993697	0.9999999620
63.4634634635	0.9999994337	0.9999999663
63.6636636637	0.9999994914	0.9999999701
63.8638638639	0.9999995434	0.9999999734
64.0640640641	0.9999995903	0.9999999764
64.2642642643	0.9999996326	0.9999999791
64.4644644645	0.9999996706	0.9999999815
64.6646646647	0.9999997049	0.9999999836
64.8648648649	0.9999997357	0.9999999855
65.0650650651	0.9999997634	0.9999999871
65.2652652653	0.9999997882	0.9999999886
65.4654654655	0.9999998106	0.9999999899
65.6656656657	0.9999998307	0.9999999911
65.8658658659	0.9999998487	0.9999999922
66.0660660661	0.9999998649	0.9999999931
66.2662662663	0.9999998794	0.9999999939
66.4664664665	0.9999998923	0.9999999946
66.6666666667	0.9999999040	0.9999999952
66.8668668669	0.9999999144	0.9999999958
67.0670670671	0.9999999237	0.9999999963
67.2672672673	0.9999999320	0.9999999967
67.4674674675	0.9999999395	0.9999999971
67.6676676677	0.9999999462	0.9999999975
67.8678678679	0.9999999521	0.9999999978
68.0680680681	0.9999999574	0.9999999981
68.2682682683	0.9999999622	0.9999999983
68.4684684685	0.9999999664	0.9999999985
68.6686686687	0.9999999702	0.9999999987
68.8688688689	0.9999999735	0.9999999988
69.0690690691	0.9999999765	0.9999999990
69.2692692693	0.9999999792	0.9999999991
69.4694694695	0.9999999815	0.9999999992
69.6696696697	0.9999999836	0.9999999993
69.8698698699	0.9999999855	0.9999999994
70.0700700701	0.9999999872	0.9999999995
70.2702702703	0.9999999887	0.9999999995
70.4704704705	0.9999999900	0.9999999996
70.6706706707	0.9999999911	0.9999999997
70.8708708709	0.9999999922	0.9999999997
71.0710710711	0.9999999931	0.9999999997
71.2712712713	0.9999999939	0.9999999998
71.4714714715	0.9999999946	0.9999999998
71.6716716717	0.9999999953	0.9999999998
71.8718718719	0.9999999958	0.9999999998
72.0720720721	0.9999999963	0.9999999999
72.2722722723	0.9999999968	0.9999999999
72.4724724725	0.9999999971	0.9999999999
72.6726726727	0.9999999975	0.9999999999
72.8728728729	0.9999999978	0.9999999999
73.0730730731	0.9999999981	0.9999999999
73.2732732733	0.9999999983	0.9999999999
73.4734734735	0.9999999985	0.9999999999
73.6736736737	0.9999999987	1.0000000000
73.8738738739	0.9999999988	1.0000000000
74.0740740741	0.9999999990	1.0000000000
74.2742742743	0.9999999991	1.0000000000
74.4744744745	0.9999999992	1.0000000000
74.6746746747	0.9999999993	1.0000000000
74.8748748749	0.9999999994	1.0000000000
75.0750750751	0.9999999995	1.0000000000
75.2752752753	0.9999999995	1.0000000000
75.4754754755	0.9999999996	1.0000000000
75.6756756757	0.9999999997	1.0000000000
75.8758758759	0.9999999997	1.0000000000
76.0760760761	0.9999999997	1.0000000000
76.2762762763	0.9999999998	1.0000000000
76.4764764765	0.9999999998	1.0000000000
76.6766766767	0.9999999998	1.0000000000
76.8768768769	0.9999999998	1.0000000000
77.0770770771	0.9999999999	1.0000000000
77.2772772773	0.9999999999	1.0000000000
77.4774774775	0.9999999999	1.0000000000
77.6776776777	0.9999999999	1.0000000000
77.8778778779	0.9999999999	1.0000000000
78.0780780781	0.9999999999	1.0000000000
78.2782782783	0.9999999999	1.0000000000
78.4784784785	1.0000000000	1.0000000000
78.6786786787	1.0000000000	1.0000000000
78.8788788789	1.0000000000	1.0000000000
79.0790790791	1.0000000000	1.0000000000
79.2792792793	1.0000000000	1.0000000000
79.4794794795	1.0000000000	1.0000000000
79.6796796797	1.0000000000	1.0000000000
79.8798798799	1.0000000000	1.0000000000
80.0800800801	1.0000000000	1.0000000000
80.2802802803	1.0000000000	1.0000000000
80.4804804805	1.0000000000	1.0000000000
80.6806806807	1.0000000000	1.0000000000
80.8808808809	1.0000000000	1.0000000000
81.0810810811	1.0000000000	1.0000000000
81.2812812813	1.0000000000	1.0000000000
81.4814814815	1.0000000000	1.0000000000
81.6816816817	1.0000000000	1.0000000000
81.8818818819	1.0000000000	1.0000000000
82.0820820821	1.0000000000	1.0000000000
82.2822822823	1.0000000000	1.0000000000
82.4824824825	1.0000000000	1.0000000000
82.6826826827	1.0000000000	1.0000000000
82.8828828829	1.0000000000	1.0000000000
83.0830830831	1.0000000000	1.0000000000
83.2832832833	1.0000000000	1.0000000000
83.4834834835	1.0000000000	1.0000000000
83.6836836837	1.0000000000	1.0000000000
83.8838838839	1.0000000000	1.0000000000
84.0840840841	1.0000000000	1.0000000000
84.2842842843	1.0000000000	1.0000000000
84.4844844845	1.0000000000	1.0000000000
84.6846846847	1.0000000000	1.0000000000
84.8848848849	1.0000000000	1.0000000000
85.0850850851	1.0000000000	1.0000000000
85.2852852853	1.0000000000	1.0000000000
85.4854854855	1.0000000000	1.0000000000
85.6856856857	1.0000000000	1.0000000000
85.8858858859	1.0000000000	1.0000000000
86.0860860861	1.0000000000	1.0000000000
86.2862862863	1.0000000000	1.0000000000
86.4864864865	1.0000000000	1.0000000000
86.6866866867	1.0000000000	1.0000000000
86.8868868869	1.0000000000	1.0000000000
87.0870870871	1.0000000000	1.0000000000
87.2872872873	1.0000000000	1.0000000000
87.4874874875	1.0000000000	1.0000000000
87.6876876877	1.0000000000	1.0000000000
87.8878878879	1.0000000000	1.0000000000
88.0880880881	1.0000000000	1.0000000000
88.2882882883	1.0000000000	1.0000000000
88.4884884885	1.0000000000	1.0000000000
88.6886886887	1.0000000000	1.0000000000
88.8888888889	1.0000000000	1.0000000000
89.0890890891	1.0000000000	1.0000000000
89.2892892893	1.0000000000	1.0000000000
89.4894894895	1.0000000000	1.0000000000
89.6896896897	1.0000000000	1.0000000000
89.8898898899	1.0000000000	1.0000000000
90.0900900901	1.0000000000	1.0000000000
90.2902902903	1.0000000000	1.0000000000
90.4904904905	1.0000000000	1.0000000000
90.6906906907	1.0000000000	1.0000000000
90.8908908909	1.0000000000	1.0000000000
91.0910910911	1.0000000000	1.0000000000
91.2912912913	1.0000000000	1.0000000000
91.4914914915	1.0000000000	1.0000000000
91.6916916917	1.0000000000	1.0000000000
91.8918918919	1.0000000000	1.0000000000
92.0920920921	1.0000000000	1.0000000000
92.2922922923	1.0000000000	1.0000000000
92.4924924925	1.0000000000	1.0000000000
92.6926926927	1.0000000000	1.0000000000
92.8928928929	1.0000000000	1.0000000000
93.0930930931	1.0000000000	1.0000000000
93.2932932933	1.0000000000	1.0000000000
93.4934934935	1.0000000000	1.0000000000
93.6936936937	1.0000000000	1.0000000000
93.8938938939	1.0000000000	1.0000000000
94.0940940941	1.0000000000	1.0000000000
94.2942942943	1.0000000000	1.0000000000
94.4944944945	1.0000000000	1.0000000000
94.6946946947	1.0000000000	1.0000000000
94.8948948949	1.0000000000	1.0000000000
95.0950950951	1.0000000000	1.0000000000
95.2952952953	1.0000000000	1.0000000000
95.4954954955	1.0000000000	1.0000000000
95.6956956957	1.0000000000	1.0000000000
95.8958958959	1.0000000000	1.0000000000
96.0960960961	1.0000000000	1.0000000000
96.2962962963	1.0000000000	1.0000000000
96.4964964965	1.0000000000	1.0000000000
96.6966966967	1.0000000000	1.0000000000
96.8968968969	1.0000000000	1.0000000000
97.0970970971	1.0000000000	1.0000000000
97.2972972973	1.0000000000	1.0000000000
97.4974974975	1.0000000000	1.0000000000
97.6976976977	1.0000000000	1.0000000000
97.8978978979	1.0000000000	1.0000000000
98.0980980981	1.0000000000	1.0000000000
98.2982982983	1.0000000000	1.0000000000
98.4984984985	1.0000000000	1.0000000000
98.6986986987	1.0000000000	1.0000000000
98.8988988989	1.0000000000	1.0000000000
99.0990990991	1.0000000000	1.0000000000
99.2992992993	1.0000000000	1.0000000000
99.4994994995	1.0000000000	1.0000000000
99.6996996997	1.0000000000	1.0000000000
99.8998998999	1.0000000000	1.0000000000
100.1001001001	1.0000000000	1.0000000000
100.3003003003	1.0000000000	1.0000000000
100.5005005005	1.0000000000	1.0000000000
100.7007007007	1.0000000000	1.0000000000
100.9009009009	1.0000000000	1.0000000000
101.1011011011	1.0000000000	1.0000000000
101.3013013013	1.0000000000	1.0000000000
101.5015015015	1.0000000000	1.0000000000
101.7017017017	1.0000000000	1.0000000000
101.9019019019	1.0000000000	1.0000000000
102.1021021021	1.0000000000	1.0000000000
102.3023023023	1.0000000000	1.0000000000
102.5025025025	1.0000000000	1.0000000000
102.7027027027	1.0000000000	1.0000000000
102.9029029029	1.0000000000	1.0000000000
103.1031031031	1.0000000000	1.0000000000
103.3033033033	1.0000000000	1.0000000000
103.5035035035	1.0000000000	1.0000000000
103.7037037037	1.0000000000	1.0000000000
103.9039039039	1.0000000000	1.0000000000
104.1041041041	1.0000000000	1.0000000000
104.3043043043	1.0000000000	1.0000000000
104.5045045045	1.0000000000	1.0000000000
104.7047047047	1.0000000000	1.0000000000
104.9049049049	1.0000000000	1.0000000000
105.1051051051	1.0000000000	1.0000000000
105.3053053053	1.0000000000	1.0000000000
105.5055055055	1.0000000000	1.0000000000
105.7057057057	1.0000000000	1.0000000000
105.9059059059	1.0000000000	1.0000000000
106.1061061061	1.0000000000	1.0000000000
106.3063063063	1.0000000000	1.0000000000
106.5065065065	1.0000000000	1.0000000000
106.7067067067	1.0000000000	1.0000000000
106.9069069069	1.0000000000	1.0000000000
107.1071071071	1.0000000000	1.0000000000
107.3073073073	1.0000000000	1.0000000000
107.5075075075	1.0000000000	1.0000000000
107.7077077077	1.0000000000	1.0000000000
107.9079079079	1.0000000000	1.0000000000
108.1081081081	1.0000000000	1.0000000000
108.3083083083	1.0000000000	1.0000000000
108.5085085085	1.0000000000	1.0000000000
108.7087087087	1.0000000000	1.0000000000
108.9089089089	1.0000000000	1.0000000000
109.1091091091	1.0000000000	1.0000000000
109.3093093093	1.0000000000	1.0000000000
109.5095095095	1.0000000000	1.0000000000
109.7097097097	1.0000000000	1.0000000000
109.9099099099	1.0000000000	1.0000000000
110.1101101101	1.0000000000	1.0000000000
110.3103103103	1.0000000000	1.0000000000
110.5105105105	1.0000000000	1.0000000000
110.7107107107	1.0000000000	1.0000000000
110.9109109109	1.0000000000	1.0000000000
111.1111111111	1.0000000000	1.0000000000
111.3113113113	1.0000000000	1.0000000000
111.5115115115	1.0000000000	1.0000000000
111.7117117117	1.0000000000	1.0000000000
111.9119119119	1.0000000000	1.0000000000
112.1121121121	1.0000000000	1.0000000000
112.3123123123	1.0000000000	1.0000000000
112.5125125125	1.0000000000	1.0000000000
112.7127127127	1.0000000000	1.0000000000
112.9129129129	1.0000000000	1.0000000000
113.1131131131	1.0000000000	1.0000000000
113.3133133133	1.0000000000	1.0000000000
113.5135135135	1.0000000000	1.0000000000
113.7137137137	1.0000000000	1.0000000000
113.9139139139	1.0000000000	1.0000000000
114.1141141141	1.0000000000	1.0000000000
114.3143143143	1.0000000000	1.0000000000
114.5145145145	1.0000000000	1.0000000000
114.7147147147	1.0000000000	1.0000000000
114.9149149149	1.0000000000	1.0000000000
115.1151151151	1.0000000000	1.0000000000
115.3153153153	1.0000000000	1.0000000000
115.5155155155	1.0000000000	1.0000000000
115.7157157157	1.0000000000	1.0000000000
115.9159159159	1.0000000000	1.0000000000
116.1161161161	1.0000000000	1.0000000000
116.3163163163	1.0000000000	1.0000000000
116.5165165165	1.0000000000	1.0000000000
116.7167167167	1.0000000000	1.0000000000
116.9169169169	1.0000000000	1.0000000000
117.1171171171	1.0000000000	1.0000000000
117.3173173173	1.0000000000	1.0000000000
117.5175175175	1.0000000000	1.0000000000
117.7177177177	1.0000000000	1.0000000000
117.9179179179	1.0000000000	1.0000000000
118.1181181181	1.0000000000	1.0000000000
118.3183183183	1.0000000000	1.0000000000
118.5185185185	1.0000000000	1.0000000000
118.7187187187	1.0000000000	1.0000000000
118.9189189189	1.0000000000	1.0000000000
119.1191191191	1.0000000000	1.0000000000
119.3193193193	1.0000000000	1.0000000000
119.5195195195	1.0000000000	1.0000000000
119.7197197197	1.0000000000	1.0000000000
119.9199199199	1.0000000000	1.0000000000
120.1201201201	1.0000000000	1.0000000000
120.3203203203	1.0000000000	1.0000000000
120.5205205205	1.0000000000	1.0000000000
120.7207207207	1.0000000000	1.0000000000
120.9209209209	1.0000000000	1.0000000000
121.1211211211	1.0000000000	1.0000000000
121.3213213213	1.0000000000	1.0000000000
121.5215215215	1.0000000000	1.0000000000
121.7217217217	1.0000000000	1.0000000000
121.9219219219	1.0000000000	1.0000000000
122.1221221221	1.0000000000	1.0000000000
122.3223223223	1.0000000000	1.0000000000
122.5225225225	1.0000000000	1.0000000000
122.7227227227	1.0000000000	1.0000000000
122.9229229229	1.0000000000	1.0000000000
123.1231231231	1.0000000000	1.0000000000
123.3233233233	1.0000000000	1.0000000000
123.5235235235	1.0000000000	1.0000000000
123.7237237237	1.0000000000	1.0000000000
123.9239239239	1.0000000000	1.0000000000
124.1241241241	1.0000000000	1.0000000000
124.3243243243	1.0000000000	1.0000000000
124.5245245245	1.0000000000	1.0000000000
124.7247247247	1.0000000000	1.0000000000
124.9249249249	1.0000000000	1.0000000000
125.1251251251	1.0000000000	1.0000000000
125.3253253253	1.0000000000	1.0000000000
125.5255255255	1.0000000000	1.0000000000
125.7257257257	1.0000000000	1.0000000000
125.9259259259	1.0000000000	1.0000000000
126.1261261261	1.0000000000	1.0000000000
126.3263263263	1.0000000000	1.0000000000
126.5265265265	1.0000000000	1.0000000000
126.7267267267	1.0000000000	1.0000000000
126.9269269269	1.0000000000	1.0000000000
127.1271271271	1.0000000000	1.0000000000
127.3273273273	1.0000000000	1.0000000000
127.5275275275	1.0000000000	1.0000000000
127.7277277277	1.0000000000	1.0000000000
127.9279279279	1.0000000000	1.0000000000
128.1281281281	1.0000000000	1.0000000000
128.3283283283	1.0000000000	1.0000000000
128.5285285285	1.0000000000	1.0000000000
128.7287287287	1.0000000000	1.0000000000
128.9289289289	1.0000000000	1.0000000000
129.1291291291	1.0000000000	1.0000000000
129.3293293293	1.0000000000	1.0000000000
129.5295295295	1.0000000000	1.0000000000
129.7297297297	1.0000000000	1.0000000000
129.9299299299	1.0000000000	1.0000000000
130.1301301301	1.0000000000	1.0000000000
130.3303303303	1.0000000000	1.0000000000
130.5305305305	1.0000000000	1.0000000000
130.7307307307	1.0000000000	1.0000000000
130.9309309309	1.0000000000	1.0000000000
131.1311311311	1.0000000000	1.0000000000
131.3313313313	1.0000000000	1.0000000000
131.5315315315	1.0000000000	1.0000000000
131.7317317317	1.0000000000	1.0000000000
131.9319319319	1.0000000000	1.0000000000
132.1321321321	1.0000000000	1.0000000000
132.3323323323	1.0000000000	1.0000000000
132.5325325325	1.0000000000	1.0000000000
132.7327327327	1.0000000000	1.0000000000
132.9329329329	1.0000000000	1.0000000000
133.1331331331	1.0000000000	1.0000000000
133.3333333333	1.0000000000	1.0000000000
133.5335335335	1.0000000000	1.0000000000
133.7337337337	1.0000000000	1.0000000000
133.9339339339	1.0000000000	1.0000000000
134.1341341341	1.0000000000	1.0000000000
134.3343343343	1.0000000000	1.0000000000
134.5345345345	1.0000000000	1.0000000000
134.7347347347	1.0000000000	1.0000000000
134.9349349349	1.0000000000	1.0000000000
135.1351351351	1.0000000000	1.0000000000
135.3353353353	1.0000000000	1.0000000000
135.5355355355	1.0000000000	1.0000000000
135.7357357357	1.0000000000	1.0000000000
135.9359359359	1.0000000000	1.0000000000
136.1361361361	1.0000000000	1.0000000000
136.3363363363	1.0000000000	1.0000000000
136.5365365365	1.0000000000	1.0000000000
136.7367367367	1.0000000000	1.0000000000
136.9369369369	1.0000000000	1.0000000000
137.1371371371	1.0000000000	1.0000000000
137.3373373373	1.0000000000	1.0000000000
137.5375375375	1.0000000000	1.0000000000
137.7377377377	1.0000000000	1.0000000000
137.9379379379	1.0000000000	1.0000000000
138.1381381381	1.0000000000	1.0000000000
138.3383383383	1.0000000000	1.0000000000
138.5385385385	1.0000000000	1.0000000000
138.7387387387	1.0000000000	1.0000000000
138.9389389389	1.0000000000	1.0000000000
139.1391391391	1.0000000000	1.0000000000
139.3393393393	1.0000000000	1.0000000000
139.5395395395	1.0000000000	1.0000000000
139.7397397397	1.0000000000	1.0000000000
139.9399399399	1.0000000000	1.0000000000
140.1401401401	1.0000000000	1.0000000000
140.3403403403	1.0000000000	1.0000000000
140.5405405405	1.0000000000	1.0000000000
140.7407407407	1.0000000000	1.0000000000
140.9409409409	1.0000000000	1.0000000000
141.1411411411	1.0000000000	1.0000000000
141.3413413413	1.0000000000	1.0000000000
141.5415415415	1.0000000000	1.0000000000
141.7417417417	1.0000000000	1.0000000000
141.9419419419	1.0000000000	1.0000000000
142.1421421421	1.0000000000	1.0000000000
142.3423423423	1.0000000000	1.0000000000
142.5425425425	1.0000000000	1.0000000000
142.7427427427	1.0000000000	1.0000000000
142.9429429429	1.0000000000	1.0000000000
143.1431431431	1.0000000000	1.0000000000
143.3433433433	1.0000000000	1.0000000000
143.5435435435	1.0000000000	1.0000000000
143.7437437437	1.0000000000	1.0000000000
143.9439439439	1.0000000000	1.0000000000
144.1441441441	1.0000000000	1.0000000000
144.3443443443	1.0000000000	1.0000000000
144.5445445445	1.0000000000	1.0000000000
144.7447447447	1.0000000000	1.0000000000
144.9449449449	1.0000000000	1.0000000000
145.1451451451	1.0000000000	1.0000000000
145.3453453453	1.0000000000	1.0000000000
145.5455455455	1.0000000000	1.0000000000
145.7457457457	1.0000000000	1.0000000000
145.9459459459	1.0000000000	1.0000000000
146.1461461461	1.0000000000	1.0000000000
146.3463463463	1.0000000000	1.0000000000
146.5465465465	1.0000000000	1.0000000000
146.7467467467	1.0000000000	1.0000000000
146.9469469469	1.0000000000	1.0000000000
147.1471471471	1.0000000000	1.0000000000
147.3473473473	1.0000000000	1.0000000000
147.5475475475	1.0000000000	1.0000000000
147.7477477477	1.0000000000	1.0000000000
147.9479479479	1.0000000000	1.0000000000
148.1481481481	1.0000000000	1.0000000000
148.3483483483	1.0000000000	1.0000000000
148.5485485485	1.0000000000	1.0000000000
148.7487487487	1.0000000000	1.0000000000
148.9489489489	1.0000000000	1.0000000000
149.1491491491	1.0000000000	1.0000000000
149.3493493493	1.0000000000	1.0000000000
149.5495495495	1.0000000000	1.0000000000
149.7497497497	1.0000000000	1.0000000000
149.9499499499	1.0000000000	1.0000000000
150.1501501502	1.0000000000	1.0000000000
150.3503503504	1.0000000000	1.0000000000
150.5505505506	1.0000000000	1.0000000000
150.7507507508	1.0000000000	1.0000000000
150.9509509510	1.0000000000	1.0000000000
151.1511511512	1.0000000000	1.0000000000
151.3513513514	1.0000000000	1.0000000000
151.5515515516	1.0000000000	1.0000000000
151.7517517518	1.0000000000	1.0000000000
151.9519519520	1.0000000000	1.0000000000
152.1521521522	1.0000000000	1.0000000000
152.3523523524	1.0000000000	1.0000000000
152.5525525526	1.0000000000	1.0000000000
152.7527527528	1.0000000000	1.0000000000
152.9529529530	1.0000000000	1.0000000000
153.1531531532	1.0000000000	1.0000000000
153.3533533534	1.0000000000	1.0000000000
153.5535535536	1.0000000000	1.0000000000
153.7537537538	1.0000000000	1.0000000000
153.9539539540	1.0000000000	1.0000000000
154.1541541542	1.0000000000	1.0000000000
154.3543543544	1.0000000000	1.0000000000
154.5545545546	1.0000000000	1.0000000000
154.7547547548	1.0000000000	1.0000000000
154.9549549550	1.0000000000	1.0000000000
155.1551551552	1.0000000000	1.0000000000
155.3553553554	1.0000000000	1.0000000000
155.5555555556	1.0000000000	1.0000000000
155.7557557558	1.0000000000	1.0000000000
155.9559559560	1.0000000000	1.0000000000
156.1561561562	1.0000000000	1.0000000000
156.3563563564	1.0000000000	1.0000000000
156.5565565566	1.0000000000	1.0000000000
156.7567567568	1.0000000000	1.0000000000
156.9569569570	1.0000000000	1.0000000000
157.1571571572	1.0000000000	1.0000000000
157.3573573574	1.0000000000	1.0000000000
157.5575575576	1.0000000000	1.0000000000
157.7577577578	1.0000000000	1.0000000000
157.9579579580	1.0000000000	1.0000000000
158.1581581582	1.0000000000	1.0000000000
158.3583583584	1.0000000000	1.0000000000
158.5585585586	1.0000000000	1.0000000000
158.7587587588	1.0000000000	1.0000000000
158.9589589590	1.0000000000	1.0000000000
159.1591591592	1.0000000000	1.0000000000
159.3593593594	1.0000000000	1.0000000000
159.5595595596	1.0000000000	1.0000000000
159.7597597598	1.0000000000	1.0000000000
159.9599599600	1.0000000000	1.0000000000
160.1601601602	1.0000000000	1.0000000000
160.3603603604	1.0000000000	1.0000000000
160.5605605606	1.0000000000	1.0000000000
160.7607607608	1.0000000000	1.0000000000
160.9609609610	1.0000000000	1.0000000000
161.1611611612	1.0000000000	1.0000000000
161.3613613614	1.0000000000	1.0000000000
161.5615615616	1.0000000000	1.0000000000
161.7617617618	1.0000000000	1.0000000000
161.9619619620	1.0000000000	1.0000000000
162.1621621622	1.0000000000	1.0000000000
162.3623623624	1.0000000000	1.0000000000
162.5625625626	1.0000000000	1.0000000000
162.7627627628	1.0000000000	1.0000000000
162.9629629630	1.0000000000	1.0000000000
163.1631631632	1.0000000000	1.0000000000
163.3633633634	1.0000000000	1.0000000000
163.5635635636	1.0000000000	1.0000000000
163.7637637638	1.0000000000	1.0000000000
163.9639639640	1.0000000000	1.0000000000
164.1641641642	1.0000000000	1.0000000000
164.3643643644	1.0000000000	1.0000000000
164.5645645646	1.0000000000	1.0000000000
164.7647647648	1.0000000000	1.0000000000
164.9649649650	1.0000000000	1.0000000000
165.1651651652	1.0000000000	1.0000000000
165.3653653654	1.0000000000	1.0000000000
165.5655655656	1.0000000000	1.0000000000
165.7657657658	1.0000000000	1.0000000000
165.9659659660	1.0000000000	1.0000000000
166.1661661662	1.0000000000	1.0000000000
166.3663663664	1.0000000000	1.0000000000
166.5665665666	1.0000000000	1.0000000000
166.7667667668	1.0000000000	1.0000000000
166.9669669670	1.0000000000	1.0000000000
167.1671671672	1.0000000000	1.0000000000
167.3673673674	1.0000000000	1.0000000000
167.5675675676	1.0000000000	1.0000000000
167.7677677678	1.0000000000	1.0000000000
167.9679679680	1.0000000000	1.0000000000
168.1681681682	1.0000000000	1.0000000000
168.3683683684	1.0000000000	1.0000000000
168.5685685686	1.0000000000	1.0000000000
168.7687687688	1.0000000000	1.0000000000
168.9689689690	1.0000000000	1.0000000000
169.1691691692	1.0000000000	1.0000000000
169.3693693694	1.0000000000	1.0000000000
169.5695695696	1.0000000000	1.0000000000
169.7697697698	1.0000000000	1.0000000000
169.9699699700	1.0000000000	1.0000000000
170.1701701702	1.0000000000	1.0000000000
170.3703703704	1.0000000000	1.0000000000
170.5705705706	1.0000000000	1.0000000000
170.7707707708	1.0000000000	1.0000000000
170.9709709710	1.0000000000	1.0000000000
171.1711711712	1.0000000000	1.0000000000
171.3713713714	1.0000000000	1.0000000000
171.5715715716	1.0000000000	1.0000000000
171.7717717718	1.0000000000	1.0000000000
171.9719719720	1.0000000000	1.0000000000
172.1721721722	1.0000000000	1.0000000000
172.3723723724	1.0000000000	1.0000000000
172.5725725726	1.0000000000	1.0000000000
172.7727727728	1.0000000000	1.0000000000
172.9729729730	1.0000000000	1.0000000000
173.1731731732	1.0000000000	1.0000000000
173.3733733734	1.0000000000	1.0000000000
173.5735735736	1.0000000000	1.0000000000
173.7737737738	1.0000000000	1.0000000000
173.9739739740	1.0000000000	1.0000000000
174.1741741742	1.0000000000	1.0000000000
174.3743743744	1.0000000000	1.0000000000
174.5745745746	1.0000000000	1.0000000000
174.7747747748	1.0000000000	1.0000000000
174.9749749750	1.0000000000	1.0000000000
175.1751751752	1.0000000000	1.0000000000
175.3753753754	1.0000000000	1.0000000000
175.5755755756	1.0000000000	1.0000000000
175.7757757758	1.0000000000	1.0000000000
175.9759759760	1.0000000000	1.0000000000
176.1761761762	1.0000000000	1.0000000000
176.3763763764	1.0000000000	1.0000000000
176.5765765766	1.0000000000	1.0000000000
176.7767767768	1.0000000000	1.0000000000
176.9769769770	1.0000000000	1.0000000000
177.1771771772	1.0000000000	1.0000000000
177.3773773774	1.0000000000	1.0000000000
177.5775775776	1.0000000000	1.0000000000
177.7777777778	1.0000000000	1.0000000000
177.9779779780	1.0000000000	1.0000000000
178.1781781782	1.0000000000	1.0000000000
178.3783783784	1.0000000000	1.0000000000
178.5785785786	1.0000000000	1.0000000000
178.7787787788	1.0000000000	1.0000000000
178.9789789790	1.0000000000	1.0000000000
179.1791791792	1.0000000000	1.0000000000
179.3793793794	1.0000000000	1.0000000000
179.5795795796	1.0000000000	1.0000000000
179.7797797798	1.0000000000	1.0000000000
179.9799799800	1.0000000000	1.0000000000
180.1801801802	1.0000000000	1.0000000000
180.3803803804	1.0000000000	1.0000000000
180.5805805806	1.0000000000	1.0000000000
180.7807807808	1.0000000000	1.0000000000
180.9809809810	1.0000000000	1.0000000000
181.1811811812	1.0000000000	1.0000000000
181.3813813814	1.0000000000	1.0000000000
181.5815815816	1.0000000000	1.0000000000
181.7817817818	1.0000000000	1.0000000000
181.9819819820	1.0000000000	1.0000000000
182.1821821822	1.0000000000	1.0000000000
182.3823823824	1.0000000000	1.0000000000
182.5825825826	1.0000000000	1.0000000000
182.7827827828	1.0000000000	1.0000000000
182.9829829830	1.0000000000	1.0000000000
183.1831831832	1.0000000000	1.0000000000
183.3833833834	1.0000000000	1.0000000000
183.5835835836	1.0000000000	1.0000000000
183.7837837838	1.0000000000	1.0000000000
183.9839839840	1.0000000000	1.0000000000
184.1841841842	1.0000000000	1.0000000000
184.3843843844	1.0000000000	1.0000000000
184.5845845846	1.0000000000	1.0000000000
184.7847847848	1.0000000000	1.0000000000
184.9849849850	1.0000000000	1.0000000000
185.1851851852	1.0000000000	1.0000000000
185.3853853854	1.0000000000	1.0000000000
185.5855855856	1.0000000000	1.0000000000
185.7857857858	1.0000000000	1.0000000000
185.9859859860	1.0000000000	1.0000000000
186.1861861862	1.0000000000	1.0000000000
186.3863863864	1.0000000000	1.0000000000
186.5865865866	1.0000000000	1.0000000000
186.7867867868	1.0000000000	1.0000000000
186.9869869870	1.0000000000	1.0000000000
187.1871871872	1.0000000000	1.0000000000
187.3873873874	1.0000000000	1.0000000000
187.5875875876	1.0000000000	1.0000000000
187.7877877878	1.0000000000	1.0000000000
187.9879879880	1.0000000000	1.0000000000
188.1881881882	1.0000000000	1.0000000000
188.3883883884	1.0000000000	1.0000000000
188.5885885886	1.0000000000	1.0000000000
188.7887887888	1.0000000000	1.0000000000
188.9889889890	1.0000000000	1.0000000000
189.1891891892	1.0000000000	1.0000000000
189.3893893894	1.0000000000	1.0000000000
189.5895895896	1.0000000000	1.0000000000
189.7897897898	1.0000000000	1.0000000000
189.9899899900	1.0000000000	1.0000000000
190.1901901902	1.0000000000	1.0000000000
190.3903903904	1.0000000000	1.0000000000
190.5905905906	1.0000000000	1.0000000000
190.7907907908	1.0000000000	1.0000000000
190.9909909910	1.0000000000	1.0000000000
191.1911911912	1.0000000000	1.0000000000
191.3913913914	1.0000000000	1.0000000000
191.5915915916	1.0000000000	1.0000000000
191.7917917918	1.0000000000	1.0000000000
191.9919919920	1.0000000000	1.0000000000
192.1921921922	1.0000000000	1.0000000000
192.3923923924	1.0000000000	1.0000000000
192.5925925926	1.0000000000	1.0000000000
192.7927927928	1.0000000000	1.0000000000
192.9929929930	1.0000000000	1.0000000000
193.1931931932	1.0000000000	1.0000000000
193.3933933934	1.0000000000	1.0000000000
193.5935935936	1.0000000000	1.0000000000
193.7937937938	1.0000000000	1.0000000000
193.9939939940	1.0000000000	1.0000000000
194.1941941942	1.0000000000	1.0000000000
194.3943943944	1.0000000000	1.0000000000
194.5945945946	1.0000000000	1.0000000000
194.7947947948	1.0000000000	1.0000000000
194.9949949950	1.0000000000	1.0000000000
195.1951951952	1.0000000000	1.0000000000
195.3953953954	1.0000000000	1.0000000000
195.5955955956	1.0000000000	1.0000000000
195.7957957958	1.0000000000	1.0000000000
195.9959959960	1.0000000000	1.0000000000
196.1961961962	1.0000000000	1.0000000000
196.3963963964	1.0000000000	1.0000000000
196.5965965966	1.0000000000	1.0000000000
196.7967967968	1.0000000000	1.0000000000
196.9969969970	1.0000000000	1.0000000000
197.1971971972	1.0000000000	1.0000000000
197.3973973974	1.0000000000	1.0000000000
197.5975975976	1.0000000000	1.0000000000
197.7977977978	1.0000000000	1.0000000000
197.9979979980	1.0000000000	1.0000000000
198.1981981982	1.0000000000	1.0000000000
198.3983983984	1.0000000000	1.0000000000
198.5985985986	1.0000000000	1.0000000000
198.7987987988	1.0000000000	1.0000000000
198.9989989990	1.0000000000	1.0000000000
199.1991991992	1.0000000000	1.0000000000
199.3993993994	1.0000000000	1.0000000000
199.5995995996	1.0000000000	1.0000000000
199.7997997998	1.0000000000	1.0000000000
200.0000000000	1.0000000000	1.0000000000
