1.000000000000000021e-03	4.938057727745105694e+03	2.456233183462623401e+03
1.611591591591591544e-01	3.064575353555540715e+01	1.524488070720911459e+01
3.213183183183183078e-01	1.537304442009962280e+01	7.648142126898629378e+00
4.814774774774774890e-01	1.026101672533111930e+01	5.105412643128562244e+00
6.416366366366366147e-01	7.701036054481476434e+00	3.832092972187037372e+00
8.017957957957957404e-01	6.163783934905961992e+00	3.067487134057893972e+00
9.619549549549549772e-01	5.138427673931433404e+00	2.557502614192276980e+00
1.122114114114113992e+00	4.405778836750742222e+00	2.193113225549523371e+00
1.282273273273273118e+00	3.856157737218270931e+00	1.919763361497114795e+00
1.442432432432432243e+00	3.428597421649055121e+00	1.707127541697812223e+00
1.602591591591591369e+00	3.086502500700400997e+00	1.537002908632713938e+00
1.762750750750750495e+00	2.806577450066828128e+00	1.397802070459934543e+00
1.922909909909909842e+00	2.573287881935699684e+00	1.281798090458739381e+00
2.083069069069068746e+00	2.375876925497036662e+00	1.183640409388940995e+00
2.243228228228228094e+00	2.206659731496487087e+00	1.099506517590048693e+00
2.403387387387386998e+00	2.059999891118503346e+00	1.026592817052063067e+00
2.563546546546546345e+00	1.931669548057111774e+00	9.627963357321605020e-01
2.723705705705705693e+00	1.818435270467769982e+00	9.065087367510564764e-01
2.883864864864864597e+00	1.717781917734680697e+00	8.564789673810143666e-01
3.044024024024023944e+00	1.627723678560044185e+00	8.117192677887452579e-01
3.204183183183182848e+00	1.546671779934486235e+00	7.714393683552721592e-01
3.364342342342342196e+00	1.473339982309786134e+00	7.349994821733091266e-01
3.524501501501501100e+00	1.406675841502589064e+00	7.018761141351779198e-01
3.684660660660660447e+00	1.345809897408836164e+00	6.716367869684246594e-01
3.844819819819819795e+00	1.290017562235706627e+00	6.439210841191626011e-01
4.004978978978979143e+00	1.238690153274032868e+00	6.184262412074039705e-01
4.165138138138138046e+00	1.191312608810613849e+00	5.948960617328644673e-01
4.325297297297297838e+00	1.147446154915119809e+00	5.731122953877783033e-01
4.485456456456456742e+00	1.106714685658878095e+00	5.528878634622287347e-01
4.645615615615615646e+00	1.068793960612857585e+00	5.340614855880463363e-01
4.805774774774774549e+00	1.033402962396495317e+00	5.164933809103168239e-01
4.965933933933934341e+00	1.000296926622166627e+00	5.000618011226654058e-01
5.126093093093093245e+00	9.692616784701190147e-01	4.846602134316179700e-01
5.286252252252252148e+00	9.401089987822641714e-01	4.701949956123717689e-01
5.446411411411411940e+00	9.126728077539804085e-01	4.565835377447520216e-01
5.606570570570570844e+00	8.868060027334890849e-01	4.437526693078232554e-01
5.766729729729729748e+00	8.623778229632761416e-01	4.316373483799425537e-01
5.926888888888888651e+00	8.392716415886408710e-01	4.201795633651055351e-01
6.087048048048048443e+00	8.173831062392007407e-01	4.093274081024368960e-01
6.247207207207207347e+00	7.966185656289893613e-01	3.990342992437544978e-01
6.407366366366366250e+00	7.768937321297044729e-01	3.892583110061796359e-01
6.567525525525526042e+00	7.581325400351450750e-01	3.799616072632038266e-01
6.727684684684684946e+00	7.402661669064841687e-01	3.711099547535464116e-01
6.887843843843843850e+00	7.232321914541888219e-01	3.626723042044978640e-01
7.048003003003002753e+00	7.069738662379324579e-01	3.546204285667060030e-01
7.208162162162162545e+00	6.914394873263984831e-01	3.469286094776341534e-01
7.368321321321321449e+00	6.765818461642113535e-01	3.395733646155413843e-01
7.528480480480480352e+00	6.623577514040090986e-01	3.325332098547168491e-01
7.688639639639640144e+00	6.487276105017316663e-01	3.257884511474445355e-01
7.848798798798799048e+00	6.356550625386124809e-01	3.193210018865643707e-01
8.008957957957957063e+00	6.231066550990302932e-01	3.131142221817905247e-01
8.169117117117115967e+00	6.110515591580762962e-01	3.071527770423854720e-01
8.329276276276274871e+00	5.994613168627622724e-01	3.014225109214087595e-01
8.489435435435433774e+00	5.883096178629353412e-01	2.959103364608313691e-01
8.649594594594594454e+00	5.775721004914393664e-01	2.906041355968769779e-01
8.809753753753753358e+00	5.672261746312537989e-01	2.854926714526475617e-01
8.969912912912912262e+00	5.572508635590349702e-01	2.805655096697737272e-01
9.130072072072071165e+00	5.476266624348841150e-01	2.758129480200381400e-01
9.290231231231230069e+00	5.383354114295288984e-01	2.712259532977721599e-01
9.450390390390388973e+00	5.293601817524603570e-01	2.667961046292969263e-01
9.610549549549547876e+00	5.206851730760696517e-01	2.625155424508314184e-01
9.770708708708708556e+00	5.122956210481827144e-01	2.583769225044534323e-01
9.930867867867867460e+00	5.041777137540930376e-01	2.543733742856183477e-01
1.009102702702702636e+01	4.963185161338022899e-01	2.504984634476634109e-01
1.025118618618618527e+01	4.887059014844547522e-01	2.467461577305486986e-01
1.041134534534534417e+01	4.813284892850160368e-01	2.431107960343345253e-01
1.057150450450450307e+01	4.741755886727192504e-01	2.395870603038959545e-01
1.073166366366366198e+01	4.672371469808505595e-01	2.361699499311901984e-01
1.089182282282282266e+01	4.605037028169012836e-01	2.328547584159399164e-01
1.105198198198198156e+01	4.539663432205119364e-01	2.296370520556398898e-01
1.121214114114114047e+01	4.476166644932648708e-01	2.265126504619713321e-01
1.137230030030029937e+01	4.414467363383441367e-01	2.234776087235722519e-01
1.153245945945945827e+01	4.354490689882983268e-01	2.205282010551148919e-01
1.169261861861861718e+01	4.296165830343998682e-01	2.176609057901801036e-01
1.185277777777777608e+01	4.239425817020664455e-01	2.148723915908228588e-01
1.201293693693693676e+01	4.184207253440636043e-01	2.121595047602812256e-01
1.217309609609609566e+01	4.130450079472374192e-01	2.095192575572312477e-01
1.233325525525525457e+01	4.078097354697421961e-01	2.069488174205454944e-01
1.249341441441441347e+01	4.027095058445018805e-01	2.044454970228501700e-01
1.265357357357357238e+01	3.977391905012772622e-01	2.020067450794487129e-01
1.281373273273273128e+01	3.928939172744683739e-01	1.996301378465220877e-01
1.297389189189189018e+01	3.881690545769089784e-01	1.973133712490434122e-01
1.313405105105105086e+01	3.835601967315879768e-01	1.950542535846552239e-01
1.329421021021020977e+01	3.790631503636484601e-01	1.928506987549371277e-01
1.345436936936936867e+01	3.746739217643145214e-01	1.907007199801184771e-01
1.361452852852852757e+01	3.703887051467108504e-01	1.886024239574256300e-01
1.377468768768768648e+01	3.662038717209841754e-01	1.865540054269565207e-01
1.393484684684684538e+01	3.621159595228110040e-01	1.845537421122954436e-01
1.409500600600600428e+01	3.581216639353665410e-01	1.825999900060613357e-01
1.425516516516516496e+01	3.542178288502174088e-01	1.806911789732613405e-01
1.441532432432432387e+01	3.504014384174474195e-01	1.788258086477340914e-01
1.457548348348348277e+01	3.466696093396938183e-01	1.770024445991376094e-01
1.473564264264264168e+01	3.430195836687122135e-01	1.752197147498996688e-01
1.489580180180180058e+01	3.394487220666480010e-01	1.734763060233162346e-01
1.505596096096095948e+01	3.359544974974113529e-01	1.717709612055867974e-01
1.521612012012011839e+01	3.325344893164647875e-01	1.701024760060234897e-01
1.537627927927927907e+01	3.291863777299757210e-01	1.684696963009846560e-01
1.553643843843843797e+01	3.259079385966796027e-01	1.668715155482755341e-01
1.569659759759759687e+01	3.226970385479755454e-01	1.653068723598403733e-01
1.585675675675675578e+01	3.195516304037562261e-01	1.637747482215542449e-01
1.601691591591591646e+01	3.164697488632696176e-01	1.622741653498185610e-01
1.617707507507507714e+01	3.134495064519544072e-01	1.608041846754791060e-01
1.633723423423423426e+01	3.104890897066815980e-01	1.593639039463292939e-01
1.649739339339339494e+01	3.075867555832015876e-01	1.579524559401401240e-01
1.665755255255255207e+01	3.047408280708424066e-01	1.565690067807777863e-01
1.681771171171171275e+01	3.019496950006407832e-01	1.552127543505369134e-01
1.697787087087086988e+01	2.992118050341359137e-01	1.538829267923358946e-01
1.713803003003003056e+01	2.965256648210050083e-01	1.525787810958957325e-01
1.729818918918919124e+01	2.938898363145994730e-01	1.512996017624595180e-01
1.745834834834834837e+01	2.913029342352412288e-01	1.500446995430087527e-01
1.761850750750750905e+01	2.887636236718763016e-01	1.488134102452996488e-01
1.777866666666666617e+01	2.862706178133623824e-01	1.476050936053799612e-01
1.793882582582582685e+01	2.838226758012868389e-01	1.464191322195558809e-01
1.809898498498498398e+01	2.814186006967892006e-01	1.452549305330655127e-01
1.825914414414414466e+01	2.790572375543857175e-01	1.441119138819759449e-01
1.841930330330330534e+01	2.767374715962862552e-01	1.429895275850653347e-01
1.857946246246246247e+01	2.744582264811366024e-01	1.418872360826732570e-01
1.873962162162162315e+01	2.722184626615389291e-01	1.408045221197095631e-01
1.889978078078078028e+01	2.700171758250844434e-01	1.397408859702025108e-01
1.905993993993994096e+01	2.678533954139840634e-01	1.386958447009423445e-01
1.922009909909909808e+01	2.657261832187148842e-01	1.376689314719403978e-01
1.938025825825825876e+01	2.636346320413988087e-01	1.366596948715734228e-01
1.954041741741741944e+01	2.615778644249137086e-01	1.356676982844235158e-01
1.970057657657657657e+01	2.595550314439959427e-01	1.346925192899531554e-01
1.986073573573573725e+01	2.575653115548346417e-01	1.337337490902738846e-01
2.002089489489489438e+01	2.556079094998834900e-01	1.327909919653805504e-01
2.018105405405405506e+01	2.536820552648207383e-01	1.318638647543245446e-01
2.034121321321321219e+01	2.517870030847851326e-01	1.309519963608968551e-01
2.050137237237237287e+01	2.499220304971918050e-01	1.300550272824800013e-01
2.066153153153153355e+01	2.480864374386012594e-01	1.291726091608126348e-01
2.082169069069069067e+01	2.462795453832692938e-01	1.283044043534858902e-01
2.098184984984985135e+01	2.445006965211506955e-01	1.274500855250644271e-01
2.114200900900900848e+01	2.427492529732648840e-01	1.266093352567914665e-01
2.130216816816816916e+01	2.410245960424564904e-01	1.257818456738991897e-01
2.146232732732732629e+01	2.393261254977029628e-01	1.249673180896056224e-01
2.162248648648648697e+01	2.376532588902287579e-01	1.241654626649321969e-01
2.178264564564564765e+01	2.360054308997898143e-01	1.233759980835281711e-01
2.194280480480480477e+01	2.343820927095867090e-01	1.225986512407347406e-01
2.210296396396396545e+01	2.327827114083538540e-01	1.218331569461669067e-01
2.226312312312312258e+01	2.312067694182570743e-01	1.210792576391323122e-01
2.242328228228228326e+01	2.296537639473085202e-01	1.203367031162449752e-01
2.258344144144144039e+01	2.281232064650821345e-01	1.196052502706288906e-01
2.274360060060060107e+01	2.266146222005808453e-01	1.188846628421398460e-01
2.290375975975976175e+01	2.251275496611715721e-01	1.181747111780664522e-01
2.306391891891891888e+01	2.236615401715636720e-01	1.174751720038007125e-01
2.322407807807807956e+01	2.222161574318629595e-01	1.167858282029968497e-01
2.338423723723723668e+01	2.207909770937878380e-01	1.161064686067639767e-01
2.354439639639639736e+01	2.193855863541810947e-01	1.154368877914616620e-01
2.370455555555555449e+01	2.179995835650010705e-01	1.147768858846922591e-01
2.386471471471471517e+01	2.166325778590165174e-01	1.141262683791043203e-01
2.402487387387387585e+01	2.152841887904736462e-01	1.134848459536431375e-01
2.418503303303303298e+01	2.139540459900402258e-01	1.128524343019026849e-01
2.434519219219219366e+01	2.126417888333698714e-01	1.122288539672523372e-01
2.450535135135135079e+01	2.113470661226635738e-01	1.116139301844281118e-01
2.466551051051051147e+01	2.100695357806367236e-01	1.110074927272949041e-01
2.482566966966966859e+01	2.088088645563330459e-01	1.104093757625007333e-01
2.498582882882882927e+01	2.075647277422518755e-01	1.098194177087588319e-01
2.514598798798798995e+01	2.063368089022862284e-01	1.092374611015065472e-01
2.530614714714714708e+01	2.051247996099914983e-01	1.086633524627029918e-01
2.546630630630630776e+01	2.039283991967304477e-01	1.080969421755389875e-01
2.562646546546546489e+01	2.027473145092625884e-01	1.075380843638446549e-01
2.578662462462462557e+01	2.015812596763668085e-01	1.069866367759901987e-01
2.594678378378378270e+01	2.004299558841075857e-01	1.064424606730859091e-01
2.610694294294294338e+01	1.992931311593729715e-01	1.059054207212965920e-01
2.626710210210210406e+01	1.981705201613319089e-01	1.053753848880950028e-01
2.642726126126126118e+01	1.970618639804743444e-01	1.048522243422870398e-01
2.658742042042042186e+01	1.959669099449146967e-01	1.043358133576496177e-01
2.674757957957957899e+01	1.948854114336545651e-01	1.038260292200301194e-01
2.690773873873873967e+01	1.938171276965137413e-01	1.033227521377625691e-01
2.706789789789789680e+01	1.927618236804544971e-01	1.028258651552639985e-01
2.722805705705705748e+01	1.917192698620349967e-01	1.023352540696792212e-01
2.738821621621621816e+01	1.906892420857416726e-01	1.018508073504498235e-01
2.754837537537537528e+01	1.896715214079605083e-01	1.013724160616880782e-01
2.770853453453453596e+01	1.886658939463597418e-01	1.008999737872424279e-01
2.786869369369369309e+01	1.876721507344662476e-01	1.004333765583462212e-01
2.802885285285285377e+01	1.866900875812271265e-01	9.997252278374613166e-02
2.818901201201201090e+01	1.857195049353595195e-01	9.951731318221229694e-02
2.834917117117117158e+01	1.847602077542978283e-01	9.906765071733514283e-02
2.850933033033033226e+01	1.838120053775587903e-01	9.862344053451961579e-02
2.866948948948948939e+01	1.828747114043508537e-01	9.818458990009069909e-02
2.882964864864865007e+01	1.819481435752630660e-01	9.775100814242787539e-02
2.898980780780780719e+01	1.810321236578761595e-01	9.732260659505052869e-02
2.914996696696696787e+01	1.801264773361436755e-01	9.689929854157877664e-02
2.931012612612612500e+01	1.792310341034008547e-01	9.648099916249844310e-02
2.947028528528528568e+01	1.783456271588612640e-01	9.606762548366115650e-02
2.963044444444444636e+01	1.774700933074709608e-01	9.565909632645414051e-02
2.979060360360360349e+01	1.766042728629922953e-01	9.525533225957689976e-02
2.995076276276276417e+01	1.757480095541977816e-01	9.485625555236437689e-02
3.011092192192192130e+01	1.749011504340574341e-01	9.446179012959945998e-02
3.027108108108108198e+01	1.740635457918088824e-01	9.407186152775913468e-02
3.043124024024023910e+01	1.732350490678041255e-01	9.368639685264189276e-02
3.059139939939939978e+01	1.724155167710312297e-01	9.330532473832574281e-02
3.075155855855856046e+01	1.716048083992132711e-01	9.292857530740794569e-02
3.091171771771771759e+01	1.708027863613913178e-01	9.255608013248048382e-02
3.107187687687687827e+01	1.700093159029012480e-01	9.218777219879630003e-02
3.123203603603603540e+01	1.692242650326594988e-01	9.182358586808381240e-02
3.139219519519519608e+01	1.684475044526739795e-01	9.146345684346851579e-02
3.155235435435435321e+01	1.676789074897023779e-01	9.110732213546252067e-02
3.171251351351351389e+01	1.669183500289808386e-01	9.075512002898401820e-02
3.187267267267267101e+01	1.661657104499511817e-01	9.040679005137076951e-02
3.203283183183182814e+01	1.654208695639156346e-01	9.006227294135260575e-02
3.219299099099098527e+01	1.646837105535531309e-01	8.972151061894952095e-02
3.235315015015014950e+01	1.639541189142315059e-01	8.938444615626346679e-02
3.251330930930930663e+01	1.632319823970548867e-01	8.905102374913297092e-02
3.267346846846846375e+01	1.625171909535854109e-01	8.872118868962079741e-02
3.283362762762762088e+01	1.618096366821830945e-01	8.839488733930650488e-02
3.299378678678678511e+01	1.611092137759087273e-01	8.807206710335628574e-02
3.315394594594594224e+01	1.604158184719363667e-01	8.775267640534403779e-02
3.331410510510509937e+01	1.597293490024252749e-01	8.743666466279813310e-02
3.347426426426426360e+01	1.590497055468020615e-01	8.712398226344982011e-02
3.363442342342342073e+01	1.583767901854062632e-01	8.681458054215987485e-02
3.379458258258257786e+01	1.577105068544536748e-01	8.650841175850057518e-02
3.395474174174173498e+01	1.570507613022747717e-01	8.620542907497211194e-02
3.411490090090089922e+01	1.563974610467850357e-01	8.590558653583182935e-02
3.427506006006005634e+01	1.557505153341486592e-01	8.560883904651685194e-02
3.443521921921921347e+01	1.551098350985946062e-01	8.531514235364032195e-02
3.459537837837837770e+01	1.544753329233497785e-01	8.502445302554298423e-02
3.475553753753753483e+01	1.538469230026518475e-01	8.473672843338210525e-02
3.491569669669669196e+01	1.532245211048076372e-01	8.445192673274035111e-02
3.507585585585584909e+01	1.526080445362635318e-01	8.417000684573820724e-02
3.523601501501501332e+01	1.519974121066557660e-01	8.389092844363381374e-02
3.539617417417417045e+01	1.513925440948096501e-01	8.361465192989479822e-02
3.555633333333332757e+01	1.507933622156573672e-01	8.334113842372715963e-02
3.571649249249249181e+01	1.501997895880460565e-01	8.307034974404706174e-02
3.587665165165164893e+01	1.496117507034081529e-01	8.280224839388145019e-02
3.603681081081080606e+01	1.490291713952670294e-01	8.253679754518428169e-02
3.619696996996996319e+01	1.484519788095521042e-01	8.227396102405554190e-02
3.635712912912912742e+01	1.478801013756987082e-01	8.201370329635050693e-02
3.651728828828828455e+01	1.473134687785084829e-01	8.175598945366745196e-02
3.667744744744744168e+01	1.467520119307465787e-01	8.150078519970190005e-02
3.683760660660660591e+01	1.461956629464542523e-01	8.124805683695678071e-02
3.699776576576576304e+01	1.456443551149541604e-01	8.099777125379721554e-02
3.715792492492492016e+01	1.450980228755280876e-01	8.074989591183980020e-02
3.731808408408407729e+01	1.445566017927466251e-01	8.050439883366627969e-02
3.747824324324324152e+01	1.440200285324314822e-01	8.026124859085197183e-02
3.763840240240239865e+01	1.434882408382313346e-01	8.002041429229943270e-02
3.779856156156155578e+01	1.429611775087932524e-01	7.978186557286837122e-02
3.795872072072072001e+01	1.424387783755120263e-01	7.954557258229325023e-02
3.811887987987987714e+01	1.419209842808404620e-01	7.931150597437973404e-02
3.827903903903903426e+01	1.414077370571438508e-01	7.907963689647221073e-02
3.843919819819819139e+01	1.408989795060834604e-01	7.884993697918421529e-02
3.859935735735735562e+01	1.403946553785129225e-01	7.862237832638421797e-02
3.875951651651651275e+01	1.398947093548731924e-01	7.839693350542949191e-02
3.891967567567566988e+01	1.393990870260715387e-01	7.817357553764070488e-02
3.907983483483483411e+01	1.389077348748305185e-01	7.795227788901047672e-02
3.923999399399399124e+01	1.384206002574939198e-01	7.773301446113922708e-02
3.940015315315314837e+01	1.379376313862762382e-01	7.751575958239180497e-02
3.956031231231230549e+01	1.374587773119433920e-01	7.730048799926857173e-02
3.972047147147146973e+01	1.369839879069123523e-01	7.708717486798509488e-02
3.988063063063062685e+01	1.365132138487580860e-01	7.687579574625437451e-02
4.004078978978978398e+01	1.360464066041161546e-01	7.666632658526605082e-02
4.020094894894894821e+01	1.355835184129701165e-01	7.645874372185708367e-02
4.036110810810810534e+01	1.351245022733131851e-01	7.625302387086857481e-02
4.052126726726726247e+01	1.346693119261733185e-01	7.604914411768355642e-02
4.068142642642641960e+01	1.342179018409921376e-01	7.584708191094087504e-02
4.084158558558558383e+01	1.337702272013479021e-01	7.564681505542017459e-02
4.100174474474474096e+01	1.333262438910130243e-01	7.544832170509348235e-02
4.116190390390389808e+01	1.328859084803370172e-01	7.525158035633865150e-02
4.132206306306306232e+01	1.324491782129460227e-01	7.505656984131048315e-02
4.148222222222221944e+01	1.320160109927507874e-01	7.486326932146514235e-02
4.164238138138137657e+01	1.315863653712537884e-01	7.467165828123381588e-02
4.180254054054053370e+01	1.311602005351487354e-01	7.448171652184144842e-02
4.196269969969969793e+01	1.307374762942036528e-01	7.429342415526699051e-02
4.212285885885885506e+01	1.303181530694205170e-01	7.410676159834107823e-02
4.228301801801801219e+01	1.299021918814638743e-01	7.392170956697764750e-02
4.244317717717717642e+01	1.294895543393514703e-01	7.373824907053601330e-02
4.260333633633633355e+01	1.290802026294000371e-01	7.355636140630981978e-02
4.276349549549549067e+01	1.286740995044191593e-01	7.337602815413971080e-02
4.292365465465464780e+01	1.282712082731474190e-01	7.319723117114627919e-02
4.308381381381381203e+01	1.278714927899238518e-01	7.301995258658044996e-02
4.324397297297296916e+01	1.274749174445890809e-01	7.284417479678799434e-02
4.340413213213212629e+01	1.270814471526098555e-01	7.266988046028537152e-02
4.356429129129129052e+01	1.266910473454214148e-01	7.249705249294390030e-02
4.372445045045044765e+01	1.263036839609823769e-01	7.232567406327981840e-02
4.388460960960960477e+01	1.259193234345359347e-01	7.215572858784703725e-02
4.404476876876876190e+01	1.255379326895729453e-01	7.198719972673038592e-02
4.420492792792792613e+01	1.251594791289913355e-01	7.182007137913654082e-02
4.436508708708708326e+01	1.247839306264470483e-01	7.165432767908042067e-02
4.452524624624624039e+01	1.244112555178914503e-01	7.148995299116439606e-02
4.468540540540540462e+01	1.240414225932909009e-01	7.132693190644806558e-02
4.484556456456456175e+01	1.236744010885236084e-01	7.116524923840651662e-02
4.500572372372371888e+01	1.233101606774495290e-01	7.100489001897460073e-02
4.516588288288287600e+01	1.229486714641489647e-01	7.084583949467515573e-02
4.532604204204204024e+01	1.225899039753256259e-01	7.068808312282938433e-02
4.548620120120119736e+01	1.222338291528703158e-01	7.053160656784687732e-02
4.564636036036035449e+01	1.218804183465809210e-01	7.037639569759371327e-02
4.580651951951951872e+01	1.215296433070352372e-01	7.022243657983660847e-02
4.596667867867867585e+01	1.211814761786128569e-01	7.006971547876127138e-02
4.612683783783783298e+01	1.208358894926621629e-01	6.991821885156297711e-02
4.628699699699699011e+01	1.204928561608093890e-01	6.976793334510800193e-02
4.644715615615615434e+01	1.201523494684059168e-01	6.961884579266386375e-02
4.660731531531531147e+01	1.198143430681108540e-01	6.947094321069686995e-02
4.676747447447446859e+01	1.194788109736051873e-01	6.932421279573533490e-02
4.692763363363363283e+01	1.191457275534348048e-01	6.917864192129687118e-02
4.708779279279278995e+01	1.188150675249792093e-01	6.903421813487829739e-02
4.724795195195194708e+01	1.184868059485426617e-01	6.889092915500659442e-02
4.740811111111110421e+01	1.181609182215651865e-01	6.874876286834956385e-02
4.756827027027026844e+01	1.178373800729506232e-01	6.860770732688463436e-02
4.772842942942942557e+01	1.175161675575085996e-01	6.846775074512473358e-02
4.788858858858858270e+01	1.171972570505082217e-01	6.832888149739946293e-02
4.804874774774774693e+01	1.168806252423405384e-01	6.819108811519068725e-02
4.820890690690690406e+01	1.165662491332874889e-01	6.805435928452115146e-02
4.836906606606606118e+01	1.162541060283946437e-01	6.791868384339473652e-02
4.852922522522521831e+01	1.159441735324454881e-01	6.778405077928735534e-02
4.868938438438438254e+01	1.156364295450349189e-01	6.765044922668726757e-02
4.884954354354353967e+01	1.153308522557396631e-01	6.751786846468367520e-02
4.900970270270269680e+01	1.150274201393831075e-01	6.738629791460247487e-02
4.916986186186186103e+01	1.147261119513930117e-01	6.725572713768811217e-02
4.933002102102101816e+01	1.144269067232494830e-01	6.712614583283049718e-02
4.949018018018017528e+01	1.141297837580211444e-01	6.699754383433598193e-02
4.965033933933933241e+01	1.138347226259879830e-01	6.686991110974133123e-02
4.981049849849849664e+01	1.135417031603483812e-01	6.674323775766984046e-02
4.997065765765765377e+01	1.132507054530088042e-01	6.661751400572850368e-02
5.013081681681681090e+01	1.129617098504541312e-01	6.649273020844545523e-02
5.029097597597597513e+01	1.126746969496968814e-01	6.636887684524674091e-02
5.045113513513513226e+01	1.123896475943035878e-01	6.624594451847151677e-02
5.061129429429428939e+01	1.121065428704965533e-01	6.612392395142477342e-02
5.077145345345344651e+01	1.118253641033294526e-01	6.600280598646703079e-02
5.093161261261261075e+01	1.115460928529349166e-01	6.588258158313971269e-02
5.109177177177176787e+01	1.112687109108429356e-01	6.576324181632604848e-02
5.125193093093092500e+01	1.109932002963679581e-01	6.564477787444597534e-02
5.141209009009008923e+01	1.107195432530637125e-01	6.552718105768504109e-02
5.157224924924924636e+01	1.104477222452439900e-01	6.541044277625605863e-02
5.173240840840840349e+01	1.101777199545681124e-01	6.529455454869299846e-02
5.189256756756756062e+01	1.099095192766894047e-01	6.517950800017646706e-02
5.205272672672672485e+01	1.096431033179657843e-01	6.506529486088992453e-02
5.221288588588588198e+01	1.093784553922307473e-01	6.495190696440619749e-02
5.237304504504503910e+01	1.091155590176234730e-01	6.483933624610339896e-02
5.253320420420420334e+01	1.088543979134771189e-01	6.472757474160989455e-02
5.269336336336336046e+01	1.085949559972636813e-01	6.461661458527745427e-02
5.285352252252251759e+01	1.083372173815944084e-01	6.450644800868220174e-02
5.301368168168167472e+01	1.080811663712746423e-01	6.439706733915251391e-02
5.317384084084083895e+01	1.078267874604117160e-01	6.428846499832363559e-02
5.333399999999999608e+01	1.075740653295751970e-01	6.418063350071820383e-02
5.349415915915915321e+01	1.073229848430077432e-01	6.407356545235219636e-02
5.365431831831831744e+01	1.070735310458862943e-01	6.396725354936579067e-02
5.381447747747747457e+01	1.068256891616319176e-01	6.386169057667863413e-02
5.397463663663663169e+01	1.065794445892675191e-01	6.375686940666902558e-02
5.413479579579578882e+01	1.063347829008225859e-01	6.365278299787645311e-02
5.429495495495495305e+01	1.060916898387836566e-01	6.354942439372698870e-02
5.445511411411411018e+01	1.058501513135900185e-01	6.344678672128130359e-02
5.461527327327326731e+01	1.056101534011731347e-01	6.334486319000441623e-02
5.477543243243243154e+01	1.053716823405394798e-01	6.324364709055721456e-02
5.493559159159158867e+01	1.051347245313955237e-01	6.314313179360887818e-02
5.509575075075074579e+01	1.048992665318140977e-01	6.304331074867008944e-02
5.525590990990990292e+01	1.046652950559414097e-01	6.294417748294642290e-02
5.541606906906906715e+01	1.044327969717437493e-01	6.284572560021164933e-02
5.557622822822822428e+01	1.042017592987931757e-01	6.274794877970035767e-02
5.573638738738738141e+01	1.039721692060912445e-01	6.265084077501974213e-02
5.589654654654654564e+01	1.037440140099303160e-01	6.255439541308004114e-02
5.605670570570570277e+01	1.035172811717914171e-01	6.245860659304312834e-02
5.621686486486485990e+01	1.032919582962779637e-01	6.236346828528931824e-02
5.637702402402401702e+01	1.030680331290847324e-01	6.226897453040143582e-02
5.653718318318318126e+01	1.028454935550013882e-01	6.217511943816632358e-02
5.669734234234233838e+01	1.026243275959498186e-01	6.208189718659317541e-02
5.685750150150149551e+01	1.024045234090544820e-01	6.198930202094839886e-02
5.701766066066065974e+01	1.021860692847454538e-01	6.189732825280675615e-02
5.717781981981981687e+01	1.019689536448932649e-01	6.180597025911838127e-02
5.733797897897897400e+01	1.017531650409748828e-01	6.171522248129143046e-02
5.749813813813813113e+01	1.015386921522704877e-01	6.162507942428999824e-02
5.765829729729729536e+01	1.013255237840902101e-01	6.153553565574708395e-02
5.781845645645645249e+01	1.011136488660303173e-01	6.144658580509225476e-02
5.797861561561560961e+01	1.009030564502582522e-01	6.135822456269367231e-02
5.813877477477477385e+01	1.006937357098261071e-01	6.127044667901440644e-02
5.829893393393393097e+01	1.004856759370117841e-01	6.118324696378250188e-02
5.845909309309308810e+01	1.002788665416874808e-01	6.109662028517473531e-02
5.861925225225224523e+01	1.000732970497147933e-01	6.101056156901369515e-02
5.877941141141140946e+01	9.986895710136617366e-02	6.092506579797797583e-02
5.893957057057056659e+01	9.966583644977206058e-02	6.084012801082522293e-02
5.909972972972972372e+01	9.946392495939317124e-02	6.075574330162780701e-02
5.925988888888888795e+01	9.926321260451764772e-02	6.067190681902080718e-02
5.942004804804804508e+01	9.906368946778250362e-02	6.058861376546224170e-02
5.958020720720720220e+01	9.886534573871876008e-02	6.050585939650507394e-02
5.974036636636635933e+01	9.866817171232011852e-02	6.042363902008104221e-02
5.990052552552552356e+01	9.847215778763454552e-02	6.034194799579586932e-02
6.006068468468468069e+01	9.827729446637832600e-02	6.026078173423575490e-02
6.022084384384383782e+01	9.808357235157225129e-02	6.018013569628495596e-02
6.038100300300300205e+01	9.789098214619949834e-02	6.010000539245410889e-02
6.054116216216215918e+01	9.769951465188479733e-02	6.002038638221934147e-02
6.070132132132131630e+01	9.750916076759451323e-02	5.994127427337168218e-02
6.086148048048047343e+01	9.731991148835714145e-02	5.986266472137684314e-02
6.102163963963963766e+01	9.713175790400412069e-02	5.978455342874499506e-02
6.118179879879879479e+01	9.694469119793021339e-02	5.970693614441047875e-02
6.134195795795795192e+01	9.675870264587342617e-02	5.962980866312116157e-02
6.150211711711711615e+01	9.657378361471388728e-02	5.955316682483739743e-02
6.166227627627627328e+01	9.638992556129151457e-02	5.947700651414027095e-02
6.182243543543543041e+01	9.620712003124201606e-02	5.940132365964906347e-02
6.198259459459458753e+01	9.602535865785084834e-02	5.932611423344773260e-02
6.214275375375375177e+01	9.584463316092500795e-02	5.925137425052025980e-02
6.230291291291290889e+01	9.566493534568214219e-02	5.917709976819467838e-02
6.246307207207206602e+01	9.548625710165671576e-02	5.910328688559562255e-02
6.262323123123122315e+01	9.530859040162301121e-02	5.902993174310537661e-02
6.278339039039038738e+01	9.513192730053449120e-02	5.895703052183297321e-02
6.294354954954954451e+01	9.495625993447957824e-02	5.888457944309163222e-02
6.310370870870870164e+01	9.478158051965296371e-02	5.881257476788390864e-02
6.326386786786786587e+01	9.460788135134286236e-02	5.874101279639478562e-02
6.342402702702702300e+01	9.443515480293342146e-02	5.866988986749249041e-02
6.358418618618618012e+01	9.426339332492221501e-02	5.859920235823667251e-02
6.374434534534533725e+01	9.409258944395258728e-02	5.852894668339417988e-02
6.390450450450450148e+01	9.392273576186045692e-02	5.845911929496194759e-02
6.406466366366366572e+01	9.375382495473552624e-02	5.838971668169719992e-02
6.422482282282282995e+01	9.358584977199638222e-02	5.832073536865450825e-02
6.438498198198197997e+01	9.341880303547948905e-02	5.825217191672989875e-02
6.454514114114114420e+01	9.325267763854167002e-02	5.818402292221162841e-02
6.470530030030030844e+01	9.308746654517598140e-02	5.811628501633774729e-02
6.486545945945945846e+01	9.292316278914061756e-02	5.804895486486010003e-02
6.502561861861862269e+01	9.275975947310062530e-02	5.798202916761480835e-02
6.518577777777778692e+01	9.259724976778241357e-02	5.791550465809913034e-02
6.534593693693693695e+01	9.243562691114051710e-02	5.784937810305447459e-02
6.550609609609610118e+01	9.227488420753669762e-02	5.778364630205555519e-02
6.566625525525525120e+01	9.211501502693095200e-02	5.771830608710556282e-02
6.582641441441441543e+01	9.195601280408437217e-02	5.765335432223721995e-02
6.598657357357357967e+01	9.179787103777363455e-02	5.758878790311969254e-02
6.614673273273272969e+01	9.164058329001677217e-02	5.752460375667118458e-02
6.630689189189189392e+01	9.148414318531028488e-02	5.746079884067708393e-02
6.646705105105105815e+01	9.132854440987718536e-02	5.739737014341378396e-02
6.662721021021020817e+01	9.117378071092593905e-02	5.733431468327777891e-02
6.678736936936937241e+01	9.101984589591996522e-02	5.727162950842014377e-02
6.694752852852853664e+01	9.086673383185771280e-02	5.720931169638631547e-02
6.710768768768768666e+01	9.071443844456301975e-02	5.714735835376098805e-02
6.726784684684685089e+01	9.056295371798549210e-02	5.708576661581803852e-02
6.742800600600601513e+01	9.041227369351097221e-02	5.702453364617555281e-02
6.758816516516516515e+01	9.026239246928180471e-02	5.696365663645566041e-02
6.774832432432432938e+01	9.011330419952649773e-02	5.690313280594921919e-02
6.790848348348347940e+01	8.996500309389926509e-02	5.684295940128532981e-02
6.806864264264264364e+01	8.981748341682849190e-02	5.678313369610534650e-02
6.822880180180180787e+01	8.967073948687460938e-02	5.672365299074169642e-02
6.838896096096095789e+01	8.952476567609689295e-02	5.666451461190102207e-02
6.854912012012012212e+01	8.937955640942910063e-02	5.660571591235189631e-02
6.870927927927928636e+01	8.923510616406392371e-02	5.654725427061683268e-02
6.886943843843843638e+01	8.909140946884591683e-02	5.648912709066868099e-02
6.902959759759760061e+01	8.894846090367296287e-02	5.643133180163114465e-02
6.918975675675676484e+01	8.880625509890591185e-02	5.637386585748353773e-02
6.934991591591591487e+01	8.866478673478660200e-02	5.631672673676966362e-02
6.951007507507507910e+01	8.852405054086363856e-02	5.625991194231057951e-02
6.967023423423424333e+01	8.838404129542634657e-02	5.620341900092155896e-02
6.983039339339339335e+01	8.824475382494634257e-02	5.614724546313269032e-02
6.999055255255255759e+01	8.810618300352678067e-02	5.609138890291354845e-02
7.015071171171170761e+01	8.796832375235923152e-02	5.603584691740149532e-02
7.031087087087087184e+01	8.783117103918780533e-02	5.598061712663376238e-02
7.047103003003003607e+01	8.769471987778079680e-02	5.592569717328316897e-02
7.063118918918918610e+01	8.755896532740932436e-02	5.587108472239746965e-02
7.079134834834835033e+01	8.742390249233303323e-02	5.581677746114221961e-02
7.095150750750751456e+01	8.728952652129295942e-02	5.576277309854713038e-02
7.111166666666666458e+01	8.715583260701099955e-02	5.570906936525589492e-02
7.127182582582582882e+01	8.702281598569620857e-02	5.565566401327930179e-02
7.143198498498499305e+01	8.689047193655782819e-02	5.560255481575182568e-02
7.159214414414414307e+01	8.675879578132472680e-02	5.554973956669135432e-02
7.175230330330330730e+01	8.662778288377119551e-02	5.549721608076219753e-02
7.191246246246247154e+01	8.649742864924932217e-02	5.544498219304127423e-02
7.207262162162162156e+01	8.636772852422736069e-02	5.539303575878742891e-02
7.223278078078078579e+01	8.623867799583431748e-02	5.534137465321377347e-02
7.239293993993993581e+01	8.611027259141061652e-02	5.528999677126315848e-02
7.255309909909910004e+01	8.598250787806457907e-02	5.523890002738648941e-02
7.271325825825826428e+01	8.585537946223496808e-02	5.518808235532413758e-02
7.287341741741741430e+01	8.572888298925902817e-02	5.513754170789008507e-02
7.303357657657657853e+01	8.560301414294645139e-02	5.508727605675904637e-02
7.319373573573574276e+01	8.547776864515874151e-02	5.503728339225630317e-02
7.335389489489489279e+01	8.535314225539419875e-02	5.498756172315037716e-02
7.351405405405405702e+01	8.522913077037824747e-02	5.493810907644833957e-02
7.367421321321322125e+01	8.510573002365914852e-02	5.488892349719386859e-02
7.383437237237237127e+01	8.498293588520897113e-02	5.484000304826790184e-02
7.399453153153153551e+01	8.486074426102965806e-02	5.479134581019191180e-02
7.415469069069069974e+01	8.473915109276429491e-02	5.474294988093372089e-02
7.431484984984984976e+01	8.461815235731331986e-02	5.469481337571584917e-02
7.447500900900901399e+01	8.449774406645568781e-02	5.464693442682632546e-02
7.463516816816816402e+01	8.437792226647505833e-02	5.459931118343197554e-02
7.479532732732732825e+01	8.425868303779038282e-02	5.455194181139409043e-02
7.495548648648649248e+01	8.414002249459179295e-02	5.450482449308647476e-02
7.511564564564564250e+01	8.402193678448056924e-02	5.445795742721581956e-02
7.527580480480480674e+01	8.390442208811414726e-02	5.441133882864444132e-02
7.543596396396397097e+01	8.378747461885528713e-02	5.436496692821515819e-02
7.559612312312312099e+01	8.367109062242601702e-02	5.431883997257856700e-02
7.575628228228228522e+01	8.355526637656565669e-02	5.427295622402236730e-02
7.591644144144144946e+01	8.343999819069342072e-02	5.422731396030295442e-02
7.607660060060059948e+01	8.332528240557512955e-02	5.418191147447914968e-02
7.623675975975976371e+01	8.321111539299408388e-02	5.413674707474792208e-02
7.639691891891892794e+01	8.309749355542624116e-02	5.409181908428235819e-02
7.655707807807807797e+01	8.298441332571927787e-02	5.404712584107153328e-02
7.671723723723724220e+01	8.287187116677577348e-02	5.400266569776245723e-02
7.687739639639639222e+01	8.275986357124037740e-02	5.395843702150403959e-02
7.703755555555555645e+01	8.264838706119066736e-02	5.391443819379288654e-02
7.719771471471472069e+01	8.253743818783217112e-02	5.387066761032123507e-02
7.735787387387387071e+01	8.242701353119687158e-02	5.382712368082654547e-02
7.751803303303303494e+01	8.231710969984561144e-02	5.378380482894314085e-02
7.767819219219219917e+01	8.220772333057416170e-02	5.374070949205566466e-02
7.783835135135134919e+01	8.209885108812282895e-02	5.369783612115427290e-02
7.799851051051051343e+01	8.199048966488968471e-02	5.365518318069169290e-02
7.815866966966967766e+01	8.188263578064736148e-02	5.361274914844207928e-02
7.831882882882882768e+01	8.177528618226323487e-02	5.357053251536151445e-02
7.847898798798799191e+01	8.166843764342304746e-02	5.352853178545029234e-02
7.863914714714715615e+01	8.156208696435801597e-02	5.348674547561690223e-02
7.879930630630630617e+01	8.145623097157501935e-02	5.344517211554367098e-02
7.895946546546547040e+01	8.135086651759032561e-02	5.340381024755397332e-02
7.911962462462462042e+01	8.124599048066638574e-02	5.336265842648123953e-02
7.927978378378378466e+01	8.114159976455183332e-02	5.332171521953935067e-02
7.943994294294294889e+01	8.103769129822468997e-02	5.328097920619480343e-02
7.960010210210209891e+01	8.093426203563862387e-02	5.324044897804029730e-02
7.976026126126126314e+01	8.083130895547221972e-02	5.320012313866989001e-02
7.992042042042042738e+01	8.072882906088134358e-02	5.316000030355572809e-02
8.008057957957957740e+01	8.062681937925438025e-02	5.312007909992615823e-02
8.024073873873874163e+01	8.052527696197049611e-02	5.308035816664537915e-02
8.040089789789790586e+01	8.042419888416067753e-02	5.304083615409454361e-02
8.056105705705705589e+01	8.032358224447172512e-02	5.300151172405426908e-02
8.072121621621622012e+01	8.022342416483292660e-02	5.296238354958855005e-02
8.088137537537538435e+01	8.012372179022568541e-02	5.292345031493005114e-02
8.104153453453453437e+01	8.002447228845563365e-02	5.288471071536686441e-02
8.120169369369369861e+01	7.992567284992763144e-02	5.284616345713046004e-02
8.136185285285284863e+01	7.982732068742333376e-02	5.280780725728508734e-02
8.152201201201201286e+01	7.972941303588135242e-02	5.276964084361847329e-02
8.168217117117117709e+01	7.963194715218015196e-02	5.273166295453378394e-02
8.184233033033032712e+01	7.953492031492323533e-02	5.269387233894287648e-02
8.200248948948949135e+01	7.943832982422703581e-02	5.265626775616082111e-02
8.216264864864865558e+01	7.934217300151125141e-02	5.261884797580168582e-02
8.232280780780780560e+01	7.924644718929160780e-02	5.258161177767549377e-02
8.248296696696696984e+01	7.915114975097495287e-02	5.254455795168643667e-02
8.264312612612613407e+01	7.905627807065690460e-02	5.250768529773227472e-02
8.280328528528528409e+01	7.896182955292163630e-02	5.247099262560490918e-02
8.296344444444444832e+01	7.886780162264414584e-02	5.243447875489209986e-02
8.312360360360359834e+01	7.877419172479471765e-02	5.239814251488037616e-02
8.328376276276276258e+01	7.868099732424566062e-02	5.236198274445900275e-02
8.344392192192192681e+01	7.858821590558025261e-02	5.232599829202514569e-02
8.360408108108107683e+01	7.849584497290391927e-02	5.229018801539011413e-02
8.376424024024024106e+01	7.840388204965749452e-02	5.225455078168660811e-02
8.392439939939940530e+01	7.831232467843275702e-02	5.221908546727715983e-02
8.408455855855855532e+01	7.822117042078984006e-02	5.218379095766358111e-02
8.424471771771771955e+01	7.813041685707695916e-02	5.214866614739740308e-02
8.440487687687688378e+01	7.804006158625209633e-02	5.211370993999143303e-02
8.456503603603603381e+01	7.795010222570664116e-02	5.207892124783226190e-02
8.472519519519519804e+01	7.786053641109109968e-02	5.204429899209381954e-02
8.488535435435436227e+01	7.777136179614276001e-02	5.200984210265186675e-02
8.504551351351351229e+01	7.768257605251534248e-02	5.197554951799952805e-02
8.520567267267267653e+01	7.759417686961041227e-02	5.194142018516371279e-02
8.536583183183182655e+01	7.750616195441094314e-02	5.190745305962256306e-02
8.552599099099099078e+01	7.741852903131647701e-02	5.187364710522381073e-02
8.568615015015015501e+01	7.733127584198032367e-02	5.184000129410398783e-02
8.584630930930930504e+01	7.724440014514848130e-02	5.180651460660870566e-02
8.600646846846846927e+01	7.715789971650036105e-02	5.177318603121366242e-02
8.616662762762763350e+01	7.707177234849135750e-02	5.174001456444667774e-02
8.632678678678678352e+01	7.698601585019707039e-02	5.170699921081056000e-02
8.648694594594594776e+01	7.690062804715930289e-02	5.167413898270675765e-02
8.664710510510511199e+01	7.681560678123373898e-02	5.164143290036003059e-02
8.680726426426426201e+01	7.673094991043941104e-02	5.160887999174384316e-02
8.696742342342342624e+01	7.664665530880959698e-02	5.157647929250658292e-02
8.712758258258259048e+01	7.656272086624461848e-02	5.154422984589872997e-02
8.728774174174174050e+01	7.647914448836608259e-02	5.151213070270066474e-02
8.744790090090090473e+01	7.639592409637280257e-02	5.148018092115143329e-02
8.760806006006005475e+01	7.631305762689827299e-02	5.144837956687819264e-02
8.776821921921921899e+01	7.623054303186962977e-02	5.141672571282651649e-02
8.792837837837838322e+01	7.614837827836833106e-02	5.138521843919141574e-02
8.808853753753753324e+01	7.606656134849215656e-02	5.135385683334914991e-02
8.824869669669669747e+01	7.598509023921881655e-02	5.132263998978979502e-02
8.840885585585586171e+01	7.590396296227103212e-02	5.129156701005051916e-02
8.856901501501501173e+01	7.582317754398304466e-02	5.126063700264965606e-02
8.872917417417417596e+01	7.574273202516856873e-02	5.122984908302141011e-02
8.888933333333334019e+01	7.566262446099022987e-02	5.119920237345138014e-02
8.904949249249249021e+01	7.558285292083030682e-02	5.116869600301269388e-02
8.920965165165165445e+01	7.550341548816293102e-02	5.113832910750291949e-02
8.936981081081081868e+01	7.542431026042768771e-02	5.110810082938160165e-02
8.952996996996996870e+01	7.534553534890449378e-02	5.107801031770851929e-02
8.969012912912913293e+01	7.526708887858982178e-02	5.104805672808257477e-02
8.985028828828828296e+01	7.518896898807433948e-02	5.101823922258142546e-02
9.001044744744744719e+01	7.511117382942168741e-02	5.098855696970164275e-02
9.017060660660661142e+01	7.503370156804876900e-02	5.095900914429962042e-02
9.033076576576576144e+01	7.495655038260705394e-02	5.092959492753313527e-02
9.049092492492492568e+01	7.487971846486538019e-02	5.090031350680338657e-02
9.065108408408408991e+01	7.480320401959379695e-02	5.087116407569786114e-02
9.081124324324323993e+01	7.472700526444879532e-02	5.084214583393368431e-02
9.097140240240240416e+01	7.465112042985960761e-02	5.081325798730157439e-02
9.113156156156156840e+01	7.457554775891583887e-02	5.078449974761048424e-02
9.129172072072071842e+01	7.450028550725618093e-02	5.075587033263273540e-02
9.145187987987988265e+01	7.442533194295827825e-02	5.072736896604982532e-02
9.161203903903904688e+01	7.435068534642989835e-02	5.069899487739872729e-02
9.177219819819819691e+01	7.427634401030104583e-02	5.067074730201886340e-02
9.193235735735736114e+01	7.420230623931729774e-02	5.064262548099950079e-02
9.209251651651651116e+01	7.412857035023427688e-02	5.061462866112787645e-02
9.225267567567567539e+01	7.405513467171317976e-02	5.058675609483769681e-02
9.241283483483483963e+01	7.398199754421735941e-02	5.055900704015833802e-02
9.257299399399398965e+01	7.390915731991004600e-02	5.053138076066445578e-02
9.273315315315315388e+01	7.383661236255312232e-02	5.050387652542621258e-02
9.289331231231231811e+01	7.376436104740680122e-02	5.047649360895999082e-02
9.305347147147146813e+01	7.369240176113062146e-02	5.044923129117962618e-02
9.321363063063063237e+01	7.362073290168513751e-02	5.042208885734811991e-02
9.337378978978979660e+01	7.354935287823487211e-02	5.039506559802996860e-02
9.353394894894894662e+01	7.347826011105211552e-02	5.036816080904385484e-02
9.369410810810811086e+01	7.340745303142176548e-02	5.034137379141588597e-02
9.385426726726727509e+01	7.333693008154716642e-02	5.031470385133338108e-02
9.401442642642642511e+01	7.326668971445685075e-02	5.028815030009902570e-02
9.417458558558558934e+01	7.319673039391223768e-02	5.026171245408559557e-02
9.433474474474473936e+01	7.312705059431630350e-02	5.023538963469109664e-02
9.449490390390390360e+01	7.305764880062316780e-02	5.020918116829438393e-02
9.465506306306306783e+01	7.298852350824860946e-02	5.018308638621127304e-02
9.481522222222221785e+01	7.291967322298141541e-02	5.015710462465103325e-02
9.497538138138138208e+01	7.285109646089572843e-02	5.013123522467338722e-02
9.513554054054054632e+01	7.278279174826418618e-02	5.010547753214595473e-02
9.529569969969969634e+01	7.271475762147203148e-02	5.007983089770207813e-02
9.545585885885886057e+01	7.264699262693194437e-02	5.005429467669912647e-02
9.561601801801802480e+01	7.257949532099992884e-02	5.002886822917725768e-02
9.577617717717717483e+01	7.251226426989181018e-02	5.000355091981848604e-02
9.593633633633633906e+01	7.244529804960073149e-02	4.997834211790631170e-02
9.609649549549550329e+01	7.237859524581546911e-02	4.995324119728564854e-02
9.625665465465465331e+01	7.231215445383946949e-02	4.992824753632323781e-02
9.641681381381381755e+01	7.224597427851071896e-02	4.990336051786839477e-02
9.657697297297296757e+01	7.218005333412250146e-02	4.987857952921420646e-02
9.673713213213213180e+01	7.211439024434478096e-02	4.985390396205911095e-02
9.689729129129129603e+01	7.204898364214654127e-02	4.982933321246885844e-02
9.705745045045044606e+01	7.198383216971875054e-02	4.980486668083883989e-02
9.721760960960961029e+01	7.191893447839814435e-02	4.978050377185683911e-02
9.737776876876877452e+01	7.185428922859174450e-02	4.975624389446610396e-02
9.753792792792792454e+01	7.178989508970219646e-02	4.973208646182886161e-02
9.769808708708708878e+01	7.172575074005366202e-02	4.970803089129010449e-02
9.785824624624625301e+01	7.166185486681862782e-02	4.968407660434181333e-02
9.801840540540540303e+01	7.159820616594535225e-02	4.966022302658756188e-02
9.817856456456456726e+01	7.153480334208596469e-02	4.963646958770734363e-02
9.833872372372373150e+01	7.147164510852536956e-02	4.961281572142291207e-02
9.849888288288288152e+01	7.140873018711077491e-02	4.958926086546336376e-02
9.865904204204204575e+01	7.134605730818191494e-02	4.956580446153106140e-02
9.881920120120119577e+01	7.128362521050199407e-02	4.954244595526798717e-02
9.897936036036036000e+01	7.122143264118924177e-02	4.951918479622229724e-02
9.913951951951952424e+01	7.115947835564911950e-02	4.949602043781533428e-02
9.929967867867867426e+01	7.109776111750731875e-02	4.947295233730888975e-02
9.945983783783783849e+01	7.103627969854317548e-02	4.944997995577279926e-02
9.961999699699700273e+01	7.097503287862393095e-02	4.942710275805287101e-02
9.978015615615615275e+01	7.091401944563956172e-02	4.940432021273914037e-02
9.994031531531531698e+01	7.085323819543816459e-02	4.938163179213441584e-02
1.001004744744744812e+02	7.079268793176202168e-02	4.935903697222312342e-02
1.002606336336336312e+02	7.073236746618433157e-02	4.933653523264051877e-02
1.004207927927927955e+02	7.067227561804641234e-02	4.931412605664207971e-02
1.005809519519519597e+02	7.061241121439562618e-02	4.929180893107336370e-02
1.007411111111111097e+02	7.055277308992378982e-02	4.926958334634001790e-02
1.009012702702702740e+02	7.049336008690630651e-02	4.924744879637811545e-02
1.010614294294294240e+02	7.043417105514172827e-02	4.922540477862485941e-02
1.012215885885885882e+02	7.037520485189197039e-02	4.920345079398943944e-02
1.013817477477477524e+02	7.031646034182308103e-02	4.918158634682432556e-02
1.015419069069069025e+02	7.025793639694659365e-02	4.915981094489666609e-02
1.017020660660660667e+02	7.019963189656136526e-02	4.913812409936012260e-02
1.018622252252252309e+02	7.014154572719603908e-02	4.911652532472687155e-02
1.020223843843843810e+02	7.008367678255196520e-02	4.909501413883992499e-02
1.021825435435435452e+02	7.002602396344675961e-02	4.907359006284570113e-02
1.023427027027027094e+02	6.996858617775830735e-02	4.905225262116686552e-02
1.025028618618618594e+02	6.991136234036933461e-02	4.903100134147542200e-02
1.026630210210210237e+02	6.985435137311246656e-02	4.900983575466608816e-02
1.028231801801801879e+02	6.979755220471579868e-02	4.898875539482987901e-02
1.029833393393393379e+02	6.974096377074903708e-02	4.896775979922800975e-02
1.031434984984985022e+02	6.968458501357008283e-02	4.894684850826597211e-02
1.033036576576576522e+02	6.962841488227210218e-02	4.892602106546792284e-02
1.034638168168168164e+02	6.957245233263108231e-02	4.890527701745127354e-02
1.036239759759759806e+02	6.951669632705399782e-02	4.888461591390155098e-02
1.037841351351351307e+02	6.946114583452725477e-02	4.886403730754745878e-02
1.039442942942942949e+02	6.940579983056575919e-02	4.884354075413625124e-02
1.041044534534534591e+02	6.935065729716241578e-02	4.882312581240921823e-02
1.042646126126126092e+02	6.929571722273807077e-02	4.880279204407754479e-02
1.044247717717717734e+02	6.924097860209191269e-02	4.878253901379825397e-02
1.045849309309309376e+02	6.918644043635237273e-02	4.876236628915052440e-02
1.047450900900900876e+02	6.913210173292845540e-02	4.874227344061211192e-02
1.049052492492492519e+02	6.907796150546144376e-02	4.872226004153602102e-02
1.050654084084084161e+02	6.902401877377718764e-02	4.870232566812746772e-02
1.052255675675675661e+02	6.897027256383869709e-02	4.868246989942096037e-02
1.053857267267267304e+02	6.891672190769920769e-02	4.866269231725763034e-02
1.055458858858858804e+02	6.886336584345573164e-02	4.864299250626281240e-02
1.057060450450450446e+02	6.881020341520290018e-02	4.862337005382380561e-02
1.058662042042042088e+02	6.875723367298741673e-02	4.860382455006779373e-02
1.060263633633633589e+02	6.870445567276271814e-02	4.858435558784007097e-02
1.061865225225225231e+02	6.865186847634413558e-02	4.856496276268237877e-02
1.063466816816816873e+02	6.859947115136454110e-02	4.854564567281150628e-02
1.065068408408408374e+02	6.854726277123025791e-02	4.852640391909804340e-02
1.066670000000000016e+02	6.849524241507740085e-02	4.850723710504539071e-02
1.068271591591591658e+02	6.844340916772870265e-02	4.848814483676885945e-02
1.069873183183183158e+02	6.839176211965060370e-02	4.846912672297509078e-02
1.071474774774774801e+02	6.834030036691077226e-02	4.845018237494158608e-02
1.073076366366366443e+02	6.828902301113608242e-02	4.843131140649643146e-02
1.074677957957957943e+02	6.823792915947081428e-02	4.841251343399823742e-02
1.076279549549549586e+02	6.818701792453533972e-02	4.839378807631621732e-02
1.077881141141141086e+02	6.813628842438518296e-02	4.837513495481052944e-02
1.079482732732732728e+02	6.808573978247034475e-02	4.835655369331270936e-02
1.081084324324324371e+02	6.803537112759508454e-02	4.833804391810633122e-02
1.082685915915915871e+02	6.798518159387803572e-02	4.831960525790781474e-02
1.084287507507507513e+02	6.793517032071264006e-02	4.830123734384746820e-02
1.085889099099099155e+02	6.788533645272797068e-02	4.828293980945062847e-02
1.087490690690690656e+02	6.783567913974987429e-02	4.826471229061903706e-02
1.089092282282282298e+02	6.778619753676246029e-02	4.824655442561231328e-02
1.090693873873873940e+02	6.773689080386997852e-02	4.822846585502967021e-02
1.092295465465465441e+02	6.768775810625894673e-02	4.821044622179178341e-02
1.093897057057057083e+02	6.763879861416063899e-02	4.819249517112274978e-02
1.095498648648648725e+02	6.759001150281397641e-02	4.817461235053230317e-02
1.097100240240240225e+02	6.754139595242865390e-02	4.815679740979814105e-02
1.098701831831831868e+02	6.749295114814855834e-02	4.813905000094843845e-02
1.100303423423423368e+02	6.744467628001568626e-02	4.812136977824445910e-02
1.101905015015015010e+02	6.739657054293415883e-02	4.810375639816343030e-02
1.103506606606606653e+02	6.734863313663466688e-02	4.808620951938144539e-02
1.105108198198198153e+02	6.730086326563923527e-02	4.806872880275662313e-02
1.106709789789789795e+02	6.725326013922622304e-02	4.805131391131236412e-02
1.108311381381381437e+02	6.720582297139569838e-02	4.803396451022074604e-02
1.109912972972972938e+02	6.715855098083504948e-02	4.801668026678615475e-02
1.111514564564564580e+02	6.711144339088495614e-02	4.799946085042891553e-02
1.113116156156156222e+02	6.706449942950559739e-02	4.798230593266921556e-02
1.114717747747747723e+02	6.701771832924319217e-02	4.796521518711108212e-02
1.116319339339339365e+02	6.697109932719676195e-02	4.794818828942652711e-02
1.117920930930931007e+02	6.692464166498529599e-02	4.793122491733983748e-02
1.119522522522522507e+02	6.687834458871512455e-02	4.791432475061198348e-02
1.121124114114114150e+02	6.683220734894751436e-02	4.789748747102522131e-02
1.122725705705705650e+02	6.678622920066665247e-02	4.788071276236774421e-02
1.124327297297297292e+02	6.674040940324782456e-02	4.786400031041854880e-02
1.125928888888888935e+02	6.669474722042595394e-02	4.784734980293239848e-02
1.127530480480480435e+02	6.664924192026427940e-02	4.783076092962491171e-02
1.129132072072072077e+02	6.660389277512340778e-02	4.781423338215779612e-02
1.130733663663663719e+02	6.655869906163060234e-02	4.779776685412424203e-02
1.132335255255255220e+02	6.651366006064923786e-02	4.778136104103435089e-02
1.133936846846846862e+02	6.646877505724871349e-02	4.776501564030080638e-02
1.135538438438438504e+02	6.642404334067444904e-02	4.774873035122460113e-02
1.137140030030030005e+02	6.637946420431817263e-02	4.773250487498090222e-02
1.138741621621621647e+02	6.633503694568848585e-02	4.771633891460503457e-02
1.140343213213213289e+02	6.629076086638169274e-02	4.770023217497859624e-02
1.141944804804804789e+02	6.624663527205280900e-02	4.768418436281571249e-02
1.143546396396396432e+02	6.620265947238689053e-02	4.766819518664935917e-02
1.145147987987987932e+02	6.615883278107052845e-02	4.765226435681788053e-02
1.146749579579579574e+02	6.611515451576366331e-02	4.763639158545149299e-02
1.148351171171171217e+02	6.607162399807155195e-02	4.762057658645912211e-02
1.149952762762762717e+02	6.602824055351702581e-02	4.760481907551507297e-02
1.151554354354354359e+02	6.598500351151294352e-02	4.758911877004610297e-02
1.153155945945946002e+02	6.594191220533496267e-02	4.757347538921836982e-02
1.154757537537537502e+02	6.589896597209438101e-02	4.755788865392463621e-02
1.156359129129129144e+02	6.585616415271132451e-02	4.754235828677155079e-02
1.157960720720720786e+02	6.581350609188812983e-02	4.752688401206698471e-02
1.159562312312312287e+02	6.577099113808296260e-02	4.751146555580754854e-02
1.161163903903903929e+02	6.572861864348357452e-02	4.749610264566619250e-02
1.162765495495495571e+02	6.568638796398137969e-02	4.748079501097988986e-02
1.164367087087087071e+02	6.564429845914569739e-02	4.746554238273745230e-02
1.165968678678678714e+02	6.560234949219821698e-02	4.745034449356744233e-02
1.167570270270270214e+02	6.556054042998761544e-02	4.743520107772618288e-02
1.169171861861861856e+02	6.551887064296452179e-02	4.742011187108587100e-02
1.170773453453453499e+02	6.547733950515650936e-02	4.740507661112279558e-02
1.172375045045044999e+02	6.543594639414344882e-02	4.739009503690568004e-02
1.173976636636636641e+02	6.539469069103295840e-02	4.737516688908405271e-02
1.175578228228228284e+02	6.535357178043614546e-02	4.736029190987681159e-02
1.177179819819819784e+02	6.531258905044343144e-02	4.734546984306077511e-02
1.178781411411411426e+02	6.527174189260068204e-02	4.733070043395946891e-02
1.180383003003003068e+02	6.523102970188544847e-02	4.731598342943186403e-02
1.181984594594594569e+02	6.519045187668348618e-02	4.730131857786130239e-02
1.183586186186186211e+02	6.515000781876541247e-02	4.728670562914449871e-02
1.185187777777777853e+02	6.510969693326348895e-02	4.727214433468059085e-02
1.186789369369369354e+02	6.506951862864880642e-02	4.725763444736037072e-02
1.188390960960960996e+02	6.502947231670831718e-02	4.724317572155549427e-02
1.189992552552552496e+02	6.498955741252245011e-02	4.722876791310787192e-02
1.191594144144144138e+02	6.494977333444254541e-02	4.721441077931911451e-02
1.193195735735735781e+02	6.491011950406870568e-02	4.720010407894004861e-02
1.194797327327327281e+02	6.487059534622775792e-02	4.718584757216037068e-02
1.196398918918918923e+02	6.483120028895129894e-02	4.717164102059832886e-02
1.198000510510510566e+02	6.479193376345411537e-02	4.715748418729053676e-02
1.199602102102102066e+02	6.475279520411257594e-02	4.714337683668182177e-02
1.201203693693693708e+02	6.471378404844331522e-02	4.712931873461524701e-02
1.202805285285285350e+02	6.467489973708206996e-02	4.711530964832209151e-02
1.204406876876876851e+02	6.463614171376262652e-02	4.710134934641202475e-02
1.206008468468468493e+02	6.459750942529601803e-02	4.708743759886332286e-02
1.207610060060060135e+02	6.455900232154986040e-02	4.707357417701311941e-02
1.209211651651651636e+02	6.452061985542777156e-02	4.705975885354782978e-02
1.210813243243243278e+02	6.448236148284912372e-02	4.704599140249356160e-02
1.212414834834834778e+02	6.444422666272876798e-02	4.703227159920667089e-02
1.214016426426426420e+02	6.440621485695706416e-02	4.701859922036436684e-02
1.215618018018018063e+02	6.436832553037995230e-02	4.700497404395538592e-02
1.217219609609609563e+02	6.433055815077934336e-02	4.699139584927079782e-02
1.218821201201201205e+02	6.429291218885345438e-02	4.697786441689476289e-02
1.220422792792792848e+02	6.425538711819749060e-02	4.696437952869555316e-02
1.222024384384384348e+02	6.421798241528431372e-02	4.695094096781644161e-02
1.223625975975975990e+02	6.418069755944544319e-02	4.693754851866682731e-02
1.225227567567567633e+02	6.414353203285202976e-02	4.692420196691335366e-02
1.226829159159159133e+02	6.410648532049609272e-02	4.691090109947110981e-02
1.228430750750750775e+02	6.406955691017184040e-02	4.689764570449490855e-02
1.230032342342342417e+02	6.403274629245724048e-02	4.688443557137066120e-02
1.231633933933933918e+02	6.399605296069553473e-02	4.687127049070675261e-02
1.233235525525525560e+02	6.395947641097715630e-02	4.685815025432559650e-02
1.234837117117117060e+02	6.392301614212153593e-02	4.684507465525512837e-02
1.236438708708708702e+02	6.388667165565924122e-02	4.683204348772047887e-02
1.238040300300300345e+02	6.385044245581415756e-02	4.681905654713565401e-02
1.239641891891891845e+02	6.381432804948586335e-02	4.680611363009529874e-02
1.241243483483483487e+02	6.377832794623200519e-02	4.679321453436650902e-02
1.242845075075075130e+02	6.374244165825106168e-02	4.678035905888077578e-02
1.244446666666666630e+02	6.370666870036499618e-02	4.676754700372589418e-02
1.246048258258258272e+02	6.367100859000213164e-02	4.675477817013801163e-02
1.247649849849849915e+02	6.363546084718023355e-02	4.674205236049372436e-02
1.249251441441441415e+02	6.360002499448962066e-02	4.672936937830221571e-02
1.250853033033033057e+02	6.356470055707640066e-02	4.671672902819747758e-02
1.252454624624624557e+02	6.352948706262595557e-02	4.670413111593058747e-02
1.254056216216216200e+02	6.349438404134638558e-02	4.669157544836206181e-02
1.255657807807807842e+02	6.345939102595227199e-02	4.667906183345423010e-02
1.257259399399399342e+02	6.342450755164837084e-02	4.666659008026371319e-02
1.258860990990990985e+02	6.338973315611351467e-02	4.665415999893396393e-02
1.260462582582582627e+02	6.335506737948473632e-02	4.664177140068780786e-02
1.262064174174174127e+02	6.332050976434132339e-02	4.662942409782012965e-02
1.263665765765765769e+02	6.328605985568913628e-02	4.661711790369051783e-02
1.265267357357357412e+02	6.325171720094503736e-02	4.660485263271607614e-02
1.266868948948948912e+02	6.321748134992129231e-02	4.659262810036422092e-02
1.268470540540540554e+02	6.318335185481031846e-02	4.658044412314550631e-02
1.270072132132132197e+02	6.314932827016933592e-02	4.656830051860664371e-02
1.271673723723723697e+02	6.311541015290531020e-02	4.655619710532340333e-02
1.273275315315315339e+02	6.308159706225988095e-02	4.654413370289367524e-02
1.274876906906906839e+02	6.304788855979441553e-02	4.653211013193061379e-02
1.276478498498498482e+02	6.301428420937529862e-02	4.652012621405569176e-02
1.278080090090090124e+02	6.298078357715920783e-02	4.650818177189199737e-02
1.279681681681681624e+02	6.294738623157847268e-02	4.649627662905742032e-02
1.281283273273273267e+02	6.291409174332672494e-02	4.648441061015800430e-02
1.282884864864864767e+02	6.288089968534443797e-02	4.647258354078128567e-02
1.284486456456456551e+02	6.284780963280472976e-02	4.646079524748970152e-02
1.286088048048048051e+02	6.281482116309923536e-02	4.644904555781409483e-02
1.287689639639639552e+02	6.278193385582400698e-02	4.643733430024716419e-02
1.289291231231231336e+02	6.274914729276562242e-02	4.642566130423708692e-02
1.290892822822822836e+02	6.271646105788737657e-02	4.641402640018112147e-02
1.292494414414414337e+02	6.268387473731548698e-02	4.640242941941923049e-02
1.294096006006006121e+02	6.265138791932553519e-02	4.639087019422787755e-02
1.295697597597597621e+02	6.261900019432892206e-02	4.637934855781371962e-02
1.297299189189189121e+02	6.258671115485946179e-02	4.636786434430745923e-02
1.298900780780780906e+02	6.255452039556000376e-02	4.635641738875766193e-02
1.300502372372372406e+02	6.252242751316929026e-02	4.634500752712474025e-02
1.302103963963963906e+02	6.249043210650876562e-02	4.633363459627482667e-02
1.303705555555555691e+02	6.245853377646957971e-02	4.632229843397382696e-02
1.305307147147147191e+02	6.242673212599966076e-02	4.631099887888145278e-02
1.306908738738738691e+02	6.239502676009085064e-02	4.629973577054530970e-02
1.308510330330330191e+02	6.236341728576618587e-02	4.628850894939504773e-02
1.310111921921921976e+02	6.233190331206723417e-02	4.627731825673653959e-02
1.311713513513513476e+02	6.230048445004156971e-02	4.626616353474610754e-02
1.313315105105104976e+02	6.226916031273027619e-02	4.625504462646480575e-02
1.314916696696696761e+02	6.223793051515556785e-02	4.624396137579273730e-02
1.316518288288288261e+02	6.220679467430857007e-02	4.623291362748339905e-02
1.318119879879879761e+02	6.217575240913704449e-02	4.622190122713810273e-02
1.319721471471471546e+02	6.214480334053335692e-02	4.621092402120042381e-02
1.321323063063063046e+02	6.211394709132242453e-02	4.619998185695067816e-02
1.322924654654654546e+02	6.208318328624979482e-02	4.618907458250044035e-02
1.324526246246246330e+02	6.205251155196981477e-02	4.617820204678716595e-02
1.326127837837837831e+02	6.202193151703389029e-02	4.616736409956876536e-02
1.327729429429429331e+02	6.199144281187878025e-02	4.615656059141825390e-02
1.329331021021021115e+02	6.196104506881505020e-02	4.614579137371847134e-02
1.330932612612612616e+02	6.193073792201556765e-02	4.613505629865681523e-02
1.332534204204204116e+02	6.190052100750404601e-02	4.612435521921999515e-02
1.334135795795795900e+02	6.187039396314378270e-02	4.611368798918887013e-02
1.335737387387387400e+02	6.184035642862634186e-02	4.610305446313330002e-02
1.337338978978978901e+02	6.181040804546042433e-02	4.609245449640703152e-02
1.338940570570570685e+02	6.178054845696075853e-02	4.608188794514262582e-02
1.340542162162162185e+02	6.175077730823710920e-02	4.607135466624644876e-02
1.342143753753753685e+02	6.172109424618330703e-02	4.606085451739365400e-02
1.343745345345345470e+02	6.169149891946645176e-02	4.605038735702324248e-02
1.345346936936936970e+02	6.166199097851610827e-02	4.603995304433315672e-02
1.346948528528528470e+02	6.163257007551359301e-02	4.602955143927537490e-02
1.348550120120120255e+02	6.160323586438138516e-02	4.601918240255106762e-02
1.350151711711711755e+02	6.157398800077257955e-02	4.600884579560582388e-02
1.351753303303303255e+02	6.154482614206038815e-02	4.599854148062484244e-02
1.353354894894894755e+02	6.151574994732776636e-02	4.598826932052821337e-02
1.354956486486486540e+02	6.148675907735710183e-02	4.597802917896622044e-02
1.356558078078078040e+02	6.145785319461996576e-02	4.596782092031465733e-02
1.358159669669669540e+02	6.142903196326689880e-02	4.595764440967022718e-02
1.359761261261261325e+02	6.140029504911736352e-02	4.594749951284589351e-02
1.361362852852852825e+02	6.137164211964969696e-02	4.593738609636639075e-02
1.362964444444444325e+02	6.134307284399112548e-02	4.592730402746363766e-02
1.364566036036036110e+02	6.131458689290790465e-02	4.591725317407225476e-02
1.366167627627627610e+02	6.128618393879550763e-02	4.590723340482513043e-02
1.367769219219219110e+02	6.125786365566884134e-02	4.589724458904895221e-02
1.369370810810810895e+02	6.122962571915258057e-02	4.588728659675982841e-02
1.370972402402402395e+02	6.120146980647159229e-02	4.587735929865895124e-02
1.372573993993993895e+02	6.117339559644133229e-02	4.586746256612821843e-02
1.374175585585585679e+02	6.114540276945840125e-02	4.585759627122595883e-02
1.375777177177177180e+02	6.111749100749112873e-02	4.584776028668267195e-02
1.377378768768768680e+02	6.108965999407022646e-02	4.583795448589676746e-02
1.378980360360360464e+02	6.106190941427951102e-02	4.582817874293038801e-02
1.380581951951951964e+02	6.103423895474668209e-02	4.581843293250521809e-02
1.382183543543543465e+02	6.100664830363419777e-02	4.580871692999833461e-02
1.383785135135135249e+02	6.097913715063013607e-02	4.579903061143809906e-02
1.385386726726726749e+02	6.095170518693922984e-02	4.578937385350010519e-02
1.386988318318318250e+02	6.092435210527388095e-02	4.577974653350306428e-02
1.388589909909910034e+02	6.089707759984523683e-02	4.577014852940482909e-02
1.390191501501501534e+02	6.086988136635443358e-02	4.576057971979839017e-02
1.391793093093093034e+02	6.084276310198372117e-02	4.575103998390789295e-02
1.393394684684684819e+02	6.081572250538781754e-02	4.574152920158472413e-02
1.394996276276276319e+02	6.078875927668524887e-02	4.573204725330357739e-02
1.396597867867867819e+02	6.076187311744971759e-02	4.572259402015860924e-02
1.398199459459459320e+02	6.073506373070162306e-02	4.571316938385953238e-02
1.399801051051051104e+02	6.070833082089954064e-02	4.570377322672786874e-02
1.401402642642642604e+02	6.068167409393183942e-02	4.569440543169309144e-02
1.403004234234234104e+02	6.065509325710829319e-02	4.568506588228885695e-02
1.404605825825825889e+02	6.062858801915181617e-02	4.567575446264932754e-02
1.406207417417417389e+02	6.060215809019018490e-02	4.566647105750536867e-02
1.407809009009008889e+02	6.057580318174787815e-02	4.565721555218092698e-02
1.409410600600600674e+02	6.054952300673790283e-02	4.564798783258933873e-02
1.411012192192192174e+02	6.052331727945379353e-02	4.563878778522971469e-02
1.412613783783783674e+02	6.049718571556153557e-02	4.562961529718331105e-02
1.414215375375375459e+02	6.047112803209157839e-02	4.562047025610996981e-02
1.415816966966966959e+02	6.044514394743102231e-02	4.561135255024451746e-02
1.417418558558558459e+02	6.041923318131565968e-02	4.560226206839330249e-02
1.419020150150150243e+02	6.039339545482221711e-02	4.559319869993061491e-02
1.420621741741741744e+02	6.036763049036061868e-02	4.558416233479527929e-02
1.422223333333333244e+02	6.034193801166626292e-02	4.557515286348712974e-02
1.423824924924925028e+02	6.031631774379237615e-02	4.556617017706362377e-02
1.425426516516516529e+02	6.029076941310246296e-02	4.555721416713640753e-02
1.427028108108108029e+02	6.026529274726271507e-02	4.554828472586796434e-02
1.428629699699699813e+02	6.023988747523452425e-02	4.553938174596822153e-02
1.430231291291291313e+02	6.021455332726708548e-02	4.553050512069124062e-02
1.431832882882882814e+02	6.018929003488998619e-02	4.552165474383190052e-02
1.433434474474474598e+02	6.016409733090583023e-02	4.551283050972257382e-02
1.435036066066066098e+02	6.013897494938300059e-02	4.550403231322994180e-02
1.436637657657657599e+02	6.011392262564840827e-02	4.549526004975166377e-02
1.438239249249249383e+02	6.008894009628026889e-02	4.548651361521322684e-02
1.439840840840840883e+02	6.006402709910100418e-02	4.547779290606471930e-02
1.441442432432432383e+02	6.003918337317010884e-02	4.546909781927763877e-02
1.443044024024023884e+02	6.001440865877712139e-02	4.546042825234179741e-02
1.444645615615615668e+02	5.998970269743462980e-02	4.545178410326213003e-02
1.446247207207207168e+02	5.996506523187129095e-02	4.544316527055564103e-02
1.447848798798798668e+02	5.994049600602496114e-02	4.543457165324828878e-02
1.449450390390390453e+02	5.991599476503579880e-02	4.542600315087190477e-02
1.451051981981981953e+02	5.989156125523948521e-02	4.541745966346120988e-02
1.452653573573573453e+02	5.986719522416041050e-02	4.540894109155074743e-02
1.454255165165165238e+02	5.984289642050499847e-02	4.540044733617189243e-02
1.455856756756756738e+02	5.981866459415498272e-02	4.539197829884988183e-02
1.457458348348348238e+02	5.979449949616082172e-02	4.538353388160085850e-02
1.459059939939940023e+02	5.977040087873503049e-02	4.537511398692890829e-02
1.460661531531531523e+02	5.974636849524572746e-02	4.536671851782318049e-02
1.462263123123123023e+02	5.972240210021004941e-02	4.535834737775499420e-02
1.463864714714714808e+02	5.969850144928773999e-02	4.535000047067489631e-02
1.465466306306306308e+02	5.967466629927471039e-02	4.534167770100989286e-02
1.467067897897897808e+02	5.965089640809668331e-02	4.533337897366054858e-02
1.468669489489489592e+02	5.962719153480280226e-02	4.532510419399821133e-02
1.470271081081081093e+02	5.960355143955944207e-02	4.531685326786218798e-02
1.471872672672672593e+02	5.957997588364383895e-02	4.530862610155697578e-02
1.473474264264264377e+02	5.955646462943797737e-02	4.530042260184952152e-02
1.475075855855855878e+02	5.953301744042236582e-02	4.529224267596644593e-02
1.476677447447447378e+02	5.950963408116994452e-02	4.528408623159135143e-02
1.478279039039039162e+02	5.948631431733995834e-02	4.527595317686210902e-02
1.479880630630630662e+02	5.946305791567194077e-02	4.526784342036820064e-02
1.481482222222222163e+02	5.943986464397969793e-02	4.525975687114799917e-02
1.483083813813813947e+02	5.941673427114532724e-02	4.525169343868617328e-02
1.484685405405405447e+02	5.939366656711329850e-02	4.524365303291104368e-02
1.486286996996996947e+02	5.937066130288456978e-02	4.523563556419196718e-02
1.487888588588588448e+02	5.934771825051071703e-02	4.522764094333674850e-02
1.489490180180180232e+02	5.932483718308812631e-02	4.521966908158905896e-02
1.491091771771771732e+02	5.930201787475222058e-02	4.521171989062590379e-02
1.492693363363363233e+02	5.927926010067170737e-02	4.520379328255506174e-02
1.494294954954955017e+02	5.925656363704290275e-02	4.519588916991254535e-02
1.495896546546546517e+02	5.923392826108404841e-02	4.518800746566014465e-02
1.497498138138138017e+02	5.921135375102966336e-02	4.518014808318289444e-02
1.499099729729729802e+02	5.918883988612499286e-02	4.517231093628663874e-02
1.500701321321321302e+02	5.916638644662042951e-02	4.516449593919553973e-02
1.502302912912912802e+02	5.914399321376600377e-02	4.515670300654968383e-02
1.503904504504504587e+02	5.912165996980586063e-02	4.514893205340261839e-02
1.505506096096096087e+02	5.909938649797288890e-02	4.514118299521897859e-02
1.507107687687687587e+02	5.907717258248321862e-02	4.513345574787207964e-02
1.508709279279279372e+02	5.905501800853091288e-02	4.512575022764155758e-02
1.510310870870870872e+02	5.903292256228257623e-02	4.511806635121100306e-02
1.511912462462462372e+02	5.901088603087208118e-02	4.511040403566564383e-02
1.513514054054054156e+02	5.898890820239524602e-02	4.510276319848998544e-02
1.515115645645645657e+02	5.896698886590465843e-02	4.509514375756552146e-02
1.516717237237237157e+02	5.894512781140439500e-02	4.508754563116845748e-02
1.518318828828828941e+02	5.892332482984490027e-02	4.507996873796740050e-02
1.519920420420420442e+02	5.890157971311781038e-02	4.507241299702112458e-02
1.521522012012011942e+02	5.887989225405088067e-02	4.506487832777630875e-02
1.523123603603603726e+02	5.885826224640284404e-02	4.505736465006529579e-02
1.524725195195195226e+02	5.883668948485845651e-02	4.504987188410390642e-02
1.526326786786786727e+02	5.881517376502339717e-02	4.504239995048921197e-02
1.527928378378378511e+02	5.879371488341934848e-02	4.503494877019735554e-02
1.529529969969970011e+02	5.877231263747902112e-02	4.502751826458138013e-02
1.531131561561561512e+02	5.875096682554124122e-02	4.502010835536905675e-02
1.532733153153153012e+02	5.872967724684605845e-02	4.501271896466075423e-02
1.534334744744744796e+02	5.870844370152989572e-02	4.500535001492732973e-02
1.535936336336336296e+02	5.868726599062074750e-02	4.499800142900797079e-02
1.537537927927927797e+02	5.866614391603332951e-02	4.499067313010812058e-02
1.539139519519519581e+02	5.864507728056438107e-02	4.498336504179738238e-02
1.540741111111111081e+02	5.862406588788787731e-02	4.497607708800744480e-02
1.542342702702702582e+02	5.860310954255034538e-02	4.496880919303003488e-02
1.543944294294294366e+02	5.858220804996620845e-02	4.496156128151485715e-02
1.545545885885885866e+02	5.856136121641312281e-02	4.495433327846758143e-02
1.547147477477477366e+02	5.854056884902735652e-02	4.494712510924778887e-02
1.548749069069069151e+02	5.851983075579920979e-02	4.493993669956698744e-02
1.550350660660660651e+02	5.849914674556845606e-02	4.493276797548664131e-02
1.551952252252252151e+02	5.847851662801982486e-02	4.492561886341615157e-02
1.553553843843843936e+02	5.845794021367847759e-02	4.491848929011091340e-02
1.555155435435435436e+02	5.843741731390555971e-02	4.491137918267034540e-02
1.556757027027026936e+02	5.841694774089373210e-02	4.490428846853598832e-02
1.558358618618618721e+02	5.839653130766276484e-02	4.489721707548952057e-02
1.559960210210210221e+02	5.837616782805516574e-02	4.489016493165089161e-02
1.561561801801801721e+02	5.835585711673178105e-02	4.488313196547638606e-02
1.563163393393393505e+02	5.833559898916748643e-02	4.487611810575677096e-02
1.564764984984985006e+02	5.831539326164687786e-02	4.486912328161537372e-02
1.566366576576576506e+02	5.829523975125997654e-02	4.486214742250624332e-02
1.567968168168168290e+02	5.827513827589797524e-02	4.485519045821230455e-02
1.569569759759759791e+02	5.825508865424905425e-02	4.484825231884348451e-02
1.571171351351351291e+02	5.823509070579410002e-02	4.484133293483492239e-02
1.572772942942943075e+02	5.821514425080258348e-02	4.483443223694513063e-02
1.574374534534534575e+02	5.819524911032840364e-02	4.482755015625417699e-02
1.575976126126126076e+02	5.817540510620576588e-02	4.482068662416193588e-02
1.577577717717717576e+02	5.815561206104505332e-02	4.481384157238625654e-02
1.579179309309309360e+02	5.813586979822877449e-02	4.480701493296121440e-02
1.580780900900900861e+02	5.811617814190753878e-02	4.480020663823535559e-02
1.582382492492492361e+02	5.809653691699596945e-02	4.479341662086995524e-02
1.583984084084084145e+02	5.807694594916877617e-02	4.478664481383726192e-02
1.585585675675675645e+02	5.805740506485673053e-02	4.477989115041877688e-02
1.587187267267267146e+02	5.803791409124272466e-02	4.477315556420356085e-02
1.588788858858858930e+02	5.801847285625786471e-02	4.476643798908651328e-02
1.590390450450450430e+02	5.799908118857756423e-02	4.475973835926667227e-02
1.591992042042041930e+02	5.797973891761762366e-02	4.475305660924556311e-02
1.593593633633633715e+02	5.796044587353044869e-02	4.474639267382549135e-02
1.595195225225225215e+02	5.794120188720116443e-02	4.473974648810793292e-02
1.596796816816816715e+02	5.792200679024381987e-02	4.473311798749182722e-02
1.598398408408408500e+02	5.790286041499762004e-02	4.472650710767198112e-02
1.600000000000000000e+02	5.788376259452315126e-02	4.471991378463742450e-02
