1.000000000000000021e-03	2.145609128542610833e+01	6.931649581350393419e+01
1.611591591591591544e-01	1.690082706171793347e+00	1.047847366230975519e+00
3.213183183183183078e-01	1.196885474721507636e+00	7.110035772119605024e-01
4.814774774774774890e-01	9.777261587849477298e-01	5.719441415872454915e-01
6.416366366366366147e-01	8.469261238280963999e-01	4.914557901724438960e-01
8.017957957957957404e-01	7.576054677825517780e-01	4.374176000591722402e-01
9.619549549549549772e-01	6.916438196209342415e-01	3.979390456648060348e-01
1.122114114114113992e+00	6.403630076636110946e-01	3.674736429929162385e-01
1.282273273273273118e+00	5.990172538576461481e-01	3.430422411896890678e-01
1.442432432432432243e+00	5.647636875191999195e-01	3.228834735132425360e-01
1.602591591591591369e+00	5.357817929905931420e-01	3.058806282009906563e-01
1.762750750750750495e+00	5.108445948156338234e-01	2.912869954874404699e-01
1.922909909909909842e+00	4.890909899897769586e-01	2.785818692329616320e-01
2.083069069069068746e+00	4.698964558940920688e-01	2.673895940769649426e-01
2.243228228228228094e+00	4.527955460633656393e-01	2.574314411968720018e-01
2.403387387387386998e+00	4.374333185028044246e-01	2.484956592654892216e-01
2.563546546546546345e+00	4.235337415049828524e-01	2.404181093682204728e-01
2.723705705705705693e+00	4.108784818774420811e-01	2.330693302438560655e-01
2.883864864864864597e+00	3.992922702306693772e-01	2.263456540097138481e-01
3.044024024024023944e+00	3.886325615619739549e-01	2.201629540727171597e-01
3.204183183183182848e+00	3.787820765755455232e-01	2.144521506736729866e-01
3.364342342342342196e+00	3.696433208312954188e-01	2.091559184890661172e-01
3.524501501501501100e+00	3.611344903573351917e-01	2.042262339519220760e-01
3.684660660660660447e+00	3.531863674237730732e-01	1.996225203935308168e-01
3.844819819819819795e+00	3.457399353844031742e-01	1.953102261012543417e-01
4.004978978978979143e+00	3.387445236777309465e-01	1.912597207378393671e-01
4.165138138138138046e+00	3.321563491217220387e-01	1.874454291760616342e-01
4.325297297297297838e+00	3.259373571818524606e-01	1.838451446566473912e-01
4.485456456456456742e+00	3.200542929324949881e-01	1.804394789838409119e-01
4.645615615615615646e+00	3.144779497705605942e-01	1.772114185757352189e-01
4.805774774774774549e+00	3.091825570378881616e-01	1.741459630970470795e-01
4.965933933933934341e+00	3.041452771849655901e-01	1.712298291126140848e-01
5.126093093093093245e+00	2.993457900471067079e-01	1.684512053726665848e-01
5.286252252252252148e+00	2.947659469414917188e-01	1.657995494245144419e-01
5.446411411411411940e+00	2.903894811366591888e-01	1.632654175479760217e-01
5.606570570570570844e+00	2.862017641489811859e-01	1.608403217482950454e-01
5.766729729729729748e+00	2.821895995332684981e-01	1.585166088617039060e-01
5.926888888888888651e+00	2.783410475354279323e-01	1.562873578430253041e-01
6.087048048048048443e+00	2.746452752928558172e-01	1.541462920894426381e-01
6.247207207207207347e+00	2.710924282969239818e-01	1.520877042663467127e-01
6.407366366366366250e+00	2.676735196405890527e-01	1.501063915815138983e-01
6.567525525525526042e+00	2.643803342141348711e-01	1.481975998335672284e-01
6.727684684684684946e+00	2.612053455217285269e-01	1.463569748627222000e-01
6.887843843843843850e+00	2.581416431997940464e-01	1.445805202735534478e-01
7.048003003003002753e+00	2.551828696471938329e-01	1.428645604940885772e-01
7.208162162162162545e+00	2.523231644437019527e-01	1.412057083929967038e-01
7.368321321321321449e+00	2.495571154502294886e-01	1.396008368047263748e-01
7.528480480480480352e+00	2.468797156617875410e-01	1.380470534171565344e-01
7.688639639639640144e+00	2.442863250300959521e-01	1.365416785623195794e-01
7.848798798798799048e+00	2.417726365932228449e-01	1.350822255217034029e-01
8.008957957957957063e+00	2.393346463495337473e-01	1.336663830164183386e-01
8.169117117117115967e+00	2.369686263963911299e-01	1.322919996014147170e-01
8.329276276276274871e+00	2.346711009235455947e-01	1.309570697237774917e-01
8.489435435435433774e+00	2.324388247094640869e-01	1.296597212393586218e-01
8.649594594594594454e+00	2.302687638179208851e-01	1.283982042108131327e-01
8.809753753753753358e+00	2.281580782336404267e-01	1.271708808344207964e-01
8.969912912912912262e+00	2.261041062109202249e-01	1.259762163636734544e-01
9.130072072072071165e+00	2.241043501390403148e-01	1.248127709151097831e-01
9.290231231231230069e+00	2.221564637537437048e-01	1.236791920567982261e-01
9.450390390390388973e+00	2.202582405458669290e-01	1.225742080926219835e-01
9.610549549549547876e+00	2.184076032368909293e-01	1.214966219664531527e-01
9.770708708708708556e+00	2.166025942072614119e-01	1.204453057197026750e-01
9.930867867867867460e+00	2.148413667771906788e-01	1.194191954438342390e-01
1.009102702702702636e+01	2.131221772516404545e-01	1.184172866764313103e-01
1.025118618618618527e+01	2.114433776515723118e-01	1.174386301954716827e-01
1.041134534534534417e+01	2.098034090625773285e-01	1.164823281717301540e-01
1.057150450450450307e+01	2.082007955398540167e-01	1.155475306438141087e-01
1.073166366366366198e+01	2.066341385153612764e-01	1.146334322843355208e-01
1.089182282282282266e+01	2.051021116589693827e-01	1.137392694292180817e-01
1.105198198198198156e+01	2.036034561506877005e-01	1.128643173452011095e-01
1.121214114114114047e+01	2.021369763256632701e-01	1.120078877132895667e-01
1.137230030030029937e+01	2.007015356577042942e-01	1.111693263082643018e-01
1.153245945945945827e+01	1.992960530506626138e-01	1.103480108564501572e-01
1.169261861861861718e+01	1.979194994101703131e-01	1.095433490557791573e-01
1.185277777777777608e+01	1.965708944710228834e-01	1.087547767438130503e-01
1.201293693693693676e+01	1.952493038579798112e-01	1.079817562008314052e-01
1.217309609609609566e+01	1.939538363599548898e-01	1.072237745763704869e-01
1.233325525525525457e+01	1.926836413995249020e-01	1.064803424287358302e-01
1.249341441441441347e+01	1.914379066814291541e-01	1.057509923680245711e-01
1.265357357357357238e+01	1.902158560052867042e-01	1.050352777940962851e-01
1.281373273273273128e+01	1.890167472291473805e-01	1.043327717217381045e-01
1.297389189189189018e+01	1.878398703717368556e-01	1.036430656859921584e-01
1.313405105105105086e+01	1.866845458423674331e-01	1.029657687212585659e-01
1.329421021021020977e+01	1.855501227884883420e-01	1.023005064083686994e-01
1.345436936936936867e+01	1.844359775517453170e-01	1.016469199843431648e-01
1.361452852852852757e+01	1.833415122242275652e-01	1.010046655100180629e-01
1.377468768768768648e+01	1.822661532973089415e-01	1.003734130911455441e-01
1.393484684684684538e+01	1.812093503961451635e-01	9.975284614895432722e-02
1.409500600600600428e+01	1.801705750934832206e-01	9.914266073650057631e-02
1.425516516516516496e+01	1.791493197969739604e-01	9.854256489744946113e-02
1.441532432432432387e+01	1.781450967046658285e-01	9.795227806420951644e-02
1.457548348348348277e+01	1.771574368237953112e-01	9.737153049259636428e-02
1.473564264264264168e+01	1.761858890483913587e-01	9.680006273043360865e-02
1.489580180180180058e+01	1.752300192915717536e-01	9.623762511770914130e-02
1.505596096096095948e+01	1.742894096687397643e-01	9.568397731609511181e-02
1.521612012012011839e+01	1.733636577281895963e-01	9.513888786581443935e-02
1.537627927927927907e+01	1.724523757259024681e-01	9.460213376799446461e-02
1.553643843843843797e+01	1.715551899415647674e-01	9.407350009079301634e-02
1.569659759759759687e+01	1.706717400330671486e-01	9.355277959771354790e-02
1.585675675675675578e+01	1.698016784269521517e-01	9.303977239664702747e-02
1.601691591591591646e+01	1.689446697424675792e-01	9.253428560828788618e-02
1.617707507507507714e+01	1.681003902470583899e-01	9.203613305267233091e-02
1.633723423423423426e+01	1.672685273412878593e-01	9.154513495267981027e-02
1.649739339339339494e+01	1.664487790713275739e-01	9.106111765342307651e-02
1.665755255255255207e+01	1.656408536672884235e-01	9.058391335653016851e-02
1.681771171171171275e+01	1.648444691057893152e-01	9.011335986839283385e-02
1.697787087087086988e+01	1.640593526952744408e-01	8.964930036152225779e-02
1.713803003003003056e+01	1.632852406826933167e-01	8.919158314821233613e-02
1.729818918918919124e+01	1.625218778802556274e-01	8.874006146576796095e-02
1.745834834834834837e+01	1.617690173110605811e-01	8.829459327260544277e-02
1.761850750750750905e+01	1.610264198724835616e-01	8.785504105458093183e-02
1.777866666666666617e+01	1.602938540162773817e-01	8.742127164094568026e-02
1.793882582582582685e+01	1.595710954444163887e-01	8.699315602936746883e-02
1.809898498498498398e+01	1.588579268197760075e-01	8.657056921949508876e-02
1.825914414414414466e+01	1.581541374907995123e-01	8.615339005457710309e-02
1.841930330330330534e+01	1.574595232293605207e-01	8.574150107067811388e-02
1.857946246246246247e+01	1.567738859810796359e-01	8.533478835306558541e-02
1.873962162162162315e+01	1.560970336274022929e-01	8.493314139936732066e-02
1.889978078078078028e+01	1.554287797587883824e-01	8.453645298912584871e-02
1.905993993993994096e+01	1.547689434584057222e-01	8.414461905939876751e-02
1.922009909909909808e+01	1.541173490957571668e-01	8.375753858607695723e-02
1.938025825825825876e+01	1.534738261297064199e-01	8.337511347061228595e-02
1.954041741741741944e+01	1.528382089204013972e-01	8.299724843186584433e-02
1.970057657657657657e+01	1.522103365496234317e-01	8.262385090280538469e-02
1.986073573573573725e+01	1.515900526491200107e-01	8.225483093179675187e-02
2.002089489489489438e+01	1.509772052365054573e-01	8.189010108825009460e-02
2.018105405405405506e+01	1.503716465583375683e-01	8.152957637239528765e-02
2.034121321321321219e+01	1.497732329400033868e-01	8.117317412897469275e-02
2.050137237237237287e+01	1.491818246420663630e-01	8.082081396465383427e-02
2.066153153153153355e+01	1.485972857227499944e-01	8.047241766896208459e-02
2.082169069069069067e+01	1.480194839062496659e-01	8.012790913858634789e-02
2.098184984984985135e+01	1.474482904565833641e-01	7.978721430485097299e-02
2.114200900900900848e+01	1.468835800567080963e-01	7.945026106422660439e-02
2.130216816816816916e+01	1.463252306926437485e-01	7.911697921171932657e-02
2.146232732732732629e+01	1.457731235423616600e-01	7.878730037700049094e-02
2.162248648648648697e+01	1.452271428692076816e-01	7.846115796314430402e-02
2.178264564564564765e+01	1.446871759196428353e-01	7.813848708784874864e-02
2.194280480480480477e+01	1.441531128250959914e-01	7.781922452702148829e-02
2.210296396396396545e+01	1.436248465077353265e-01	7.750330866061894142e-02
2.226312312312312258e+01	1.431022725899739334e-01	7.719067942063334575e-02
2.242328228228228326e+01	1.425852893075369721e-01	7.688127824112729602e-02
2.258344144144144039e+01	1.420737974259251302e-01	7.657504801022152474e-02
2.274360060060060107e+01	1.415677001601189089e-01	7.627193302394619234e-02
2.290375975975976175e+01	1.410669030973766558e-01	7.597187894187071300e-02
2.306391891891891888e+01	1.405713141229853747e-01	7.567483274443173591e-02
2.322407807807807956e+01	1.400808433488330007e-01	7.538074269188284326e-02
2.338423723723723668e+01	1.395954030446752425e-01	7.508955828479396688e-02
2.354439639639639736e+01	1.391149075719785577e-01	7.480123022603124561e-02
2.370455555555555449e+01	1.386392733202251037e-01	7.451571038415273629e-02
2.386471471471471517e+01	1.381684186455727215e-01	7.423295175815773639e-02
2.402487387387387585e+01	1.377022638117675613e-01	7.395290844353104298e-02
2.418503303303303298e+01	1.372407309332119296e-01	7.367553559952620679e-02
2.434519219219219366e+01	1.367837439200955962e-01	7.340078941763494846e-02
2.450535135135135079e+01	1.363312284255022433e-01	7.312862709119176408e-02
2.466551051051051147e+01	1.358831117944079570e-01	7.285900678606620218e-02
2.482566966966966859e+01	1.354393230144920468e-01	7.259188761239679377e-02
2.498582882882882927e+01	1.349997926686846428e-01	7.232722959732318380e-02
2.514598798798798995e+01	1.345644528893790159e-01	7.206499365867524709e-02
2.530614714714714708e+01	1.341332373142403167e-01	7.180514157957942900e-02
2.546630630630630776e+01	1.337060810435448666e-01	7.154763598394507651e-02
2.562646546546546489e+01	1.332829205989881360e-01	7.129244031279462213e-02
2.578662462462462557e+01	1.328636938839018178e-01	7.103951880140374486e-02
2.594678378378378270e+01	1.324483401448236786e-01	7.078883645721875673e-02
2.610694294294294338e+01	1.320367999343656507e-01	7.054035903852032274e-02
2.626710210210210406e+01	1.316290150753290922e-01	7.029405303380376058e-02
2.642726126126126118e+01	1.312249286260178116e-01	7.004988564184765065e-02
2.658742042042042186e+01	1.308244848467020327e-01	6.980782475244383389e-02
2.674757957957957899e+01	1.304276291671881693e-01	6.956783892776297051e-02
2.690773873873873967e+01	1.300343081554517777e-01	6.932989738433090188e-02
2.706789789789789680e+01	1.296444694872928849e-01	6.909396997559259790e-02
2.722805705705705748e+01	1.292580619169741152e-01	6.886002717504068060e-02
2.738821621621621816e+01	1.288750352488045314e-01	6.862804005988766554e-02
2.754837537537537528e+01	1.284953403096334157e-01	6.839798029526078516e-02
2.770853453453453596e+01	1.281189289222195993e-01	6.816982011889990978e-02
2.786869369369369309e+01	1.277457538794435632e-01	6.794353232633994211e-02
2.802885285285285377e+01	1.273757689193312503e-01	6.771909025655938053e-02
2.818901201201201090e+01	1.270089287008591972e-01	6.749646777807787046e-02
2.834917117117117158e+01	1.266451887805125354e-01	6.727563927548643741e-02
2.850933033033033226e+01	1.262845055895683022e-01	6.705657963639422015e-02
2.866948948948948939e+01	1.259268364120774142e-01	6.683926423877689649e-02
2.882964864864865007e+01	1.255721393635203520e-01	6.662366893871204954e-02
2.898980780780780719e+01	1.252203733701124366e-01	6.640977005848772152e-02
2.914996696696696787e+01	1.248714981487348830e-01	6.619754437507054112e-02
2.931012612612612500e+01	1.245254741874700227e-01	6.598696910892104528e-02
2.947028528528528568e+01	1.241822627267190060e-01	6.577802191314351121e-02
2.963044444444444636e+01	1.238418257408814699e-01	6.557068086295872456e-02
2.979060360360360349e+01	1.235041259205776759e-01	6.536492444548849812e-02
2.995076276276276417e+01	1.231691266553940067e-01	6.516073154984065863e-02
3.011092192192192130e+01	1.228367920171341277e-01	6.495808145748467599e-02
3.027108108108108198e+01	1.225070867435577027e-01	6.475695383290751284e-02
3.043124024024023910e+01	1.221799762225908026e-01	6.455732871454014643e-02
3.059139939939939978e+01	1.218554264769911716e-01	6.435918650594579793e-02
3.075155855855856046e+01	1.215334041494535028e-01	6.416250796726055694e-02
3.091171771771771759e+01	1.212138764881395825e-01	6.396727420687839394e-02
3.107187687687687827e+01	1.208968113326190363e-01	6.377346667337198405e-02
3.123203603603603540e+01	1.205821771002072579e-01	6.358106714764154288e-02
3.139219519519519608e+01	1.202699427726869469e-01	6.339005773528427756e-02
3.155235435435435321e+01	1.199600778834009202e-01	6.320042085917700059e-02
3.171251351351351389e+01	1.196525525047037464e-01	6.301213925226492596e-02
3.187267267267267101e+01	1.193473372357606727e-01	6.282519595054994466e-02
3.203283183183182814e+01	1.190444031906823658e-01	6.263957428627181523e-02
3.219299099099098527e+01	1.187437219869846849e-01	6.245525788127618411e-02
3.235315015015014950e+01	1.184452657343631199e-01	6.227223064056321838e-02
3.251330930930930663e+01	1.181490070237715406e-01	6.209047674601116812e-02
3.267346846846846375e+01	1.178549189167957534e-01	6.190998065026926539e-02
3.283362762762762088e+01	1.175629749353125225e-01	6.173072707081460331e-02
3.299378678678678511e+01	1.172731490514248992e-01	6.155270098416776997e-02
3.315394594594594224e+01	1.169854156776653498e-01	6.137588762026228301e-02
3.331410510510509937e+01	1.166997496574580240e-01	6.120027245696296053e-02
3.347426426426426360e+01	1.164161262558324333e-01	6.102584121472868356e-02
3.363442342342342073e+01	1.161345211503806013e-01	6.085257985141501874e-02
3.379458258258257786e+01	1.158549104224500387e-01	6.068047455721235772e-02
3.395474174174173498e+01	1.155772705485655361e-01	6.050951174971543056e-02
3.411490090090089922e+01	1.153015783920726123e-01	6.033967806912029358e-02
3.427506006006005634e+01	1.150278111949960685e-01	6.017096037354475319e-02
3.443521921921921347e+01	1.147559465701068759e-01	6.000334573446852032e-02
3.459537837837837770e+01	1.144859624931913317e-01	5.983682143228961220e-02
3.475553753753753483e+01	1.142178372955164056e-01	5.967137495199342084e-02
3.491569669669669196e+01	1.139515496564852265e-01	5.950699397893099291e-02
3.507585585585584909e+01	1.136870785964773090e-01	5.934366639470349536e-02
3.523601501501501332e+01	1.134244034698679432e-01	5.918138027314959193e-02
3.539617417417417045e+01	1.131635039582214453e-01	5.902012387643264940e-02
3.555633333333332757e+01	1.129043600636531752e-01	5.885988565122501209e-02
3.571649249249249181e+01	1.126469521023555076e-01	5.870065422498629143e-02
3.587665165165164893e+01	1.123912606982828272e-01	5.854241840233329747e-02
3.603681081081080606e+01	1.121372667769910958e-01	5.838516716149840663e-02
3.619696996996996319e+01	1.118849515596274796e-01	5.822888965087446439e-02
3.635712912912912742e+01	1.116342965570656653e-01	5.807357518564319060e-02
3.651728828828828455e+01	1.113852835641829103e-01	5.791921324448515151e-02
3.667744744744744168e+01	1.111378946542745105e-01	5.776579346636851603e-02
3.683760660660660591e+01	1.108921121736020643e-01	5.761330564741484750e-02
3.699776576576576304e+01	1.106479187360717015e-01	5.746173973783941236e-02
3.715792492492492016e+01	1.104052972180383646e-01	5.731108583896411118e-02
3.731808408408407729e+01	1.101642307532331583e-01	5.716133420030083956e-02
3.747824324324324152e+01	1.099247027278097422e-01	5.701247521670353702e-02
3.763840240240239865e+01	1.096866967755069922e-01	5.686449942558678000e-02
3.779856156156155578e+01	1.094501967729243630e-01	5.671739750420928816e-02
3.795872072072072001e+01	1.092151868349069549e-01	5.657116026702044970e-02
3.811887987987987714e+01	1.089816513100374945e-01	5.642577866306820733e-02
3.827903903903903426e+01	1.087495747762319970e-01	5.628124377346648000e-02
3.843919819819819139e+01	1.085189420364364166e-01	5.613754680892082266e-02
3.859935735735735562e+01	1.082897381144218019e-01	5.599467910731039527e-02
3.875951651651651275e+01	1.080619482506748608e-01	5.585263213132497101e-02
3.891967567567566988e+01	1.078355578983817287e-01	5.571139746615538790e-02
3.907983483483483411e+01	1.076105527195023309e-01	5.557096681723608378e-02
3.923999399399399124e+01	1.073869185809329801e-01	5.543133200803835453e-02
3.940015315315314837e+01	1.071646415507547245e-01	5.529248497791280914e-02
3.956031231231230549e+01	1.069437078945654485e-01	5.515441777998005002e-02
3.972047147147146973e+01	1.067241040718932693e-01	5.501712257906798270e-02
3.988063063063062685e+01	1.065058167326893429e-01	5.488059164969476267e-02
4.004078978978978398e+01	1.062888327138976768e-01	5.474481737409608861e-02
4.020094894894894821e+01	1.060731390361004250e-01	5.460979224029571810e-02
4.036110810810810534e+01	1.058587229002363461e-01	5.447550884021812312e-02
4.052126726726726247e+01	1.056455716843905657e-01	5.434195986784209897e-02
4.068142642642641960e+01	1.054336729406540052e-01	5.420913811739441757e-02
4.084158558558558383e+01	1.052230143920506455e-01	5.407703648158240783e-02
4.100174474474474096e+01	1.050135839295307655e-01	5.394564794986451972e-02
4.116190390390389808e+01	1.048053696090286008e-01	5.381496560675785856e-02
4.132206306306306232e+01	1.045983596485828004e-01	5.368498263018180172e-02
4.148222222222221944e+01	1.043925424255180562e-01	5.355569228983684399e-02
4.164238138138137657e+01	1.041879064736864202e-01	5.342708794561761010e-02
4.180254054054053370e+01	1.039844404807667572e-01	5.329916304605943761e-02
4.196269969969969793e+01	1.037821332856209838e-01	5.317191112681742687e-02
4.212285885885885506e+01	1.035809738757056259e-01	5.304532580917742379e-02
4.228301801801801219e+01	1.033809513845372757e-01	5.291940079859791535e-02
4.244317717717717642e+01	1.031820550892107724e-01	5.279412988328217177e-02
4.260333633633633355e+01	1.029842744079687150e-01	5.266950693278005247e-02
4.276349549549549067e+01	1.027875988978211030e-01	5.254552589661836554e-02
4.292365465465464780e+01	1.025920182522137430e-01	5.242218080295955873e-02
4.308381381381381203e+01	1.023975222987445199e-01	5.229946575728768032e-02
4.324397297297296916e+01	1.022041009969261449e-01	5.217737494112113100e-02
4.340413213213212629e+01	1.020117444359943254e-01	5.205590261075156155e-02
4.356429129129129052e+01	1.018204428327603300e-01	5.193504309600823626e-02
4.372445045045044765e+01	1.016301865295068246e-01	5.181479079904727919e-02
4.388460960960960477e+01	1.014409659919260076e-01	5.169514019316521353e-02
4.404476876876876190e+01	1.012527718070988653e-01	5.157608582163624583e-02
4.420492792792792613e+01	1.010655946815150197e-01	5.145762229657266373e-02
4.436508708708708326e+01	1.008794254391316148e-01	5.133974429780787524e-02
4.452524624624624039e+01	1.006942550194707825e-01	5.122244657180157618e-02
4.468540540540540462e+01	1.005100744757546488e-01	5.110572393056638657e-02
4.484556456456456175e+01	1.003268749730769488e-01	5.098957125061568535e-02
4.500572372372371888e+01	1.001446477866104606e-01	5.087398347193194253e-02
4.516588288288287600e+01	9.996338429984945317e-02	5.075895559695515341e-02
4.532604204204204024e+01	9.978307600288630064e-02	5.064448268959099997e-02
4.548620120120119736e+01	9.960371449072143168e-02	5.053055987423817064e-02
4.564636036036035449e+01	9.942529146160608566e-02	5.041718233483437339e-02
4.580651951951951872e+01	9.924779871541671017e-02	5.030434531392079939e-02
4.596667867867867585e+01	9.907122815206083344e-02	5.019204411172444730e-02
4.612683783783783298e+01	9.889557176991305154e-02	5.008027408525791979e-02
4.628699699699699011e+01	9.872082166428110261e-02	4.996903064743642153e-02
4.644715615615615434e+01	9.854697002590093180e-02	4.985830926621144521e-02
4.660731531531531147e+01	9.837400913946019176e-02	4.974810546372085418e-02
4.676747447447446859e+01	9.820193138214958206e-02	4.963841481545488293e-02
4.692763363363363283e+01	9.803072922224144448e-02	4.952923294943790966e-02
4.708779279279278995e+01	9.786039521769493432e-02	4.942055554542539725e-02
4.724795195195194708e+01	9.769092201478722648e-02	4.931237833411589860e-02
4.740811111111110421e+01	9.752230234677011778e-02	4.920469709637760591e-02
4.756827027027026844e+01	9.735452903255162327e-02	4.909750766248927728e-02
4.772842942942942557e+01	9.718759497540185865e-02	4.899080591139515217e-02
4.788858858858858270e+01	9.702149316168266757e-02	4.888458776997352262e-02
4.804874774774774693e+01	9.685621665960074400e-02	4.877884921231873117e-02
4.820890690690690406e+01	9.669175861798337546e-02	4.867358625903631109e-02
4.836906606606606118e+01	9.652811226507657105e-02	4.856879497655088029e-02
4.852922522522521831e+01	9.636527090736501933e-02	4.846447147642662240e-02
4.868938438438438254e+01	9.620322792841337622e-02	4.836061191470010512e-02
4.884954354354353967e+01	9.604197678772852242e-02	4.825721249122501277e-02
4.900970270270269680e+01	9.588151101964220713e-02	4.815426944902873735e-02
4.916986186186186103e+01	9.572182423221374525e-02	4.805177907368043261e-02
4.933002102102101816e+01	9.556291010615237946e-02	4.794973769267037167e-02
4.949018018018017528e+01	9.540476239375876577e-02	4.784814167480032354e-02
4.965033933933933241e+01	9.524737491788524968e-02	4.774698742958476128e-02
4.981049849849849664e+01	9.509074157091455815e-02	4.764627140666258948e-02
4.997065765765765377e+01	9.493485631375654654e-02	4.754599009521934955e-02
5.013081681681681090e+01	9.477971317486255654e-02	4.744614002341941000e-02
5.029097597597597513e+01	9.462530624925695466e-02	4.734671775784820430e-02
5.045113513513513226e+01	9.447162969758578221e-02	4.724771990296421087e-02
5.061129429429428939e+01	9.431867774518179481e-02	4.714914310056036312e-02
5.077145345345344651e+01	9.416644468114579447e-02	4.705098402923485468e-02
5.093161261261261075e+01	9.401492485744392114e-02	4.695323940387112482e-02
5.109177177177176787e+01	9.386411268802044572e-02	4.685590597512673955e-02
5.125193093093092500e+01	9.371400264792578705e-02	4.675898052893103646e-02
5.141209009009008923e+01	9.356458927245962787e-02	4.666245988599141553e-02
5.157224924924924636e+01	9.341586715632844984e-02	4.656634090130809533e-02
5.173240840840840349e+01	9.326783095281766800e-02	4.647062046369695998e-02
5.189256756756756062e+01	9.312047537297760136e-02	4.637529549532067030e-02
5.205272672672672485e+01	9.297379518482340455e-02	4.628036295122761601e-02
5.221288588588588198e+01	9.282778521254841930e-02	4.618581981889863936e-02
5.237304504504503910e+01	9.268244033575072371e-02	4.609166311780141245e-02
5.253320420420420334e+01	9.253775548867276823e-02	4.599788989895221142e-02
5.269336336336336046e+01	9.239372565945364046e-02	4.590449724448508739e-02
5.285352252252251759e+01	9.225034588939381996e-02	4.581148226722813604e-02
5.301368168168167472e+01	9.210761127223220102e-02	4.571884211028686557e-02
5.317384084084083895e+01	9.196551695343502253e-02	4.562657394663439253e-02
5.333399999999999608e+01	9.182405812949660795e-02	4.553467497870845870e-02
5.349415915915915321e+01	9.168323004725163761e-02	4.544314243801501896e-02
5.365431831831831744e+01	9.154302800319857880e-02	4.535197358473837953e-02
5.381447747747747457e+01	9.140344734283446793e-02	4.526116570735767147e-02
5.397463663663663169e+01	9.126448346000022582e-02	4.517071612226960381e-02
5.413479579579578882e+01	9.112613179623688109e-02	4.508062217341730210e-02
5.429495495495495305e+01	9.098838784015216008e-02	4.499088123192524630e-02
5.445511411411411018e+01	9.085124712679731873e-02	4.490149069573998175e-02
5.461527327327326731e+01	9.071470523705400801e-02	4.481244798927674911e-02
5.477543243243243154e+01	9.057875779703104813e-02	4.472375056307167918e-02
5.493559159159158867e+01	9.044340047747093103e-02	4.463539589343962916e-02
5.509575075075074579e+01	9.030862899316563497e-02	4.454738148213745891e-02
5.525590990990990292e+01	9.017443910238193139e-02	4.445970485603262939e-02
5.541606906906906715e+01	9.004082660629580959e-02	4.437236356677713711e-02
5.557622822822822428e+01	8.990778734843579700e-02	4.428535519048655555e-02
5.573638738738738141e+01	8.977531721413505028e-02	4.419867732742412819e-02
5.589654654654654564e+01	8.964341212999234199e-02	4.411232760168989908e-02
5.605670570570570277e+01	8.951206806334109645e-02	4.402630366091463826e-02
5.621686486486485990e+01	8.938128102172718248e-02	4.394060317595862436e-02
5.637702402402401702e+01	8.925104705239451930e-02	4.385522384061510404e-02
5.653718318318318126e+01	8.912136224177898136e-02	4.377016337131832413e-02
5.669734234234233838e+01	8.899222271500997761e-02	4.368541950685615044e-02
5.685750150150149551e+01	8.886362463541978840e-02	4.360099000808712738e-02
5.701766066066065974e+01	8.873556420406057688e-02	4.351687265766183976e-02
5.717781981981981687e+01	8.860803765922882491e-02	4.343306525974862525e-02
5.733797897897897400e+01	8.848104127599687452e-02	4.334956563976347793e-02
5.749813813813813113e+01	8.835457136575200487e-02	4.326637164410405967e-02
5.765829729729729536e+01	8.822862427574224009e-02	4.318348113988779852e-02
5.781845645645645249e+01	8.810319638862926239e-02	4.310089201469394227e-02
5.797861561561560961e+01	8.797828412204801440e-02	4.301860217630953942e-02
5.813877477477477385e+01	8.785388392817310155e-02	4.293660955247928512e-02
5.829893393393393097e+01	8.772999229329156434e-02	4.285491209065907942e-02
5.845909309309308810e+01	8.760660573738227042e-02	4.277350775777333247e-02
5.861925225225224523e+01	8.748372081370160702e-02	4.269239453997594053e-02
5.877941141141140946e+01	8.736133410837518265e-02	4.261157044241476594e-02
5.893957057057056659e+01	8.723944223999595404e-02	4.253103348899965608e-02
5.909972972972972372e+01	8.711804185922802923e-02	4.245078172217399415e-02
5.925988888888888795e+01	8.699712964841664620e-02	4.237081320268946266e-02
5.942004804804804508e+01	8.687670232120370262e-02	4.229112600938434580e-02
5.958020720720720220e+01	8.675675662214911432e-02	4.221171823896495423e-02
5.974036636636635933e+01	8.663728932635772484e-02	4.213258800579030433e-02
5.990052552552552356e+01	8.651829723911164116e-02	4.205373344165998228e-02
6.006068468468468069e+01	8.639977719550809288e-02	4.197515269560511686e-02
6.022084384384383782e+01	8.628172606010245382e-02	4.189684393368235671e-02
6.038100300300300205e+01	8.616414072655655121e-02	4.181880533877090078e-02
6.054116216216215918e+01	8.604701811729210947e-02	4.174103511037242920e-02
6.070132132132131630e+01	8.593035518314914856e-02	4.166353146441396926e-02
6.086148048048047343e+01	8.581414890304939203e-02	4.158629263305357177e-02
6.102163963963963766e+01	8.569839628366453244e-02	4.150931686448882524e-02
6.118179879879879479e+01	8.558309435908921514e-02	4.143260242276811112e-02
6.134195795795795192e+01	8.546824019051880994e-02	4.135614758760450954e-02
6.150211711711711615e+01	8.535383086593176238e-02	4.127995065419247378e-02
6.166227627627627328e+01	8.523986349977642762e-02	4.120400993302700265e-02
6.182243543543543041e+01	8.512633523266242841e-02	4.112832374972544974e-02
6.198259459459458753e+01	8.501324323105641234e-02	4.105289044485185834e-02
6.214275375375375177e+01	8.490058468698211125e-02	4.097770837374372505e-02
6.230291291291290889e+01	8.478835681772460553e-02	4.090277590634133070e-02
6.246307207207206602e+01	8.467655686553875183e-02	4.082809142701927796e-02
6.262323123123122315e+01	8.456518209736182956e-02	4.075365333442060312e-02
6.278339039039038738e+01	8.445422980453008710e-02	4.067946004129303211e-02
6.294354954954954451e+01	8.434369730249934027e-02	4.060550997432767900e-02
6.310370870870870164e+01	8.423358193056940113e-02	4.053180157399985384e-02
6.326386786786786587e+01	8.412388105161240637e-02	4.045833329441216042e-02
6.342402702702702300e+01	8.401459205180493439e-02	4.038510360313973813e-02
6.358418618618618012e+01	8.390571234036371673e-02	4.031211098107767565e-02
6.374434534534533725e+01	8.379723934928519358e-02	4.023935392229050639e-02
6.390450450450450148e+01	8.368917053308842779e-02	4.016683093386369530e-02
6.406466366366366572e+01	8.358150336856180751e-02	4.009454053575735311e-02
6.422482282282282995e+01	8.347423535451299614e-02	4.002248126066177553e-02
6.438498198198197997e+01	8.336736401152249065e-02	3.995065165385498079e-02
6.454514114114114420e+01	8.326088688170037166e-02	3.987905027306227340e-02
6.470530030030030844e+01	8.315480152844648143e-02	3.980767568831766051e-02
6.486545945945945846e+01	8.304910553621394631e-02	3.973652648182712105e-02
6.502561861861862269e+01	8.294379651027555811e-02	3.966560124783372748e-02
6.518577777777778692e+01	8.283887207649374973e-02	3.959489859248465499e-02
6.534593693693693695e+01	8.273432988109342967e-02	3.952441713369989756e-02
6.550609609609610118e+01	8.263016759043775861e-02	3.945415550104276747e-02
6.566625525525525120e+01	8.252638289080732603e-02	3.938411233559215713e-02
6.582641441441441543e+01	8.242297348818182490e-02	3.931428628981641776e-02
6.598657357357357967e+01	8.231993710802501529e-02	3.924467602744909078e-02
6.614673273273272969e+01	8.221727149507231103e-02	3.917528022336607546e-02
6.630689189189189392e+01	8.211497441312129442e-02	3.910609756346456606e-02
6.646705105105105815e+01	8.201304364482502052e-02	3.903712674454355019e-02
6.662721021021020817e+01	8.191147699148795813e-02	3.896836647418587540e-02
6.678736936936937241e+01	8.181027227286477577e-02	3.889981547064187001e-02
6.694752852852853664e+01	8.170942732696159783e-02	3.883147246271449055e-02
6.710768768768768666e+01	8.160894000984003638e-02	3.876333618964598188e-02
6.726784684684685089e+01	8.150880819542366540e-02	3.869540540100597364e-02
6.742800600600601513e+01	8.140902977530710405e-02	3.862767885658112410e-02
6.758816516516516515e+01	8.130960265856752855e-02	3.856015532626610315e-02
6.774832432432432938e+01	8.121052477157868210e-02	3.849283358995600479e-02
6.790848348348347940e+01	8.111179405782729945e-02	3.842571243744023063e-02
6.806864264264264364e+01	8.101340847773186304e-02	3.835879066829762235e-02
6.822880180180180787e+01	8.091536600846371829e-02	3.829206709179303753e-02
6.838896096096095789e+01	8.081766464377054815e-02	3.822554052677523684e-02
6.854912012012012212e+01	8.072030239380199867e-02	3.815920980157598563e-02
6.870927927927928636e+01	8.062327728493767776e-02	3.809307375391060568e-02
6.886943843843843638e+01	8.052658735961729097e-02	3.802713123077966495e-02
6.902959759759760061e+01	8.043023067617284527e-02	3.796138108837195102e-02
6.918975675675676484e+01	8.033420530866322573e-02	3.789582219196870050e-02
6.934991591591591487e+01	8.023850934671065971e-02	3.783045341584904964e-02
6.951007507507507910e+01	8.014314089533929042e-02	3.776527364319656743e-02
6.967023423423424333e+01	8.004809807481595707e-02	3.770028176600715569e-02
6.983039339339339335e+01	7.995337902049275136e-02	3.763547668499794135e-02
6.999055255255255759e+01	7.985898188265166953e-02	3.757085730951739005e-02
7.015071171171170761e+01	7.976490482635129053e-02	3.750642255745649523e-02
7.031087087087087184e+01	7.967114603127521677e-02	3.744217135516116068e-02
7.047103003003003607e+01	7.957770369158249923e-02	3.737810263734557548e-02
7.063118918918918610e+01	7.948457601575997789e-02	3.731421534700669895e-02
7.079134834834835033e+01	7.939176122647630118e-02	3.725050843533987688e-02
7.095150750750751456e+01	7.929925756043794405e-02	3.718698086165534572e-02
7.111166666666666458e+01	7.920706326824690502e-02	3.712363159329595819e-02
7.127182582582582882e+01	7.911517661426011039e-02	3.706045960555572755e-02
7.143198498498499305e+01	7.902359587645071959e-02	3.699746388159955851e-02
7.159214414414414307e+01	7.893231934627097102e-02	3.693464341238377607e-02
7.175230330330330730e+01	7.884134532851681809e-02	3.687199719657779234e-02
7.191246246246247154e+01	7.875067214119418901e-02	3.680952424048662686e-02
7.207262162162162156e+01	7.866029811538682859e-02	3.674722355797437751e-02
7.223278078078078579e+01	7.857022159512587478e-02	3.668509417038869763e-02
7.239293993993993581e+01	7.848044093726090631e-02	3.662313510648605025e-02
7.255309909909910004e+01	7.839095451133260006e-02	3.656134540235802394e-02
7.271325825825826428e+01	7.830176069944694284e-02	3.649972410135840506e-02
7.287341741741741430e+01	7.821285789615099737e-02	3.643827025403121450e-02
7.303357657657657853e+01	7.812424450831001455e-02	3.637698291803954931e-02
7.319373573573574276e+01	7.803591895498623865e-02	3.631586115809531251e-02
7.335389489489489279e+01	7.794787966731901718e-02	3.625490404588978949e-02
7.351405405405405702e+01	7.786012508840639557e-02	3.619411066002497374e-02
7.367421321321322125e+01	7.777265367318812739e-02	3.613348008594586408e-02
7.383437237237237127e+01	7.768546388833008631e-02	3.607301141587338639e-02
7.399453153153153551e+01	7.759855421211003801e-02	3.601270374873823815e-02
7.415469069069069974e+01	7.751192313430479985e-02	3.595255619011544779e-02
7.431484984984984976e+01	7.742556915607869128e-02	3.589256785215975964e-02
7.447500900900901399e+01	7.733949078987331638e-02	3.583273785354170599e-02
7.463516816816816402e+01	7.725368655929872042e-02	3.577306531938451856e-02
7.479532732732732825e+01	7.716815499902571207e-02	3.571354938120165773e-02
7.495548648648649248e+01	7.708289465467951795e-02	3.565418917683525063e-02
7.511564564564564250e+01	7.699790408273472775e-02	3.559498385039507051e-02
7.527580480480480674e+01	7.691318185041132183e-02	3.553593255219827246e-02
7.543596396396397097e+01	7.682872653557208664e-02	3.547703443870992013e-02
7.559612312312312099e+01	7.674453672662111259e-02	3.541828867248411616e-02
7.575628228228228522e+01	7.666061102240352698e-02	3.535969442210579877e-02
7.591644144144144946e+01	7.657694803210632339e-02	3.530125086213326685e-02
7.607660060060059948e+01	7.649354637516045385e-02	3.524295717304135739e-02
7.623675975975976371e+01	7.641040468114393414e-02	3.518481254116520573e-02
7.639691891891892794e+01	7.632752158968611478e-02	3.512681615864476914e-02
7.655707807807807797e+01	7.624489575037311784e-02	3.506896722336987765e-02
7.671723723723724220e+01	7.616252582265418958e-02	3.501126493892595809e-02
7.687739639639639222e+01	7.608041047574935767e-02	3.495370851454037558e-02
7.703755555555555645e+01	7.599854838855794881e-02	3.489629716502939266e-02
7.719771471471472069e+01	7.591693824956820269e-02	3.483903011074568346e-02
7.735787387387387071e+01	7.583557875676801008e-02	3.478190657752652792e-02
7.751803303303303494e+01	7.575446861755652517e-02	3.472492579664246404e-02
7.767819219219219917e+01	7.567360654865688818e-02	3.466808700474666161e-02
7.783835135135134919e+01	7.559299127602989166e-02	3.461138944382476795e-02
7.799851051051051343e+01	7.551262153478856265e-02	3.455483236114530177e-02
7.815866966966967766e+01	7.543249606911388294e-02	3.449841500921072696e-02
7.831882882882882768e+01	7.535261363217120312e-02	3.444213664570891509e-02
7.847898798798799191e+01	7.527297298602787790e-02	3.438599653346524621e-02
7.863914714714715615e+01	7.519357290157159535e-02	3.432999394039523700e-02
7.879930630630630617e+01	7.511441215842970531e-02	3.427412813945764081e-02
7.895946546546547040e+01	7.503548954488949152e-02	3.421839840860813053e-02
7.911962462462462042e+01	7.495680385781924859e-02	3.416280403075344640e-02
7.927978378378378466e+01	7.487835390259031665e-02	3.410734429370607113e-02
7.943994294294294889e+01	7.480013849299992079e-02	3.405201849013938381e-02
7.960010210210209891e+01	7.472215645119485716e-02	3.399682591754336208e-02
7.976026126126126314e+01	7.464440660759605328e-02	3.394176587818067969e-02
7.992042042042042738e+01	7.456688780082405821e-02	3.388683767904335925e-02
8.008057957957957740e+01	7.448959887762507392e-02	3.383204063180987597e-02
8.024073873873874163e+01	7.441253869279809696e-02	3.377737405280268473e-02
8.040089789789790586e+01	7.433570610912274002e-02	3.372283726294629524e-02
8.056105705705705589e+01	7.425909999728776134e-02	3.366842958772572891e-02
8.072121621621622012e+01	7.418271923582051008e-02	3.361415035714544058e-02
8.088137537537538435e+01	7.410656271101706549e-02	3.355999890568869826e-02
8.104153453453453437e+01	7.403062931687316717e-02	3.350597457227741383e-02
8.120169369369369861e+01	7.395491795501582533e-02	3.345207670023235547e-02
8.136185285285284863e+01	7.387942753463580536e-02	3.339830463723382492e-02
8.152201201201201286e+01	7.380415697242070916e-02	3.334465773528275112e-02
8.168217117117117709e+01	7.372910519248883354e-02	3.329113535066220708e-02
8.184233033033032712e+01	7.365427112632377815e-02	3.323773684389928762e-02
8.200248948948949135e+01	7.357965371270965005e-02	3.318446157972748667e-02
8.216264864864865558e+01	7.350525189766708711e-02	3.313130892704933828e-02
8.232280780780780560e+01	7.343106463438989207e-02	3.307827825889962658e-02
8.248296696696696984e+01	7.335709088318233262e-02	3.302536895240879705e-02
8.264312612612613407e+01	7.328332961139719104e-02	3.297258038876691583e-02
8.280328528528528409e+01	7.320977979337438268e-02	3.291991195318789282e-02
8.296344444444444832e+01	7.313644041038021293e-02	3.286736303487414884e-02
8.312360360360359834e+01	7.306331045054746676e-02	3.281493302698163667e-02
8.328376276276276258e+01	7.299038890881583141e-02	3.276262132658518123e-02
8.344392192192192681e+01	7.291767478687323500e-02	3.271042733464428476e-02
8.360408108108107683e+01	7.284516709309761529e-02	3.265835045596917480e-02
8.376424024024024106e+01	7.277286484249935461e-02	3.260639009918725462e-02
8.392439939939940530e+01	7.270076705666436712e-02	3.255454567670993532e-02
8.408455855855855532e+01	7.262887276369772716e-02	3.250281660469975936e-02
8.424471771771771955e+01	7.255718099816786670e-02	3.245120230303787101e-02
8.440487687687688378e+01	7.248569080105148055e-02	3.239970219529186152e-02
8.456503603603603381e+01	7.241440121967882004e-02	3.234831570868388489e-02
8.472519519519519804e+01	7.234331130767969464e-02	3.229704227405914146e-02
8.488535435435436227e+01	7.227242012492998691e-02	3.224588132585470140e-02
8.504551351351351229e+01	7.220172673749875036e-02	3.219483230206859198e-02
8.520567267267267653e+01	7.213123021759576536e-02	3.214389464422922477e-02
8.536583183183182655e+01	7.206092964351978880e-02	3.209306779736515597e-02
8.552599099099099078e+01	7.199082409960716467e-02	3.204235120997513120e-02
8.568615015015015501e+01	7.192091267618110073e-02	3.199174433399844253e-02
8.584630930930930504e+01	7.185119446950138933e-02	3.194124662478557697e-02
8.600646846846846927e+01	7.178166858171465547e-02	3.189085754106914250e-02
8.616662762762763350e+01	7.171233412080517400e-02	3.184057654493516187e-02
8.632678678678678352e+01	7.164319020054607523e-02	3.179040310179456763e-02
8.648694594594594776e+01	7.157423594045114745e-02	3.174033668035500244e-02
8.664710510510511199e+01	7.150547046572709731e-02	3.169037675259296638e-02
8.680726426426426201e+01	7.143689290722624041e-02	3.164052279372615850e-02
8.696742342342342624e+01	7.136850240139980261e-02	3.159077428218613065e-02
8.712758258258259048e+01	7.130029809025152654e-02	3.154113069959123966e-02
8.728774174174174050e+01	7.123227912129193040e-02	3.149159153071981465e-02
8.744790090090090473e+01	7.116444464749280274e-02	3.144215626348360881e-02
8.760806006006005475e+01	7.109679382724239105e-02	3.139282438890156346e-02
8.776821921921921899e+01	7.102932582430086794e-02	3.134359540107373165e-02
8.792837837837838322e+01	7.096203980775633857e-02	3.129446879715557656e-02
8.808853753753753324e+01	7.089493495198126438e-02	3.124544407733240853e-02
8.824869669669669747e+01	7.082801043658921991e-02	3.119652074479414491e-02
8.840885585585586171e+01	7.076126544639231575e-02	3.114769830571031614e-02
8.856901501501501173e+01	7.069469917135878800e-02	3.109897626920527652e-02
8.872917417417417596e+01	7.062831080657118454e-02	3.105035414733366833e-02
8.888933333333334019e+01	7.056209955218488428e-02	3.100183145505615301e-02
8.904949249249249021e+01	7.049606461338704666e-02	3.095340771021537138e-02
8.920965165165165445e+01	7.043020520035593590e-02	3.090508243351206691e-02
8.936981081081081868e+01	7.036452052822074477e-02	3.085685514848156979e-02
8.952996996996996870e+01	7.029900981702169593e-02	3.080872538147037820e-02
8.969012912912913293e+01	7.023367229167060133e-02	3.076069266161304133e-02
8.985028828828828296e+01	7.016850718191178227e-02	3.071275652080926108e-02
9.001044744744744719e+01	7.010351372228339206e-02	3.066491649370114980e-02
9.017060660660661142e+01	7.003869115207909946e-02	3.061717211765081076e-02
9.033076576576576144e+01	6.997403871531016062e-02	3.056952293271802956e-02
9.049092492492492568e+01	6.990955566066783811e-02	3.052196848163823278e-02
9.065108408408408991e+01	6.984524124148620838e-02	3.047450830980065473e-02
9.081124324324323993e+01	6.978109471570533018e-02	3.042714196522670542e-02
9.097140240240240416e+01	6.971711534583473202e-02	3.037986899854851555e-02
9.113156156156156840e+01	6.965330239891731612e-02	3.033268896298773470e-02
9.129172072072071842e+01	6.958965514649353978e-02	3.028560141433448566e-02
9.145187987987988265e+01	6.952617286456601320e-02	3.023860591092654773e-02
9.161203903903904688e+01	6.946285483356437473e-02	3.019170201362869621e-02
9.177219819819819691e+01	6.939970033831054097e-02	3.014488928581231589e-02
9.193235735735736114e+01	6.933670866798424814e-02	3.009816729333506316e-02
9.209251651651651116e+01	6.927387911608905158e-02	3.005153560452088896e-02
9.225267567567567539e+01	6.921121098041842223e-02	3.000499379014012064e-02
9.241283483483483963e+01	6.914870356302238452e-02	2.995854142338976941e-02
9.257299399399398965e+01	6.908635617017434838e-02	2.991217807987403554e-02
9.273315315315315388e+01	6.902416811233831606e-02	2.986590333758497653e-02
9.289331231231231811e+01	6.896213870413633873e-02	2.981971677688335584e-02
9.305347147147146813e+01	6.890026726431636162e-02	2.977361798047966496e-02
9.321363063063063237e+01	6.883855311572030511e-02	2.972760653341532944e-02
9.337378978978979660e+01	6.877699558525245116e-02	2.968168202304408490e-02
9.353394894894894662e+01	6.871559400384820437e-02	2.963584403901352304e-02
9.369410810810811086e+01	6.865434770644301965e-02	2.959009217324676949e-02
9.385426726726727509e+01	6.859325603194176002e-02	2.954442601992441839e-02
9.401442642642642511e+01	6.853231832318823491e-02	2.949884517546653290e-02
9.417458558558558934e+01	6.847153392693502982e-02	2.945334923851486431e-02
9.433474474474473936e+01	6.841090219381376625e-02	2.940793780991522374e-02
9.449490390390390360e+01	6.835042247830536155e-02	2.936261049269998924e-02
9.465506306306306783e+01	6.829009413871084400e-02	2.931736689207082094e-02
9.481522222222221785e+01	6.822991653712232041e-02	2.927220661538147348e-02
9.497538138138138208e+01	6.816988903939412425e-02	2.922712927212078177e-02
9.513554054054054632e+01	6.811001101511440781e-02	2.918213447389585158e-02
9.529569969969969634e+01	6.805028183757685922e-02	2.913722183441530209e-02
9.545585885885886057e+01	6.799070088375276655e-02	2.909239096947273395e-02
9.561601801801802480e+01	6.793126753426327602e-02	2.904764149693032926e-02
9.577617717717717483e+01	6.787198117335194181e-02	2.900297303670257634e-02
9.593633633633633906e+01	6.781284118885755330e-02	2.895838521074013683e-02
9.609649549549550329e+01	6.775384697218710117e-02	2.891387764301390703e-02
9.625665465465465331e+01	6.769499791828913204e-02	2.886944995949915216e-02
9.641681381381381755e+01	6.763629342562724189e-02	2.882510178815979665e-02
9.657697297297296757e+01	6.757773289615391643e-02	2.878083275893291923e-02
9.673713213213213180e+01	6.751931573528445474e-02	2.873664250371326875e-02
9.689729129129129603e+01	6.746104135187126760e-02	2.869253065633801253e-02
9.705745045045044606e+01	6.740290915817837014e-02	2.864849685257156789e-02
9.721760960960961029e+01	6.734491856985606872e-02	2.860454073009058990e-02
9.737776876876877452e+01	6.728706900591591156e-02	2.856066192846904925e-02
9.753792792792792454e+01	6.722935988870588908e-02	2.851686008916351142e-02
9.769808708708708878e+01	6.717179064388577314e-02	2.847313485549846090e-02
9.785824624624625301e+01	6.711436070040277535e-02	2.842948587265179891e-02
9.801840540540540303e+01	6.705706949046735810e-02	2.838591278764049028e-02
9.817856456456456726e+01	6.699991644952930925e-02	2.834241524930623465e-02
9.833872372372373150e+01	6.694290101625396949e-02	2.829899290830139788e-02
9.849888288288288152e+01	6.688602263249873725e-02	2.825564541707492952e-02
9.865904204204204575e+01	6.682928074328978174e-02	2.821237242985850241e-02
9.881920120120119577e+01	6.677267479679888096e-02	2.816917360265271120e-02
9.897936036036036000e+01	6.671620424432053720e-02	2.812604859321340967e-02
9.913951951951952424e+01	6.665986854024932851e-02	2.808299706103815907e-02
9.929967867867867426e+01	6.660366714205735728e-02	2.804001866735279444e-02
9.945983783783783849e+01	6.654759951027197640e-02	2.799711307509808803e-02
9.961999699699700273e+01	6.649166510845372358e-02	2.795427994891654805e-02
9.978015615615615275e+01	6.643586340317435279e-02	2.791151895513932502e-02
9.994031531531531698e+01	6.638019386399519883e-02	2.786882976177319435e-02
1.001004744744744812e+02	6.632465596344556957e-02	2.782621203848769514e-02
1.002606336336336312e+02	6.626924917700151296e-02	2.778366545660233833e-02
1.004207927927927955e+02	6.621397298306459789e-02	2.774118968907394664e-02
1.005809519519519597e+02	6.615882686294104198e-02	2.769878441048407094e-02
1.007411111111111097e+02	6.610381030082079779e-02	2.765644929702655574e-02
1.009012702702702740e+02	6.604892278375712467e-02	2.761418402649514284e-02
1.010614294294294240e+02	6.599416380164606355e-02	2.757198827827123805e-02
1.012215885885885882e+02	6.593953284720621699e-02	2.752986173331173347e-02
1.013817477477477524e+02	6.588502941595873741e-02	2.748780407413696503e-02
1.015419069069069025e+02	6.583065300620741245e-02	2.744581498481874632e-02
1.017020660660660667e+02	6.577640311901893078e-02	2.740389415096848927e-02
1.018622252252252309e+02	6.572227925820335603e-02	2.736204125972544962e-02
1.020223843843843810e+02	6.566828093029478119e-02	2.732025599974505572e-02
1.021825435435435452e+02	6.561440764453208008e-02	2.727853806118730670e-02
1.023427027027027094e+02	6.556065891283986702e-02	2.723688713570531633e-02
1.025028618618618594e+02	6.550703424980965084e-02	2.719530291643389858e-02
1.026630210210210237e+02	6.545353317268109983e-02	2.715378509797826412e-02
1.028231801801801879e+02	6.540015520132345939e-02	2.711233337640281058e-02
1.029833393393393379e+02	6.534689985821721947e-02	2.707094744922000640e-02
1.031434984984985022e+02	6.529376666843579591e-02	2.702962701537933374e-02
1.033036576576576522e+02	6.524075515962751703e-02	2.698837177525635622e-02
1.034638168168168164e+02	6.518786486199763808e-02	2.694718143064185265e-02
1.036239759759759806e+02	6.513509530829060534e-02	2.690605568473102352e-02
1.037841351351351307e+02	6.508244603377240367e-02	2.686499424211283640e-02
1.039442942942942949e+02	6.502991657621307042e-02	2.682399680875936429e-02
1.041044534534534591e+02	6.497750647586938988e-02	2.678306309201529400e-02
1.042646126126126092e+02	6.492521527546771254e-02	2.674219280058747622e-02
1.044247717717717734e+02	6.487304252018685768e-02	2.670138564453455876e-02
1.045849309309309376e+02	6.482098775764132126e-02	2.666064133525668234e-02
1.047450900900900876e+02	6.476905053786441435e-02	2.661995958548530813e-02
1.049052492492492519e+02	6.471723041329173476e-02	2.657934010927305926e-02
1.050654084084084161e+02	6.466552693874462465e-02	2.653878262198370447e-02
1.052255675675675661e+02	6.461393967141390582e-02	2.649828684028216266e-02
1.053857267267267304e+02	6.456246817084361489e-02	2.645785248212459417e-02
1.055458858858858804e+02	6.451111199891500225e-02	2.641747926674861691e-02
1.057060450450450446e+02	6.445987071983051708e-02	2.637716691466352251e-02
1.058662042042042088e+02	6.440874390009812545e-02	2.633691514764062783e-02
1.060263633633633589e+02	6.435773110851551737e-02	2.629672368870365068e-02
1.061865225225225231e+02	6.430683191615468863e-02	2.625659226211920008e-02
1.063466816816816873e+02	6.425604589634645314e-02	2.621652059338730814e-02
1.065068408408408374e+02	6.420537262466517736e-02	2.617650840923204519e-02
1.066670000000000016e+02	6.415481167891366743e-02	2.613655543759218353e-02
1.068271591591591658e+02	6.410436263910807009e-02	2.609666140761199640e-02
1.069873183183183158e+02	6.405402508746306511e-02	2.605682604963201546e-02
1.071474774774774801e+02	6.400379860837696055e-02	2.601704909517994768e-02
1.073076366366366443e+02	6.395368278841713494e-02	2.597733027696165140e-02
1.074677957957957943e+02	6.390367721630546560e-02	2.593766932885210180e-02
1.076279549549549586e+02	6.385378148290385414e-02	2.589806598588651268e-02
1.077881141141141086e+02	6.380399518120002944e-02	2.585851998425148929e-02
1.079482732732732728e+02	6.375431790629322581e-02	2.581903106127619862e-02
1.081084324324324371e+02	6.370474925538022193e-02	2.577959895542370275e-02
1.082685915915915871e+02	6.365528882774136588e-02	2.574022340628226435e-02
1.084287507507507513e+02	6.360593622472665576e-02	2.570090415455672864e-02
1.085889099099099155e+02	6.355669104974209782e-02	2.566164094206003360e-02
1.087490690690690656e+02	6.350755290823603683e-02	2.562243351170469946e-02
1.089092282282282298e+02	6.345852140768563909e-02	2.558328160749440486e-02
1.090693873873873940e+02	6.340959615758354206e-02	2.554418497451566711e-02
1.092295465465465441e+02	6.336077676942451775e-02	2.550514335892949125e-02
1.093897057057057083e+02	6.331206285669226108e-02	2.546615650796316827e-02
1.095498648648648725e+02	6.326345403484642804e-02	2.542722416990207332e-02
1.097100240240240225e+02	6.321494992130947954e-02	2.538834609408153684e-02
1.098701831831831868e+02	6.316655013545398323e-02	2.534952203087877456e-02
1.100303423423423368e+02	6.311825429858972103e-02	2.531075173170488357e-02
1.101905015015015010e+02	6.307006203395110200e-02	2.527203494899686251e-02
1.103506606606606653e+02	6.302197296668456128e-02	2.523337143620971515e-02
1.105108198198198153e+02	6.297398672383611173e-02	2.519476094780859210e-02
1.106709789789789795e+02	6.292610293433890944e-02	2.515620323926100535e-02
1.108311381381381437e+02	6.287832122900113840e-02	2.511769806702905672e-02
1.109912972972972938e+02	6.283064124049370092e-02	2.507924518856176690e-02
1.111514564564564580e+02	6.278306260333815780e-02	2.504084436228741842e-02
1.113116156156156222e+02	6.273558495389482126e-02	2.500249534760596443e-02
1.114717747747747723e+02	6.268820793035083383e-02	2.496419790488147925e-02
1.116319339339339365e+02	6.264093117270835842e-02	2.492595179543468861e-02
1.117920930930931007e+02	6.259375432277292095e-02	2.488775678153550691e-02
1.119522522522522507e+02	6.254667702414176689e-02	2.484961262639564031e-02
1.121124114114114150e+02	6.249969892219237044e-02	2.481151909416125928e-02
1.122725705705705650e+02	6.245281966407102703e-02	2.477347594990566768e-02
1.124327297297297292e+02	6.240603889868146653e-02	2.473548295962208973e-02
1.125928888888888935e+02	6.235935627667364006e-02	2.469753989021643975e-02
1.127530480480480435e+02	6.231277145043261079e-02	2.465964650950017503e-02
1.129132072072072077e+02	6.226628407406738230e-02	2.462180258618315576e-02
1.130733663663663719e+02	6.221989380339999764e-02	2.458400788986662630e-02
1.132335255255255220e+02	6.217360029595461052e-02	2.454626219103613408e-02
1.133936846846846862e+02	6.212740321094664675e-02	2.450856526105459066e-02
1.135538438438438504e+02	6.208130220927211840e-02	2.447091687215532940e-02
1.137140030030030005e+02	6.203529695349699336e-02	2.443331679743519086e-02
1.138741621621621647e+02	6.198938710784651640e-02	2.439576481084769835e-02
1.140343213213213289e+02	6.194357233819486330e-02	2.435826068719621623e-02
1.141944804804804789e+02	6.189785231205467003e-02	2.432080420212723651e-02
1.143546396396396432e+02	6.185222669856671462e-02	2.428339513212358566e-02
1.145147987987987932e+02	6.180669516848968231e-02	2.424603325449778760e-02
1.146749579579579574e+02	6.176125739418999311e-02	2.420871834738541270e-02
1.148351171171171217e+02	6.171591304963173347e-02	2.417145018973844428e-02
1.149952762762762717e+02	6.167066181036664346e-02	2.413422856131874558e-02
1.151554354354354359e+02	6.162550335352415948e-02	2.409705324269151641e-02
1.153155945945946002e+02	6.158043735780157485e-02	2.405992401521879834e-02
1.154757537537537502e+02	6.153546350345427685e-02	2.402284066105304927e-02
1.156359129129129144e+02	6.149058147228601834e-02	2.398580296313068683e-02
1.157960720720720786e+02	6.144579094763928662e-02	2.394881070516575311e-02
1.159562312312312287e+02	6.140109161438573465e-02	2.391186367164354828e-02
1.161163903903903929e+02	6.135648315891672339e-02	2.387496164781434740e-02
1.162765495495495571e+02	6.131196526913389871e-02	2.383810441968711030e-02
1.164367087087087071e+02	6.126753763443980316e-02	2.380129177402326782e-02
1.165968678678678714e+02	6.122319994572865409e-02	2.376452349833050107e-02
1.167570270270270214e+02	6.117895189537713579e-02	2.372779938085661094e-02
1.169171861861861856e+02	6.113479317723522627e-02	2.369111921058334944e-02
1.170773453453453499e+02	6.109072348661718360e-02	2.365448277722034809e-02
1.172375045045044999e+02	6.104674252029249765e-02	2.361788987119905689e-02
1.173976636636636641e+02	6.100284997647700824e-02	2.358134028366670049e-02
1.175578228228228284e+02	6.095904555482398873e-02	2.354483380648027951e-02
1.177179819819819784e+02	6.091532895641541684e-02	2.350837023220063438e-02
1.178781411411411426e+02	6.087169988375318308e-02	2.347194935408645697e-02
1.180383003003003068e+02	6.082815804075043797e-02	2.343557096608843426e-02
1.181984594594594569e+02	6.078470313272302250e-02	2.339923486284336759e-02
1.183586186186186211e+02	6.074133486638089857e-02	2.336294083966830581e-02
1.185187777777777853e+02	6.069805294981967664e-02	2.332668869255475480e-02
1.186789369369369354e+02	6.065485709251224739e-02	2.329047821816290081e-02
1.188390960960960996e+02	6.061174700530035098e-02	2.325430921381582000e-02
1.189992552552552496e+02	6.056872240038637528e-02	2.321818147749381278e-02
1.191594144144144138e+02	6.052578299132507084e-02	2.318209480782864804e-02
1.193195735735735781e+02	6.048292849301541846e-02	2.314604900409793567e-02
1.194797327327327281e+02	6.044015862169253156e-02	2.311004386621945406e-02
1.196398918918918923e+02	6.039747309491955846e-02	2.307407919474557118e-02
1.198000510510510566e+02	6.035487163157975815e-02	2.303815479085763798e-02
1.199602102102102066e+02	6.031235395186853449e-02	2.300227045636042342e-02
1.201203693693693708e+02	6.026991977728558825e-02	2.296642599367659451e-02
1.202805285285285350e+02	6.022756883062708316e-02	2.293062120584119304e-02
1.204406876876876851e+02	6.018530083597793678e-02	2.289485589649618846e-02
1.206008468468468493e+02	6.014311551870404893e-02	2.285912986988496501e-02
1.207610060060060135e+02	6.010101260544473828e-02	2.282344293084693360e-02
1.209211651651651636e+02	6.005899182410510267e-02	2.278779488481209869e-02
1.210813243243243278e+02	6.001705290384849040e-02	2.275218553779569802e-02
1.212414834834834778e+02	5.997519557508907556e-02	2.271661469639281797e-02
1.214016426426426420e+02	5.993341956948437799e-02	2.268108216777305758e-02
1.215618018018018063e+02	5.989172461992793572e-02	2.264558775967524806e-02
1.217219609609609563e+02	5.985011046054193595e-02	2.261013128040211331e-02
1.218821201201201205e+02	5.980857682667002628e-02	2.257471253881501369e-02
1.220422792792792848e+02	5.976712345487004280e-02	2.253933134432874186e-02
1.222024384384384348e+02	5.972575008290691156e-02	2.250398750690622493e-02
1.223625975975975990e+02	5.968445644974546688e-02	2.246868083705337235e-02
1.225227567567567633e+02	5.964324229554345685e-02	2.243341114581386825e-02
1.226829159159159133e+02	5.960210736164453516e-02	2.239817824476403318e-02
1.228430750750750775e+02	5.956105139057127351e-02	2.236298194600764080e-02
1.230032342342342417e+02	5.952007412601827141e-02	2.232782206217081428e-02
1.231633933933933918e+02	5.947917531284533516e-02	2.229269840639694009e-02
1.233235525525525560e+02	5.943835469707060837e-02	2.225761079234155060e-02
1.234837117117117060e+02	5.939761202586386901e-02	2.222255903416728642e-02
1.236438708708708702e+02	5.935694704753979867e-02	2.218754294653881368e-02
1.238040300300300345e+02	5.931635951155131425e-02	2.215256234461785226e-02
1.239641891891891845e+02	5.927584916848296914e-02	2.211761704405809312e-02
1.241243483483483487e+02	5.923541577004436814e-02	2.208270686100025429e-02
1.242845075075075130e+02	5.919505906906367271e-02	2.204783161206709530e-02
1.244446666666666630e+02	5.915477881948109917e-02	2.201299111435844197e-02
1.246048258258258272e+02	5.911457477634250030e-02	2.197818518544624247e-02
1.247649849849849915e+02	5.907444669579298147e-02	2.194341364336967193e-02
1.249251441441441415e+02	5.903439433507058631e-02	2.190867630663018151e-02
1.250853033033033057e+02	5.899441745249995456e-02	2.187397299418660998e-02
1.252454624624624557e+02	5.895451580748609088e-02	2.183930352545033690e-02
1.254056216216216200e+02	5.891468916050819626e-02	2.180466772028037334e-02
1.255657807807807842e+02	5.887493727311344377e-02	2.177006539897852200e-02
1.257259399399399342e+02	5.883525990791092786e-02	2.173549638228456857e-02
1.258860990990990985e+02	5.879565682856551651e-02	2.170096049137141062e-02
1.260462582582582627e+02	5.875612779979186295e-02	2.166645754784029404e-02
1.262064174174174127e+02	5.871667258734841743e-02	2.163198737371598707e-02
1.263665765765765769e+02	5.867729095803145278e-02	2.159754979144199588e-02
1.265267357357357412e+02	5.863798267966915945e-02	2.156314462387582537e-02
1.266868948948948912e+02	5.859874752111580293e-02	2.152877169428419127e-02
1.268470540540540554e+02	5.855958525224585348e-02	2.149443082633826357e-02
1.270072132132132197e+02	5.852049564394826153e-02	2.146012184410896195e-02
1.271673723723723697e+02	5.848147846812063594e-02	2.142584457206224077e-02
1.273275315315315339e+02	5.844253349766360961e-02	2.139159883505431861e-02
1.274876906906906839e+02	5.840366050647512880e-02	2.135738445832703961e-02
1.276478498498498482e+02	5.836485926944481872e-02	2.132320126750315500e-02
1.278080090090090124e+02	5.832612956244844632e-02	2.128904908858161860e-02
1.279681681681681624e+02	5.828747116234230669e-02	2.125492774793297235e-02
1.281283273273273267e+02	5.824888384695774135e-02	2.122083707229463490e-02
1.282884864864864767e+02	5.821036739509569125e-02	2.118677688876627677e-02
1.284486456456456551e+02	5.817192158652117334e-02	2.115274702480515398e-02
1.286088048048048051e+02	5.813354620195800709e-02	2.111874730822148327e-02
1.287689639639639552e+02	5.809524102308332577e-02	2.108477756717383120e-02
1.289291231231231336e+02	5.805700583252231678e-02	2.105083763016445814e-02
1.290892822822822836e+02	5.801884041384295504e-02	2.101692732603474903e-02
1.292494414414414337e+02	5.798074455155066004e-02	2.098304648396058167e-02
1.294096006006006121e+02	5.794271803108316798e-02	2.094919493344771233e-02
1.295697597597597621e+02	5.790476063880532070e-02	2.091537250432723427e-02
1.297299189189189121e+02	5.786687216200386147e-02	2.088157902675095989e-02
1.298900780780780906e+02	5.782905238888241817e-02	2.084781433118683067e-02
1.300502372372372406e+02	5.779130110855636854e-02	2.081407824841437562e-02
1.302103963963963906e+02	5.775361811104780252e-02	2.078037060952013168e-02
1.303705555555555691e+02	5.771600318728049850e-02	2.074669124589304664e-02
1.305307147147147191e+02	5.767845612907498282e-02	2.071303998921998624e-02
1.306908738738738691e+02	5.764097672914358234e-02	2.067941667148112672e-02
1.308510330330330191e+02	5.760356478108547007e-02	2.064582112494541682e-02
1.310111921921921976e+02	5.756622007938184266e-02	2.061225318216604666e-02
1.311713513513513476e+02	5.752894241939105618e-02	2.057871267597588885e-02
1.313315105105104976e+02	5.749173159734380367e-02	2.054519943948297095e-02
1.314916696696696761e+02	5.745458741033836192e-02	2.051171330606590959e-02
1.316518288288288261e+02	5.741750965633582449e-02	2.047825410936942106e-02
1.318119879879879761e+02	5.738049813415538325e-02	2.044482168329975896e-02
1.319721471471471546e+02	5.734355264346967240e-02	2.041141586202016925e-02
1.321323063063063046e+02	5.730667298480009164e-02	2.037803647994639381e-02
1.322924654654654546e+02	5.726985895951219180e-02	2.034468337174213243e-02
1.324526246246246330e+02	5.723311036981105354e-02	2.031135637231447702e-02
1.326127837837837831e+02	5.719642701873681873e-02	2.027805531680944989e-02
1.327729429429429331e+02	5.715980871016006215e-02	2.024478004060741715e-02
1.329331021021021115e+02	5.712325524877731597e-02	2.021153037931858881e-02
1.330932612612612616e+02	5.708676644010666351e-02	2.017830616877848426e-02
1.332534204204204116e+02	5.705034209048318039e-02	2.014510724504341155e-02
1.334135795795795900e+02	5.701398200705464631e-02	2.011193344438589464e-02
1.335737387387387400e+02	5.697768599777708332e-02	2.007878460329021522e-02
1.337338978978978901e+02	5.694145387141043985e-02	2.004566055844780523e-02
1.338940570570570685e+02	5.690528543751422613e-02	2.001256114675274006e-02
1.340542162162162185e+02	5.686918050644327455e-02	1.997948620529720748e-02
1.342143753753753685e+02	5.683313888934343056e-02	1.994643557136694181e-02
1.343745345345345470e+02	5.679716039814731998e-02	1.991340908243668939e-02
1.345346936936936970e+02	5.676124484557013711e-02	1.988040657616567397e-02
1.346948528528528470e+02	5.672539204510548827e-02	1.984742789039298586e-02
1.348550120120120255e+02	5.668960181102116608e-02	1.981447286313309242e-02
1.350151711711711755e+02	5.665387395835511097e-02	1.978154133257123415e-02
1.351753303303303255e+02	5.661820830291122708e-02	1.974863313705886234e-02
1.353354894894894755e+02	5.658260466125535071e-02	1.971574811510904898e-02
1.354956486486486540e+02	5.654706285071117722e-02	1.968288610539192449e-02
1.356558078078078040e+02	5.651158268935625034e-02	1.965004694673011185e-02
1.358159669669669540e+02	5.647616399601796539e-02	1.961723047809407414e-02
1.359761261261261325e+02	5.644080659026959323e-02	1.958443653859754524e-02
1.361362852852852825e+02	5.640551029242633907e-02	1.955166496749292590e-02
1.362964444444444325e+02	5.637027492354138719e-02	1.951891560416667629e-02
1.364566036036036110e+02	5.633510030540206381e-02	1.948618828813462878e-02
1.366167627627627610e+02	5.629998626052595129e-02	1.945348285903743951e-02
1.367769219219219110e+02	5.626493261215697456e-02	1.942079915663588383e-02
1.369370810810810895e+02	5.622993918426168192e-02	1.938813702080622106e-02
1.370972402402402395e+02	5.619500580152538005e-02	1.935549629153553858e-02
1.372573993993993895e+02	5.616013228934840090e-02	1.932287680891707493e-02
1.374175585585585679e+02	5.612531847384230610e-02	1.929027841314552572e-02
1.375777177177177180e+02	5.609056418182623710e-02	1.925770094451236328e-02
1.377378768768768680e+02	5.605586924082314043e-02	1.922514424340111133e-02
1.378980360360360464e+02	5.602123347905611089e-02	1.919260815028265427e-02
1.380581951951951964e+02	5.598665672544480415e-02	1.916009250571048053e-02
1.382183543543543465e+02	5.595213880960170361e-02	1.912759715031595725e-02
1.383785135135135249e+02	5.591767956182858157e-02	1.909512192480353893e-02
1.385386726726726749e+02	5.588327881311290490e-02	1.906266666994605244e-02
1.386988318318318250e+02	5.584893639512427538e-02	1.903023122657987454e-02
1.388589909909910034e+02	5.581465214021084920e-02	1.899781543560011277e-02
1.390191501501501534e+02	5.578042588139590918e-02	1.896541913795586620e-02
1.391793093093093034e+02	5.574625745237425656e-02	1.893304217464529884e-02
1.393394684684684819e+02	5.571214668750885252e-02	1.890068438671086565e-02
1.394996276276276319e+02	5.567809342182730020e-02	1.886834561523443796e-02
1.396597867867867819e+02	5.564409749101843772e-02	1.883602570133239076e-02
1.398199459459459320e+02	5.561015873142891031e-02	1.880372448615073855e-02
1.399801051051051104e+02	5.557627698005982581e-02	1.877144181086020866e-02
1.401402642642642604e+02	5.554245207456336153e-02	1.873917751665132858e-02
1.403004234234234104e+02	5.550868385323943360e-02	1.870693144472944033e-02
1.404605825825825889e+02	5.547497215503236628e-02	1.867470343630974264e-02
1.406207417417417389e+02	5.544131681952759599e-02	1.864249333261234695e-02
1.407809009009008889e+02	5.540771768694840310e-02	1.861030097485717738e-02
1.409410600600600674e+02	5.537417459815261594e-02	1.857812620425902672e-02
1.411012192192192174e+02	5.534068739462943975e-02	1.854596886202244943e-02
1.412613783783783674e+02	5.530725591849615375e-02	1.851382878933671358e-02
1.414215375375375459e+02	5.527388001249496779e-02	1.848170582737069731e-02
1.415816966966966959e+02	5.524055951998984443e-02	1.844959981726776790e-02
1.417418558558558459e+02	5.520729428496330693e-02	1.841751060014064356e-02
1.419020150150150243e+02	5.517408415201331684e-02	1.838543801706623085e-02
1.420621741741741744e+02	5.514092896635017227e-02	1.835338190908044481e-02
1.422223333333333244e+02	5.510782857379337152e-02	1.832134211717292502e-02
1.423824924924925028e+02	5.507478282076853221e-02	1.828931848228190771e-02
1.425426516516516529e+02	5.504179155430440062e-02	1.825731084528887244e-02
1.427028108108108029e+02	5.500885462202971532e-02	1.822531904701328240e-02
1.428629699699699813e+02	5.497597187217018871e-02	1.819334292820726576e-02
1.430231291291291313e+02	5.494314315354560663e-02	1.816138232955023801e-02
1.431832882882882814e+02	5.491036831556671272e-02	1.812943709164355557e-02
1.433434474474474598e+02	5.487764720823229414e-02	1.809750705500511037e-02
1.435036066066066098e+02	5.484497968212624641e-02	1.806559206006389320e-02
1.436637657657657599e+02	5.481236558841461048e-02	1.803369194715447391e-02
1.438239249249249383e+02	5.477980477884265842e-02	1.800180655651159936e-02
1.439840840840840883e+02	5.474729710573203456e-02	1.796993572826460078e-02
1.441442432432432383e+02	5.471484242197783426e-02	1.793807930243184259e-02
1.443044024024023884e+02	5.468244058104574506e-02	1.790623711891513661e-02
1.444645615615615668e+02	5.465009143696920174e-02	1.787440901749412503e-02
1.446247207207207168e+02	5.461779484434660381e-02	1.784259483782061131e-02
1.447848798798798668e+02	5.458555065833845671e-02	1.781079441941284258e-02
1.449450390390390453e+02	5.455335873466456154e-02	1.777900760164983010e-02
1.451051981981981953e+02	5.452121892960132277e-02	1.774723422376553797e-02
1.452653573573573453e+02	5.448913109997889637e-02	1.771547412484309608e-02
1.454255165165165238e+02	5.445709510317849750e-02	1.768372714380895411e-02
1.455856756756756738e+02	5.442511079712967353e-02	1.765199311942702506e-02
1.457458348348348238e+02	5.439317804030757014e-02	1.762027189029272481e-02
1.459059939939940023e+02	5.436129669173026674e-02	1.758856329482702888e-02
1.460661531531531523e+02	5.432946661095607727e-02	1.755686717127051544e-02
1.462263123123123023e+02	5.429768765808088565e-02	1.752518335767727989e-02
1.463864714714714808e+02	5.426595969373552986e-02	1.749351169190883903e-02
1.465466306306306308e+02	5.423428257908316508e-02	1.746185201162807690e-02
1.467067897897897808e+02	5.420265617581661310e-02	1.743020415429297892e-02
1.468669489489489592e+02	5.417108034615581574e-02	1.739856795715051530e-02
1.470271081081081093e+02	5.413955495284521885e-02	1.736694325723031965e-02
1.471872672672672593e+02	5.410807985915121882e-02	1.733532989133839894e-02
1.473474264264264377e+02	5.407665492885961600e-02	1.730372769605079825e-02
1.475075855855855878e+02	5.404528002627306815e-02	1.727213650770719963e-02
1.476677447447447378e+02	5.401395501620857159e-02	1.724055616240444816e-02
1.478279039039039162e+02	5.398267976399494933e-02	1.720898649599006403e-02
1.479880630630630662e+02	5.395145413547040858e-02	1.717742734405574775e-02
1.481482222222222163e+02	5.392027799697996643e-02	1.714587854193068417e-02
1.483083813813813947e+02	5.388915121537308367e-02	1.711433992467497472e-02
1.484685405405405447e+02	5.385807365800118068e-02	1.708281132707289984e-02
1.486286996996996947e+02	5.382704519271520188e-02	1.705129258362616390e-02
1.487888588588588448e+02	5.379606568786318710e-02	1.701978352854707777e-02
1.489490180180180232e+02	5.376513501228788461e-02	1.698828399575167888e-02
1.491091771771771732e+02	5.373425303532439190e-02	1.695679381885283749e-02
1.492693363363363233e+02	5.370341962679771319e-02	1.692531283115324484e-02
1.494294954954955017e+02	5.367263465702044184e-02	1.689384086563837026e-02
1.495896546546546517e+02	5.364189799679040804e-02	1.686237775496937652e-02
1.497498138138138017e+02	5.361120951738834045e-02	1.683092333147591380e-02
1.499099729729729802e+02	5.358056909057554856e-02	1.679947742714894138e-02
1.500701321321321302e+02	5.354997658859161902e-02	1.676803987363341408e-02
1.502302912912912802e+02	5.351943188415208413e-02	1.673661050222090621e-02
1.503904504504504587e+02	5.348893485044623614e-02	1.670518914384220080e-02
1.505506096096096087e+02	5.345848536113476102e-02	1.667377562905984767e-02
1.507107687687687587e+02	5.342808329034753195e-02	1.664236978806053410e-02
1.508709279279279372e+02	5.339772851268137499e-02	1.661097145064749023e-02
1.510310870870870872e+02	5.336742090319783471e-02	1.657958044623282154e-02
1.511912462462462372e+02	5.333716033742092605e-02	1.654819660382968183e-02
1.513514054054054156e+02	5.330694669133501096e-02	1.651681975204448427e-02
1.515115645645645657e+02	5.327677984138252942e-02	1.648544971906896334e-02
1.516717237237237157e+02	5.324665966446189697e-02	1.645408633267219159e-02
1.518318828828828941e+02	5.321658603792525644e-02	1.642272942019248200e-02
1.519920420420420442e+02	5.318655883957641717e-02	1.639137880852930412e-02
1.521522012012011942e+02	5.315657794766865535e-02	1.636003432413499561e-02
1.523123603603603726e+02	5.312664324090261153e-02	1.632869579300649104e-02
1.524725195195195226e+02	5.309675459842418815e-02	1.629736304067694666e-02
1.526326786786786727e+02	5.306691189982242624e-02	1.626603589220721943e-02
1.527928378378378511e+02	5.303711502512743758e-02	1.623471417217734608e-02
1.529529969969970011e+02	5.300736385480829538e-02	1.620339770467790416e-02
1.531131561561561512e+02	5.297765826977100800e-02	1.617208631330125865e-02
1.532733153153153012e+02	5.294799815135646515e-02	1.614077982113274606e-02
1.534334744744744796e+02	5.291838338133833530e-02	1.610947805074176148e-02
1.535936336336336296e+02	5.288881384192112289e-02	1.607818082417278305e-02
1.537537927927927797e+02	5.285928941573811435e-02	1.604688796293621614e-02
1.539139519519519581e+02	5.282980998584932419e-02	1.601559928799922358e-02
1.540741111111111081e+02	5.280037543573957992e-02	1.598431461977646226e-02
1.542342702702702582e+02	5.277098564931650276e-02	1.595303377812062190e-02
1.543944294294294366e+02	5.274164051090849542e-02	1.592175658231298821e-02
1.545545885885885866e+02	5.271233990526288243e-02	1.589048285105383249e-02
1.547147477477477366e+02	5.268308371754385627e-02	1.585921240245268676e-02
1.548749069069069151e+02	5.265387183333057608e-02	1.582794505401853916e-02
1.550350660660660651e+02	5.262470413861528029e-02	1.579668062264994594e-02
1.551952252252252151e+02	5.259558051980130905e-02	1.576541892462497360e-02
1.553553843843843936e+02	5.256650086370120989e-02	1.573415977559103687e-02
1.555155435435435436e+02	5.253746505753491280e-02	1.570290299055471586e-02
1.556757027027026936e+02	5.250847298892773185e-02	1.567164838387131651e-02
1.558358618618618721e+02	5.247952454590858185e-02	1.564039576923437896e-02
1.559960210210210221e+02	5.245061961690808405e-02	1.560914495966513570e-02
1.561561801801801721e+02	5.242175809075668574e-02	1.557789576750170067e-02
1.563163393393393505e+02	5.239293985668286996e-02	1.554664800438825163e-02
1.564764984984985006e+02	5.236416480431130976e-02	1.551540148126402847e-02
1.566366576576576506e+02	5.233543282366100169e-02	1.548415600835223449e-02
1.567968168168168290e+02	5.230674380514351712e-02	1.545291139514876760e-02
1.569569759759759791e+02	5.227809763956116351e-02	1.542166745041085966e-02
1.571171351351351291e+02	5.224949421810518718e-02	1.539042398214555615e-02
1.572772942942943075e+02	5.222093343235403862e-02	1.535918079759802934e-02
1.574374534534534575e+02	5.219241517427157528e-02	1.532793770323984117e-02
1.575976126126126076e+02	5.216393933620524365e-02	1.529669450475695455e-02
1.577577717717717576e+02	5.213550581088443464e-02	1.526545100703765277e-02
1.579179309309309360e+02	5.210711449141866569e-02	1.523420701416030795e-02
1.580780900900900861e+02	5.207876527129588068e-02	1.520296232938101941e-02
1.582382492492492361e+02	5.205045804438070134e-02	1.517171675512102823e-02
1.583984084084084145e+02	5.202219270491274111e-02	1.514047009295402778e-02
1.585585675675675645e+02	5.199396914750490512e-02	1.510922214359333889e-02
1.587187267267267146e+02	5.196578726714166929e-02	1.507797270687884217e-02
1.588788858858858930e+02	5.193764695917741508e-02	1.504672158176380801e-02
1.590390450450450430e+02	5.190954811933475715e-02	1.501546856630155136e-02
1.591992042042041930e+02	5.188149064370285724e-02	1.498421345763187654e-02
1.593593633633633715e+02	5.185347442873580043e-02	1.495295605196738688e-02
1.595195225225225215e+02	5.182549937125090211e-02	1.492169614457961903e-02
1.596796816816816715e+02	5.179756536842713283e-02	1.489043352978492406e-02
1.598398408408408500e+02	5.176967231780340434e-02	1.485916800093027221e-02
1.600000000000000000e+02	5.174182011727706393e-02	1.482789935037880612e-02
