9.999999999999999547e-07	0.000000000000000000e+00	0.000000000000000000e+00
2.002011991991992090e-01	1.087342976783366888e+00	1.648649542679605062e+00
4.004013983983983893e-01	7.907564933954440711e-01	8.745202988218468976e-01
6.006015975975976806e-01	6.398454562452368100e-01	6.109783910411105134e-01
8.008017967967968609e-01	5.460886578437160743e-01	4.769104438996523698e-01
1.001001995995995930e+00	4.810697080488560151e-01	3.952368134233981700e-01
1.201202195195195221e+00	4.327852791326182724e-01	3.400305457536678122e-01
1.401402394394394291e+00	3.952140847823676917e-01	3.000908449235341058e-01
1.601602593593593582e+00	3.649706582500345520e-01	2.697762008511553344e-01
1.801802792792792873e+00	3.399905072956342922e-01	2.459310161692648267e-01
2.002002991991992165e+00	3.189357227864369482e-01	2.266497374791380526e-01
2.202203191191191234e+00	3.008972431399430381e-01	2.107123208104690060e-01
2.402403390390390747e+00	2.852335340842955258e-01	1.973006481652135879e-01
2.602603589589589816e+00	2.714775781191273163e-01	1.858451511485431917e-01
2.802803788788788886e+00	2.592804728951738080e-01	1.759367949486046745e-01
3.003003987987988399e+00	2.483757679203464352e-01	1.672740528788971281e-01
3.203204187187187468e+00	2.385561046191763956e-01	1.596296346844314207e-01
3.403404386386386538e+00	2.296574467148612686e-01	1.528288755269038290e-01
3.603604585585586051e+00	2.215481531633214929e-01	1.467352751937692490e-01
3.803804784784785120e+00	2.141212319213407489e-01	1.412405681669900159e-01
4.004004983983984189e+00	2.072887370866300372e-01	1.362577482264610840e-01
4.204205183183183259e+00	2.009776432969669346e-01	1.317160689225213288e-01
4.404405382382382328e+00	1.951267589608784714e-01	1.275573953590539433e-01
4.604605581581582285e+00	1.896843832919503092e-01	1.237334988346925624e-01
4.804805780780781355e+00	1.846065046285860767e-01	1.202040213003908037e-01
5.005005979979980424e+00	1.798553985039097747e-01	1.169349234707642293e-01
5.205206179179179493e+00	1.753985249240423983e-01	1.138972873710923928e-01
5.405406378378378562e+00	1.712076523633997427e-01	1.110663821558723063e-01
5.605606577577577632e+00	1.672581554935721471e-01	1.084209279179425001e-01
5.805806776776777589e+00	1.635284474326845761e-01	1.059425100989000862e-01
6.006006975975976658e+00	1.599995171564616292e-01	1.036151096641908520e-01
6.206207175175175728e+00	1.566545498539364811e-01	1.014247231345106887e-01
6.406407374374374797e+00	1.534786132475620124e-01	9.935905299646814737e-02
6.606607573573573866e+00	1.504583967795327659e-01	9.740725370291752894e-02
6.806807772772772935e+00	1.475819934732271466e-01	9.555972192739754789e-02
7.007007971971972005e+00	1.448387164764021739e-01	9.380792230836497436e-02
7.207208171171171962e+00	1.422189439690140778e-01	9.214424185136101120e-02
7.407408370370371031e+00	1.397139874077187316e-01	9.056186762264177570e-02
7.607608569569570101e+00	1.373159790783793910e-01	8.905468348839382098e-02
7.807808768768769170e+00	1.350177757082001162e-01	8.761718251737397878e-02
8.008008967967967351e+00	1.328128755026419527e-01	8.624439233551436934e-02
8.208209167167167308e+00	1.306953464578825552e-01	8.493181124553224326e-02
8.408409366366365489e+00	1.286597641863185537e-01	8.367535333748461757e-02
8.608609565565565447e+00	1.267011578024341001e-01	8.247130114331091555e-02
8.808809764764763628e+00	1.248149626659541267e-01	8.131626464909345875e-02
9.009009963963963585e+00	1.229969789813492725e-01	8.020714568770515029e-02
9.209210163163163543e+00	1.212433354173099442e-01	7.914110690288331251e-02
9.409410362362361724e+00	1.195504570443987752e-01	7.811554461214811895e-02
9.609610561561561681e+00	1.179150369996879305e-01	7.712806500699150025e-02
9.809810760760759862e+00	1.163340113784650659e-01	7.617646321954411881e-02
1.001001095995995982e+01	1.148045369287434697e-01	7.525870485950149347e-02
1.021021115915915800e+01	1.133239711872651295e-01	7.437290968661160184e-02
1.041041135835835796e+01	1.118898547482711225e-01	7.351733713498824485e-02
1.061061155755755792e+01	1.104998954004063200e-01	7.269037344789636146e-02
1.081081175675675610e+01	1.091519539042224984e-01	7.189052021703327966e-02
1.101101195595595605e+01	1.078440312140667851e-01	7.111638414997004110e-02
1.121121215515515424e+01	1.065742569746715579e-01	7.036666791433400514e-02
1.141141235435435419e+01	1.053408791453066540e-01	6.964016192833347163e-02
1.161161255355355415e+01	1.041422546235666741e-01	6.893573698501045954e-02
1.181181275275275233e+01	1.029768407572903971e-01	6.825233761270693700e-02
1.201201295195195229e+01	1.018431876471862091e-01	6.758897608708312743e-02
1.221221315115115047e+01	1.007399311548378418e-01	6.694472702100290329e-02
1.241241335035035043e+01	9.966578654119122305e-02	6.631872246799760950e-02
1.261261354954954861e+01	9.861954266963271487e-02	6.571014748308853792e-02
1.281281374874874857e+01	9.760005671556959417e-02	6.511823609169117844e-02
1.301301394794794852e+01	9.660624933119874025e-02	6.454226762331767564e-02
1.321321414714714670e+01	9.563710022003979461e-02	6.398156337197570542e-02
1.341341434634634666e+01	9.469164408095073759e-02	6.343548354965680702e-02
1.361361454554554484e+01	9.376896688583261086e-02	6.290342450321141643e-02
1.381381474474474480e+01	9.286820245916448113e-02	6.238481616830911236e-02
1.401401494394394298e+01	9.198852933095927331e-02	6.187911973715041342e-02
1.421421514314314294e+01	9.112916783776636720e-02	6.138582551919218033e-02
1.441441534234234290e+01	9.028937744901845142e-02	6.090445097642367689e-02
1.461461554154154108e+01	8.946845429837947672e-02	6.043453891672696116e-02
1.481481574074074103e+01	8.866572890183477273e-02	5.997565583061273409e-02
1.501501593993993922e+01	8.788056404611190031e-02	5.952739035817070784e-02
1.521521613913913917e+01	8.711235283265819640e-02	5.908935187444068482e-02
1.541541633833833913e+01	8.636051686385690096e-02	5.866116918261939789e-02
1.561561653753753731e+01	8.562450455945902483e-02	5.824248930558928450e-02
1.581581673673673727e+01	8.490378959236302703e-02	5.783297636720536455e-02
1.601601693593593723e+01	8.419786943390471234e-02	5.743231055562155601e-02
1.621621713513513541e+01	8.350626399974224456e-02	5.704018716168899467e-02
1.641641733433433714e+01	8.282851438824509471e-02	5.665631568612957553e-02
1.661661753353353532e+01	8.216418170403669285e-02	5.628041900978628803e-02
1.681681773273273350e+01	8.151284596000420157e-02	5.591223262178680875e-02
1.701701793193193524e+01	8.087410505168549091e-02	5.555150390093595986e-02
1.721721813113113342e+01	8.024757379848210248e-02	5.519799144608227015e-02
1.741741833033033160e+01	7.963288304663006245e-02	5.485146445158920608e-02
1.761761852952952978e+01	7.902967882929874677e-02	5.451170212438852941e-02
1.781781872872873151e+01	7.843762157958204806e-02	5.417849313940505118e-02
1.801801892792792970e+01	7.785638539250415435e-02	5.385163513042346556e-02
1.821821912712712788e+01	7.728565733248543568e-02	5.353093421372127902e-02
1.841841932632632961e+01	7.672513678300725559e-02	5.321620454202155570e-02
1.861861952552552779e+01	7.617453483548140836e-02	5.290726788652601320e-02
1.881881972472472597e+01	7.563357371457075928e-02	5.260395324497692954e-02
1.901901992392392415e+01	7.510198623742891932e-02	5.230609647386649796e-02
1.921922012312312589e+01	7.457951530452640310e-02	5.201353994306647660e-02
1.941942032232232407e+01	7.406591341991360100e-02	5.172613221129139516e-02
1.961962052152152225e+01	7.356094223893754058e-02	5.144372772093588897e-02
1.981982072072072398e+01	7.306437214158147120e-02	5.116618651094314435e-02
2.002002091991992216e+01	7.257598182973562517e-02	5.089337394646679946e-02
2.022022111911912035e+01	7.209555794683446261e-02	5.062516046418549104e-02
2.042042131831831853e+01	7.162289471841255806e-02	5.036142133221695877e-02
2.062062151751752026e+01	7.115779361223770194e-02	5.010203642365945731e-02
2.082082171671671844e+01	7.070006301677843330e-02	4.984689000286151445e-02
2.102102191591591662e+01	7.024951793685230150e-02	4.959587052358852000e-02
2.122122211511511836e+01	6.980597970538475472e-02	4.934887043831657355e-02
2.142142231431431654e+01	6.936927571028379813e-02	4.910578601794031439e-02
2.162162251351351472e+01	6.893923913550613347e-02	4.886651718123364435e-02
2.182182271271271645e+01	6.851570871545471786e-02	4.863096733344980660e-02
2.202202291191191463e+01	6.809852850190681317e-02	4.839904321349140781e-02
2.222222311111111281e+01	6.768754764272717772e-02	4.817065474912100853e-02
2.242242331031031100e+01	6.728262017167091491e-02	4.794571491972029337e-02
2.262262350950951273e+01	6.688360480862744206e-02	4.772413962614013849e-02
2.282282370870871091e+01	6.649036476970097975e-02	4.750584756721506346e-02
2.302302390790790909e+01	6.610276758656154217e-02	4.729076012254539857e-02
2.322322410710711083e+01	6.572068493453907256e-02	4.707880124117668624e-02
2.342342430630630901e+01	6.534399246896642477e-02	4.686989733583110662e-02
2.362362450550550719e+01	6.497256966930940736e-02	4.666397718236887232e-02
2.382382470470470537e+01	6.460629969065145861e-02	4.646097182417818078e-02
2.402402490390390710e+01	6.424506922212752658e-02	4.626081448121290018e-02
2.422422510310310528e+01	6.388876835192822123e-02	4.606344046341460247e-02
2.442442530230230346e+01	6.353729043851744085e-02	4.586878708827323015e-02
2.462462550150150520e+01	6.319053198773029456e-02	4.567679360229568580e-02
2.482482570070070338e+01	6.284839253543741955e-02	4.548740110616695392e-02
2.502502589989990156e+01	6.251077453548131713e-02	4.530055248340130597e-02
2.522522609909909974e+01	6.217758325260842878e-02	4.511619233229418463e-02
2.542542629829830148e+01	6.184872666013643133e-02	4.493426690099670134e-02
2.562562649749749966e+01	6.152411534211253002e-02	4.475472402554619977e-02
2.582582669669669784e+01	6.120366239973231565e-02	4.457751307069560132e-02
2.602602689589589957e+01	6.088728336180276174e-02	4.440258487339465709e-02
2.622622709509509775e+01	6.057489609904486566e-02	4.422989168878441874e-02
2.642642729429429593e+01	6.026642074204398986e-02	4.405938713857471961e-02
2.662662749349349411e+01	5.996177960266613205e-02	4.389102616168223669e-02
2.682682769269269585e+01	5.966089709876943453e-02	4.372476496701356574e-02
2.702702789189189403e+01	5.936369968204930486e-02	4.356056098828482021e-02
2.722722809109109221e+01	5.907011576886476989e-02	4.339837284077537050e-02
2.742742829029029394e+01	5.878007567390219207e-02	4.323816027991904398e-02
2.762762848948949213e+01	5.849351154654042206e-02	4.307988416164192091e-02
2.782782868868869031e+01	5.821035730978865036e-02	4.292350640436081582e-02
2.802802888788788849e+01	5.793054860167555498e-02	4.276898995256125935e-02
2.822822908708709022e+01	5.765402271897481640e-02	4.261629874187849998e-02
2.842842928628628840e+01	5.738071856315785785e-02	4.246539766560930573e-02
2.862862948548548658e+01	5.711057658847114304e-02	4.231625254258589153e-02
2.882882968468468832e+01	5.684353875204020690e-02	4.216883008634764174e-02
2.902902988388388650e+01	5.657954846590796533e-02	4.202309787554942000e-02
2.922923008308308468e+01	5.631855055091973539e-02	4.187902432554840154e-02
2.942943028228228286e+01	5.606049119237176137e-02	4.173657866111496473e-02
2.962963048148148459e+01	5.580531789734453213e-02	4.159573089021551678e-02
2.982983068068068278e+01	5.555297945364588014e-02	4.145645177881829291e-02
3.003003087987988096e+01	5.530342589029302314e-02	4.131871282667550632e-02
3.023023107907908269e+01	5.505660843946606764e-02	4.118248624403754443e-02
3.043043127827828087e+01	5.481247949986887968e-02	4.104774492925770957e-02
3.063063147747747905e+01	5.457099260143638553e-02	4.091446244724732811e-02
3.083083167667668079e+01	5.433210237133072329e-02	4.078261300874387596e-02
3.103103187587587897e+01	5.409576450117081770e-02	4.065217145035612822e-02
3.123123207507507715e+01	5.386193571544332231e-02	4.052311321535239513e-02
3.143143227427427533e+01	5.363057374104514968e-02	4.039541433515962676e-02
3.163163247347347706e+01	5.340163727790998849e-02	4.026905141154241141e-02
3.183183267267267524e+01	5.317508597067382298e-02	4.014400159943309898e-02
3.203203287187186987e+01	5.295088038133646119e-02	4.002024259038489823e-02
3.223223307107107161e+01	5.272898196287811867e-02	3.989775259662176748e-02
3.243243327027026623e+01	5.250935303379201946e-02	3.977651033565993838e-02
3.263263346946946797e+01	5.229195675349573857e-02	3.965649501547707095e-02
3.283283366866866970e+01	5.207675709858607810e-02	3.953768632020631529e-02
3.303303386786786433e+01	5.186371883990325421e-02	3.942006439633367193e-02
3.323323406706706606e+01	5.165280752037243461e-02	3.930360983937773028e-02
3.343343426626626780e+01	5.144398943359166504e-02	3.918830368103240480e-02
3.363363446546546243e+01	5.123723160313682634e-02	3.907412737675361458e-02
3.383383466466466416e+01	5.103250176255542253e-02	3.896106279377208742e-02
3.403403486386386589e+01	5.082976833602258215e-02	3.884909219951531573e-02
3.423423506306306052e+01	5.062900041963343256e-02	3.873819825042212894e-02
3.443443526226226226e+01	5.043016776330737361e-02	3.862836398113448505e-02
3.463463546146146399e+01	5.023324075328102628e-02	3.851957279405161805e-02
3.483483566066065862e+01	5.003819039516717304e-02	3.841180844923221260e-02
3.503503585985986035e+01	4.984498829755848459e-02	3.830505505463122073e-02
3.523523605905905498e+01	4.965360665615548008e-02	3.819929705665830316e-02
3.543543625825825671e+01	4.946401823839893797e-02	3.809451923104538451e-02
3.563563645745745845e+01	4.927619636858842495e-02	3.799070667401173440e-02
3.583583665665665308e+01	4.909011491346836065e-02	3.788784479371509056e-02
3.603603685585585481e+01	4.890574826826497162e-02	3.778591930197792992e-02
3.623623705505505654e+01	4.872307134315725236e-02	3.768491620627881233e-02
3.643643725425425117e+01	4.854205955016639013e-02	3.758482180199852751e-02
3.663663745345345291e+01	4.836268879044826330e-02	3.748562266491181627e-02
3.683683765265265464e+01	4.818493544197483686e-02	3.738730564391549299e-02
3.703703785185184927e+01	4.800877634759013329e-02	3.728985785398426095e-02
3.723723805105105100e+01	4.783418880342780316e-02	3.719326666934585218e-02
3.743743825025025274e+01	4.766115054767726400e-02	3.709751971686760241e-02
3.763763844944944736e+01	4.748963974968616747e-02	3.700260486964671025e-02
3.783783864864864910e+01	4.731963499938745404e-02	3.690851024079688097e-02
3.803803884784784373e+01	4.715111529703974041e-02	3.681522417742439518e-02
3.823823904704704546e+01	4.698406004326990265e-02	3.672273525478658707e-02
3.843843924624624719e+01	4.681844902940780762e-02	3.663103227062673717e-02
3.863863944544544182e+01	4.665426242810281898e-02	3.654010423967857940e-02
3.883883964464464356e+01	4.649148078421275199e-02	3.644994038833500316e-02
3.903903984384384529e+01	4.633008500595568735e-02	3.636053014947484424e-02
3.923924004304303992e+01	4.617005635631617200e-02	3.627186315744249101e-02
3.943944024224224165e+01	4.601137644469685539e-02	3.618392924317492820e-02
3.963964044144144339e+01	4.585402721880754706e-02	3.609671842947121539e-02
3.983984064064063801e+01	4.569799095678391682e-02	3.601022092639941802e-02
4.004004083983983975e+01	4.554325025952780243e-02	3.592442712683647371e-02
4.024024103903904148e+01	4.538978804326236627e-02	3.583932760213642127e-02
4.044044123823823611e+01	4.523758753229464163e-02	3.575491309792258598e-02
4.064064143743743784e+01	4.508663225197883512e-02	3.567117452999971766e-02
4.084084163663663247e+01	4.493690602187390415e-02	3.558810298038198733e-02
4.104104183583583421e+01	4.478839294908911611e-02	3.550568969343303322e-02
4.124124203503503594e+01	4.464107742181148974e-02	3.542392607211436450e-02
4.144144223423423057e+01	4.449494410300928321e-02	3.534280367433850767e-02
4.164164243343343230e+01	4.434997792430606101e-02	3.526231420942351619e-02
4.184184263263263404e+01	4.420616408001976777e-02	3.518244953464564478e-02
4.204204283183182866e+01	4.406348802136166032e-02	3.510320165188673264e-02
4.224224303103103040e+01	4.392193545079014355e-02	3.502456270437360325e-02
4.244244323023023213e+01	4.378149231651454892e-02	3.494652497350620585e-02
4.264264342942942676e+01	4.364214480714426192e-02	3.486908087577191701e-02
4.284284362862862849e+01	4.350387934647871602e-02	3.479222295974306739e-02
4.304304382782783023e+01	4.336668258843384000e-02	3.471594390315526496e-02
4.324324402702702486e+01	4.323054141210082996e-02	3.464023651006373217e-02
4.344344422622622659e+01	4.309544291693320761e-02	3.456509370807545750e-02
4.364364442542542832e+01	4.296137441805816110e-02	3.449050854565463564e-02
4.384384462462462295e+01	4.282832344170862254e-02	3.441647418949919657e-02
4.404404482382382469e+01	4.269627772077214112e-02	3.434298392198616157e-02
4.424424502302301931e+01	4.256522519045335962e-02	3.427003113868382078e-02
4.444444522222222105e+01	4.243515398404650030e-02	3.419760934592857432e-02
4.464464542142142278e+01	4.230605242881464029e-02	3.412571215846453565e-02
4.484484562062061741e+01	4.217790904197265406e-02	3.405433329714397522e-02
4.504504581981981914e+01	4.205071252677069354e-02	3.398346658668675163e-02
4.524524601901902088e+01	4.192445176867537482e-02	3.391310595349700252e-02
4.544544621821821551e+01	4.179911583164569455e-02	3.384324542353531889e-02
4.564564641741741724e+01	4.167469395450094233e-02	3.377387912024480687e-02
4.584584661661661897e+01	4.155117554737806224e-02	3.370500126252944095e-02
4.604604681581581360e+01	4.142855018827577146e-02	3.363660616278308507e-02
4.624624701501501534e+01	4.130680761968288928e-02	3.356868822496779370e-02
4.644644721421421707e+01	4.118593774528868379e-02	3.350124194273989414e-02
4.664664741341341170e+01	4.106593062677270367e-02	3.343426189762246925e-02
4.684684761261261343e+01	4.094677648067190229e-02	3.336774275722292210e-02
4.704704781181180806e+01	4.082846567532290305e-02	3.330167927349424878e-02
4.724724801101100979e+01	4.071098872787728973e-02	3.323606628103882576e-02
4.744744821021021153e+01	4.059433630138787469e-02	3.317089869545353231e-02
4.764764840940940616e+01	4.047849920196387036e-02	3.310617151171488942e-02
4.784784860860860789e+01	4.036346837599327081e-02	3.304187980260320928e-02
4.804804880780780962e+01	4.024923490743034099e-02	3.297801871716462413e-02
4.824824900700700425e+01	4.013579001514659683e-02	3.291458347920987737e-02
4.844844920620620599e+01	4.002312505034347906e-02	3.285156938584891245e-02
4.864864940540540772e+01	3.991123149402496517e-02	3.278897180606018397e-02
4.884884960460460235e+01	3.980010095452870406e-02	3.272678617929384443e-02
4.904904980380380408e+01	3.968972516511373727e-02	3.266500801410769650e-02
4.924925000300300582e+01	3.958009598160369680e-02	3.260363288683524458e-02
4.944945020220220044e+01	3.947120538008366125e-02	3.254265644028465215e-02
4.964965040140140218e+01	3.936304545464932442e-02	3.248207438246807771e-02
4.984985060060059681e+01	3.925560841520729649e-02	3.242188248536038292e-02
5.005005079979979854e+01	3.914888658532472698e-02	3.236207658368638052e-02
5.025025099899900027e+01	3.904287240012752763e-02	3.230265257373602511e-02
5.045045119819819490e+01	3.893755840424530795e-02	3.224360641220663098e-02
5.065065139739739664e+01	3.883293724980234340e-02	3.218493411507146462e-02
5.085085159659659837e+01	3.872900169445295943e-02	3.212663175647399033e-02
5.105105179579579300e+01	3.862574459946044314e-02	3.206869546764713058e-02
5.125125199499499473e+01	3.852315892781821294e-02	3.201112143585679165e-02
5.145145219419419647e+01	3.842123774241223283e-02	3.195390590336912029e-02
5.165165239339339109e+01	3.831997420422351974e-02	3.189704516644074894e-02
5.185185259259259283e+01	3.821936157056987637e-02	3.184053557433153686e-02
5.205205279179179456e+01	3.811939319338561449e-02	3.178437352833920343e-02
5.225225299099098919e+01	3.802006251753856786e-02	3.172855548085515981e-02
5.245245319019019092e+01	3.792136307918322902e-02	3.167307793444120584e-02
5.265265338938939266e+01	3.782328850414921895e-02	3.161793744092634278e-02
5.285285358858858729e+01	3.772583250636422220e-02	3.156313060052333419e-02
5.305305378778778902e+01	3.762898888631035360e-02	3.150865406096445276e-02
5.325325398698698365e+01	3.753275152951335986e-02	3.145450451665592062e-02
5.345345418618618538e+01	3.743711440506369836e-02	3.140067870785053644e-02
5.365365438538538712e+01	3.734207156416866763e-02	3.134717341983815631e-02
5.385385458458458174e+01	3.724761713873498553e-02	3.129398548215342468e-02
5.405405478378378348e+01	3.715374533998086481e-02	3.124111176780040161e-02
5.425425498298298521e+01	3.706045045707705154e-02	3.118854919249367669e-02
5.445445518218217984e+01	3.696772685581600076e-02	3.113629471391551884e-02
5.465465538138138157e+01	3.687556897730849548e-02	3.108434533098865596e-02
5.485485558058058331e+01	3.678397133670720243e-02	3.103269808316438949e-02
5.505505577977977794e+01	3.669292852195629034e-02	3.098135004972554785e-02
5.525525597897897967e+01	3.660243519256662498e-02	3.093029834910394557e-02
5.545545617817818140e+01	3.651248607841596494e-02	3.087954013821210195e-02
5.565565637737737603e+01	3.642307597857338819e-02	3.082907261178870206e-02
5.585585657657657777e+01	3.633419976014757441e-02	3.077889300175755058e-02
5.605605677577577239e+01	3.624585235715820086e-02	3.072899857659979958e-02
5.625625697497497413e+01	3.615802876943007699e-02	3.067938664073884339e-02
5.645645717417417586e+01	3.607072406150931693e-02	3.063005453393794278e-02
5.665665737337337049e+01	3.598393336160116140e-02	3.058099963070993327e-02
5.685685757257257222e+01	3.589765186052884527e-02	3.053221933973898281e-02
5.705705777177177396e+01	3.581187481071314294e-02	3.048371110331396169e-02
5.725725797097096859e+01	3.572659752517195336e-02	3.043547239677323046e-02
5.745745817017017032e+01	3.564181537653958454e-02	3.038750072796051610e-02
5.765765836936937205e+01	3.555752379610525871e-02	3.033979363669167886e-02
5.785785856856856668e+01	3.547371827287036650e-02	3.029234869423207133e-02
5.805805876776776842e+01	3.539039435262401889e-02	3.024516350278422944e-02
5.825825896696697015e+01	3.530754763703661953e-02	3.019823569498573598e-02
5.845845916616616478e+01	3.522517378277079808e-02	3.015156293341690261e-02
5.865865936536536651e+01	3.514326850060961460e-02	3.010514291011815932e-02
5.885885956456456114e+01	3.506182755460138245e-02	3.005897334611682889e-02
5.905905976376376287e+01	3.498084676122088094e-02	3.001305199096315768e-02
5.925925996296296461e+01	3.490032198854654127e-02	2.996737662227533586e-02
5.945946016216215924e+01	3.482024915545327975e-02	2.992194504529329876e-02
5.965966036136136097e+01	3.474062423082058954e-02	2.987675509244113944e-02
5.985986056056056270e+01	3.466144323275559963e-02	2.983180462289797621e-02
6.006006075975975733e+01	3.458270222783068476e-02	2.978709152217692488e-02
6.026026095895895907e+01	3.450439733033544565e-02	2.974261370171223107e-02
6.046046115815816080e+01	3.442652470154260180e-02	2.969836909845415332e-02
6.066066135735735543e+01	3.434908054898756086e-02	2.965435567447158305e-02
6.086086155655655716e+01	3.427206112576137303e-02	2.961057141656213768e-02
6.106106175575575890e+01	3.419546272981675850e-02	2.956701433586960900e-02
6.126126195495495352e+01	3.411928170328693694e-02	2.952368246750859682e-02
6.146146215415415526e+01	3.404351443181693332e-02	2.948057387019612646e-02
6.166166235335335699e+01	3.396815734390720709e-02	2.943768662589017759e-02
6.186186255255255162e+01	3.389320691026918159e-02	2.939501883943490199e-02
6.206206275175175335e+01	3.381865964319257650e-02	2.935256863821239515e-02
6.226226295095094798e+01	3.374451209592415485e-02	2.931033417180094192e-02
6.246246315015014972e+01	3.367076086205775254e-02	2.926831361163950360e-02
6.266266334934935145e+01	3.359740257493527837e-02	2.922650515069837723e-02
6.286286354854854608e+01	3.352443390705849707e-02	2.918490700315586051e-02
6.306306374774774781e+01	3.345185156951131777e-02	2.914351740408082855e-02
6.326326394694694955e+01	3.337965231139240763e-02	2.910233460912104234e-02
6.346346414614614417e+01	3.330783291925793616e-02	2.906135689419715035e-02
6.366366434534534591e+01	3.323639021657417980e-02	2.902058255520214083e-02
6.386386454454454764e+01	3.316532106317976458e-02	2.898000990770624452e-02
6.406406474374374227e+01	3.309462235475751912e-02	2.893963728666713517e-02
6.426426494294294400e+01	3.302429102231548008e-02	2.889946304614527187e-02
6.446446514214214574e+01	3.295432403167701529e-02	2.885948555902434487e-02
6.466466534134134747e+01	3.288471838297997440e-02	2.881970321673665500e-02
6.486486554054053499e+01	3.281547111018438129e-02	2.878011442899339536e-02
6.506506573973973673e+01	3.274657928058880008e-02	2.874071762351962725e-02
6.526526593893893846e+01	3.267803999435503481e-02	2.870151124579401261e-02
6.546546613813814020e+01	3.260985038404104475e-02	2.866249375879301176e-02
6.566566633733734193e+01	3.254200761414186016e-02	2.862366364273961211e-02
6.586586653653654366e+01	3.247450888063841551e-02	2.858501939485641810e-02
6.606606673573573119e+01	3.240735141055407775e-02	2.854655952912303618e-02
6.626626693493493292e+01	3.234053246151870342e-02	2.850828257603766139e-02
6.646646713413413465e+01	3.227404932134021048e-02	2.847018708238276477e-02
6.666666733333333639e+01	3.220789930758326258e-02	2.843227161099483313e-02
6.686686753253253812e+01	3.214207976715521137e-02	2.839453474053806395e-02
6.706706773173172564e+01	3.207658807589891525e-02	2.835697506528190096e-02
6.726726793093092738e+01	3.201142163819244851e-02	2.831959119488240001e-02
6.746746813013012911e+01	3.194657788655549946e-02	2.828238175416730033e-02
6.766766832932933085e+01	3.188205428126233976e-02	2.824534538292472474e-02
6.786786852852853258e+01	3.181784830996125385e-02	2.820848073569546394e-02
6.806806872772773431e+01	3.175395748730025502e-02	2.817178648156878559e-02
6.826826892692692184e+01	3.169037935455902566e-02	2.813526130398162281e-02
6.846846912612612357e+01	3.162711147928688044e-02	2.809890390052115564e-02
6.866866932532532530e+01	3.156415145494681496e-02	2.806271298273070244e-02
6.886886952452452704e+01	3.150149690056520263e-02	2.802668727591881709e-02
6.906906972372372877e+01	3.143914546038740349e-02	2.799082551897158835e-02
6.926926992292293050e+01	3.137709480353884778e-02	2.795512646416798211e-02
6.946947012212211803e+01	3.131534262369178867e-02	2.791958887699834066e-02
6.966967032132131976e+01	3.125388663873726602e-02	2.788421153598572358e-02
6.986987052052052150e+01	3.119272459046253457e-02	2.784899323251034328e-02
7.007007071971972323e+01	3.113185424423365807e-02	2.781393277063672759e-02
7.027027091891892496e+01	3.107127338868315852e-02	2.777902896694380355e-02
7.047047111811811249e+01	3.101097983540269248e-02	2.774428065035768054e-02
7.067067131731731422e+01	3.095097141864068188e-02	2.770968666198719149e-02
7.087087151651651595e+01	3.089124599500473953e-02	2.767524585496205711e-02
7.107107171571571769e+01	3.083180144316880963e-02	2.764095709427370762e-02
7.127127191491491942e+01	3.077263566358497127e-02	2.760681925661858174e-02
7.147147211411412115e+01	3.071374657819980758e-02	2.757283123024404856e-02
7.167167231331330868e+01	3.065513213017524025e-02	2.753899191479669897e-02
7.187187251251251041e+01	3.059679028361371109e-02	2.750530022117309362e-02
7.207207271171171215e+01	3.053871902328775950e-02	2.747175507137290112e-02
7.227227291091091388e+01	3.048091635437375282e-02	2.743835539835432630e-02
7.247247311011011561e+01	3.042338030218982164e-02	2.740510014589185930e-02
7.267267330930930314e+01	3.036610891193781275e-02	2.737198826843623492e-02
7.287287350850850487e+01	3.030910024844930481e-02	2.733901873097662263e-02
7.307307370770770660e+01	3.025235239593551673e-02	2.730619050890495739e-02
7.327327390690690834e+01	3.019586345774107755e-02	2.727350258788241097e-02
7.347347410610611007e+01	3.013963155610161274e-02	2.724095396370790692e-02
7.367367430530531180e+01	3.008365483190499762e-02	2.720854364218872751e-02
7.387387450450449933e+01	3.002793144445631973e-02	2.717627063901310175e-02
7.407407470370370106e+01	2.997245957124635221e-02	2.714413397962476410e-02
7.427427490290290280e+01	2.991723740772367010e-02	2.711213269909943172e-02
7.447447510210210453e+01	2.986226316707010775e-02	2.708026584202323159e-02
7.467467530130130626e+01	2.980753507997965096e-02	2.704853246237292480e-02
7.487487550050050800e+01	2.975305139444073266e-02	2.701693162339802515e-02
7.507507569969969552e+01	2.969881037552169270e-02	2.698546239750467327e-02
7.527527589889889725e+01	2.964481030515955101e-02	2.695412386614128367e-02
7.547547609809809899e+01	2.959104948195189280e-02	2.692291511968594037e-02
7.567567629729730072e+01	2.953752622095191446e-02	2.689183525733551336e-02
7.587587649649650245e+01	2.948423885346644971e-02	2.686088338699637798e-02
7.607607669569568998e+01	2.943118572685705925e-02	2.683005862517685164e-02
7.627627689489489171e+01	2.937836520434403131e-02	2.679936009688121262e-02
7.647647709409409345e+01	2.932577566481332776e-02	2.676878693550531485e-02
7.667667729329329518e+01	2.927341550262630224e-02	2.673833828273373958e-02
7.687687749249249691e+01	2.922128312743227721e-02	2.670801328843852573e-02
7.707707769169169865e+01	2.916937696398384447e-02	2.667781111057931920e-02
7.727727789089088617e+01	2.911769545195489611e-02	2.664773091510512157e-02
7.747747809009008790e+01	2.906623704576122291e-02	2.661777187585736074e-02
7.767767828928928964e+01	2.901500021438388130e-02	2.658793317447448110e-02
7.787787848848849137e+01	2.896398344119494386e-02	2.655821400029791460e-02
7.807807868768769310e+01	2.891318522378593173e-02	2.652861355027940141e-02
7.827827888688689484e+01	2.886260407379859921e-02	2.649913102888967753e-02
7.847847908608608236e+01	2.881223851675824080e-02	2.646976564802852247e-02
7.867867928528528410e+01	2.876208709190934687e-02	2.644051662693608362e-02
7.887887948448448583e+01	2.871214835205366731e-02	2.641138319210548091e-02
7.907907968368368756e+01	2.866242086339049200e-02	2.638236457719670899e-02
7.927927988288288930e+01	2.861290320535933226e-02	2.635346002295176765e-02
7.947948008208207682e+01	2.856359397048474635e-02	2.632466877711097872e-02
7.967968028128127855e+01	2.851449176422340276e-02	2.629599009433055898e-02
7.987988048048048029e+01	2.846559520481332928e-02	2.626742323610134835e-02
8.008008067967968202e+01	2.841690292312522986e-02	2.623896747066866569e-02
8.028028087887888375e+01	2.836841356251596294e-02	2.621062207295339272e-02
8.048048107807808549e+01	2.832012577868403200e-02	2.618238632447408842e-02
8.068068127727727301e+01	2.827203823952713010e-02	2.615425951327023796e-02
8.088088147647647475e+01	2.822414962500164118e-02	2.612624093382661522e-02
8.108108167567567648e+01	2.817645862698414314e-02	2.609832988699868628e-02
8.128128187487487821e+01	2.812896394913480883e-02	2.607052567993904668e-02
8.148148207407407995e+01	2.808166430676271863e-02	2.604282762602493778e-02
8.168168227327326747e+01	2.803455842669302228e-02	2.601523504478672061e-02
8.188188247247246920e+01	2.798764504713592560e-02	2.598774726183740100e-02
8.208208267167167094e+01	2.794092291755753688e-02	2.596036360880307065e-02
8.228228287087087267e+01	2.789439079855242712e-02	2.593308342325442370e-02
8.248248307007007440e+01	2.784804746171795978e-02	2.590590604863909213e-02
8.268268326926927614e+01	2.780189168953033779e-02	2.587883083421501154e-02
8.288288346846846366e+01	2.775592227522236458e-02	2.585185713498464391e-02
8.308308366766766540e+01	2.771013802266282175e-02	2.582498431163017527e-02
8.328328386686686713e+01	2.766453774623752609e-02	2.579821173044951482e-02
8.348348406606606886e+01	2.761912027073198939e-02	2.577153876329325508e-02
8.368368426526527060e+01	2.757388443121563254e-02	2.574496478750244038e-02
8.388388446446447233e+01	2.752882907292760958e-02	2.571848918584716814e-02
8.408408466366365985e+01	2.748395305116414084e-02	2.569211134646610245e-02
8.428428486286286159e+01	2.743925523116733795e-02	2.566583066280673370e-02
8.448448506206206332e+01	2.739473448801555897e-02	2.563964653356644655e-02
8.468468526126126505e+01	2.735038970651521018e-02	2.561355836263444485e-02
8.488488546046046679e+01	2.730621978109397732e-02	2.558756555903441560e-02
8.508508565965965431e+01	2.726222361569548280e-02	2.556166753686792831e-02
8.528528585885885605e+01	2.721840012367534103e-02	2.553586371525868107e-02
8.548548605805805778e+01	2.717474822769862935e-02	2.551015351829739874e-02
8.568568625725725951e+01	2.713126685963861140e-02	2.548453637498754309e-02
8.588588645645646125e+01	2.708795496047688989e-02	2.545901171919167510e-02
8.608608665565566298e+01	2.704481148020484657e-02	2.543357898957860144e-02
8.628628685485485050e+01	2.700183537772635201e-02	2.540823762957115581e-02
8.648648705405405224e+01	2.695902562076174167e-02	2.538298708729468112e-02
8.668668725325325397e+01	2.691638118575310004e-02	2.535782681552627149e-02
8.688688745245245570e+01	2.687390105777071742e-02	2.533275627164452079e-02
8.708708765165165744e+01	2.683158423042080257e-02	2.530777491758011422e-02
8.728728785085085917e+01	2.678942970575434041e-02	2.528288221976691952e-02
8.748748805005004670e+01	2.674743649417721247e-02	2.525807764909378944e-02
8.768768824924924843e+01	2.670560361436137564e-02	2.523336068085697478e-02
8.788788844844845016e+01	2.666393009315726551e-02	2.520873079471316891e-02
8.808808864764765190e+01	2.662241496550728573e-02	2.518418747463312471e-02
8.828828884684685363e+01	2.658105727436040761e-02	2.515973020885591341e-02
8.848848904604604115e+01	2.653985607058787291e-02	2.513535848984374543e-02
8.868868924524524289e+01	2.649881041289995839e-02	2.511107181423737414e-02
8.888888944444444462e+01	2.645791936776380887e-02	2.508686968281211363e-02
8.908908964364364635e+01	2.641718200932233543e-02	2.506275160043432843e-02
8.928928984284284809e+01	2.637659741931406773e-02	2.503871707601858579e-02
8.948949004204204982e+01	2.633616468699410962e-02	2.501476562248531460e-02
8.968969024124123735e+01	2.629588290905604184e-02	2.499089675671891525e-02
8.988989044044043908e+01	2.625575118955479972e-02	2.496710999952657731e-02
9.009009063963964081e+01	2.621576863983055353e-02	2.494340487559745800e-02
9.029029083883884255e+01	2.617593437843351162e-02	2.491978091346245747e-02
9.049049103803804428e+01	2.613624753104970555e-02	2.489623764545449355e-02
9.069069123723723180e+01	2.609670723042762513e-02	2.487277460766925893e-02
9.089089143643643354e+01	2.605731261630585618e-02	2.484939133992646043e-02
9.109109163563563527e+01	2.601806283534154052e-02	2.482608738573158919e-02
9.129129183483483700e+01	2.597895704103977965e-02	2.480286229223813144e-02
9.149149203403403874e+01	2.593999439368388504e-02	2.477971561021024768e-02
9.169169223323324047e+01	2.590117406026647834e-02	2.475664689398594798e-02
9.189189243243242800e+01	2.586249521442147287e-02	2.473365570144068007e-02
9.209209263163162973e+01	2.582395703635683576e-02	2.471074159395141370e-02
9.229229283083083146e+01	2.578555871278825559e-02	2.468790413636114470e-02
9.249249303003003320e+01	2.574729943687353861e-02	2.466514289694382925e-02
9.269269322922923493e+01	2.570917840814786193e-02	2.464245744736977273e-02
9.289289342842843666e+01	2.567119483245978648e-02	2.461984736267142093e-02
9.309309362762762419e+01	2.563334792190806108e-02	2.459731222120957114e-02
9.329329382682682592e+01	2.559563689477917584e-02	2.457485160464004462e-02
9.349349402602602765e+01	2.555806097548571007e-02	2.455246509788067133e-02
9.369369422522522939e+01	2.552061939450536374e-02	2.453015228907878820e-02
9.389389442442443112e+01	2.548331138832078333e-02	2.450791276957900791e-02
9.409409462362361865e+01	2.544613619936009555e-02	2.448574613389153248e-02
9.429429482282282038e+01	2.540909307593808980e-02	2.446365197966065760e-02
9.449449502202202211e+01	2.537218127219822636e-02	2.444162990763386681e-02
9.469469522122122385e+01	2.533540004805522397e-02	2.441967952163112340e-02
9.489489542042042558e+01	2.529874866913841766e-02	2.439780042851459954e-02
9.509509561961962731e+01	2.526222640673571329e-02	2.437599223815884592e-02
9.529529581881881484e+01	2.522583253773826029e-02	2.435425456342112452e-02
9.549549601801801657e+01	2.518956634458578356e-02	2.433258702011230692e-02
9.569569621721721830e+01	2.515342711521251218e-02	2.431098922696801196e-02
9.589589641641642004e+01	2.511741414299380193e-02	2.428946080562003132e-02
9.609609661561562177e+01	2.508152672669335115e-02	2.426800138056825484e-02
9.629629681481482351e+01	2.504576417041104799e-02	2.424661057915276224e-02
9.649649701401401103e+01	2.501012578353144222e-02	2.422528803152635898e-02
9.669669721321321276e+01	2.497461088067276166e-02	2.420403337062738275e-02
9.689689741241241450e+01	2.493921878163663647e-02	2.418284623215281523e-02
9.709709761161161623e+01	2.490394881135828131e-02	2.416172625453179637e-02
9.729729781081081796e+01	2.486880029985736110e-02	2.414067307889932595e-02
9.749749801001000549e+01	2.483377258218935277e-02	2.411968634907036071e-02
9.769769820920920722e+01	2.479886499839750041e-02	2.409876571151417513e-02
9.789789840840840895e+01	2.476407689346536364e-02	2.407791081532905872e-02
9.809809860760761069e+01	2.472940761726981698e-02	2.405712131221725975e-02
9.829829880680681242e+01	2.469485652453470154e-02	2.403639685646022373e-02
9.849849900600601416e+01	2.466042297478492767e-02	2.401573710489418589e-02
9.869869920520520168e+01	2.462610633230113977e-02	2.399514171688594405e-02
9.889889940440440341e+01	2.459190596607489093e-02	2.397461035430896101e-02
9.909909960360360515e+01	2.455782124976432779e-02	2.395414268151980358e-02
9.929929980280280688e+01	2.452385156165039215e-02	2.393373836533470300e-02
9.949950000200200861e+01	2.448999628459351541e-02	2.391339707500652473e-02
9.969970020120119614e+01	2.445625480599077778e-02	2.389311848220196030e-02
9.989990040040039787e+01	2.442262651773359841e-02	2.387290226097888574e-02
1.001001005995995996e+02	2.438911081616587304e-02	2.385274808776415012e-02
1.003003007987988013e+02	2.435570710204259734e-02	2.383265564133148912e-02
1.005005009979980031e+02	2.432241478048894137e-02	2.381262460277967438e-02
1.007007011971972048e+02	2.428923326095981661e-02	2.379265465551104117e-02
1.009009013963963923e+02	2.425616195719983159e-02	2.377274548521012346e-02
1.011011015955955941e+02	2.422320028720378535e-02	2.375289677982258055e-02
1.013013017947947958e+02	2.419034767317751120e-02	2.373310822953439425e-02
1.015015019939939975e+02	2.415760354149925487e-02	2.371337952675124303e-02
1.017017021931931993e+02	2.412496732268136143e-02	2.369371036607812939e-02
1.019019023923924010e+02	2.409243845133250683e-02	2.367410044429924323e-02
1.021021025915915885e+02	2.406001636612027303e-02	2.365454946035805417e-02
1.023023027907907903e+02	2.402770050973416019e-02	2.363505711533757728e-02
1.025025029899899920e+02	2.399549032884901179e-02	2.361562311244094076e-02
1.027027031891891937e+02	2.396338527408883520e-02	2.359624715697210967e-02
1.029029033883883955e+02	2.393138479999103174e-02	2.357692895631678665e-02
1.031031035875875830e+02	2.389948836497098744e-02	2.355766821992365603e-02
1.033033037867867847e+02	2.386769543128709065e-02	2.353846465928567666e-02
1.035035039859859864e+02	2.383600546500611733e-02	2.351931798792171111e-02
1.037037041851851882e+02	2.380441793596900155e-02	2.350022792135826252e-02
1.039039043843843899e+02	2.377293231775693891e-02	2.348119417711147516e-02
1.041041045835835916e+02	2.374154808765790992e-02	2.346221647466927365e-02
1.043043047827827792e+02	2.371026472663356061e-02	2.344329453547375902e-02
1.045045049819819809e+02	2.367908171928639199e-02	2.342442808290375045e-02
1.047047051811811826e+02	2.364799855382737973e-02	2.340561684225757333e-02
1.049049053803803844e+02	2.361701472204386434e-02	2.338686054073589593e-02
1.051051055795795861e+02	2.358612971926784749e-02	2.336815890742497195e-02
1.053053057787787878e+02	2.355534304434462115e-02	2.334951167327984148e-02
1.055055059779779754e+02	2.352465419960168141e-02	2.333091857110788925e-02
1.057057061771771771e+02	2.349406269081804471e-02	2.331237933555242031e-02
1.059059063763763788e+02	2.346356802719384502e-02	2.329389370307658955e-02
1.061061065755755806e+02	2.343316972132028497e-02	2.327546141194733811e-02
1.063063067747747823e+02	2.340286728914987846e-02	2.325708220221959360e-02
1.065065069739739698e+02	2.337266024996702968e-02	2.323875581572064017e-02
1.067067071731731716e+02	2.334254812635891407e-02	2.322048199603459623e-02
1.069069073723723733e+02	2.331253044418668541e-02	2.320226048848713502e-02
1.071071075715715750e+02	2.328260673255695343e-02	2.318409104013028493e-02
1.073073077707707768e+02	2.325277652379360155e-02	2.316597339972745889e-02
1.075075079699699785e+02	2.322303935340987169e-02	2.314790731773861202e-02
1.077077081691691660e+02	2.319339476008075787e-02	2.312989254630557281e-02
1.079079083683683677e+02	2.316384228561567046e-02	2.311192883923745764e-02
1.081081085675675695e+02	2.313438147493142652e-02	2.309401595199638696e-02
1.083083087667667712e+02	2.310501187602547260e-02	2.307615364168318778e-02
1.085085089659659729e+02	2.307573303994942676e-02	2.305834166702334931e-02
1.087087091651651605e+02	2.304654452078287036e-02	2.304057978835310008e-02
1.089089093643643622e+02	2.301744587560742433e-02	2.302286776760562384e-02
1.091091095635635639e+02	2.298843666448109960e-02	2.300520536829739338e-02
1.093093097627627657e+02	2.295951645041288333e-02	2.298759235551471602e-02
1.095095099619619674e+02	2.293068479933764794e-02	2.297002849590034854e-02
1.097097101611611691e+02	2.290194128009124738e-02	2.295251355764030624e-02
1.099099103603603567e+02	2.287328546438592569e-02	2.293504731045073464e-02
1.101101105595595584e+02	2.284471692678592333e-02	2.291762952556503086e-02
1.103103107587587601e+02	2.281623524468341657e-02	2.290025997572094421e-02
1.105105109579579619e+02	2.278783999827460952e-02	2.288293843514798212e-02
1.107107111571571636e+02	2.275953077053614187e-02	2.286566467955481255e-02
1.109109113563563653e+02	2.273130714720170142e-02	2.284843848611683992e-02
1.111111115555555529e+02	2.270316871673887932e-02	2.283125963346393714e-02
1.113113117547547546e+02	2.267511507032626827e-02	2.281412790166823315e-02
1.115115119539539563e+02	2.264714580183078627e-02	2.279704307223211213e-02
1.117117121531531581e+02	2.261926050778525696e-02	2.278000492807626814e-02
1.119119123523523598e+02	2.259145878736615320e-02	2.276301325352789520e-02
1.121121125515515473e+02	2.256374024237164586e-02	2.274606783430901946e-02
1.123123127507507490e+02	2.253610447719980869e-02	2.272916845752493906e-02
1.125125129499499508e+02	2.250855109882707317e-02	2.271231491165275757e-02
1.127127131491491525e+02	2.248107971678689476e-02	2.269550698653006668e-02
1.129129133483483542e+02	2.245368994314864142e-02	2.267874447334371560e-02
1.131131135475475560e+02	2.242638139249667623e-02	2.266202716461871228e-02
1.133133137467467435e+02	2.239915368190965525e-02	2.264535485420724956e-02
1.135135139459459452e+02	2.237200643094004390e-02	2.262872733727777641e-02
1.137137141451451470e+02	2.234493926159380681e-02	2.261214441030426348e-02
1.139139143443443487e+02	2.231795179831034745e-02	2.259560587105549634e-02
1.141141145435435504e+02	2.229104366794260050e-02	2.257911151858456658e-02
1.143143147427427522e+02	2.226421449973734618e-02	2.256266115321835936e-02
1.145145149419419397e+02	2.223746392531571539e-02	2.254625457654723525e-02
1.147147151411411414e+02	2.221079157865387538e-02	2.252989159141477460e-02
1.149149153403403432e+02	2.218419709606392690e-02	2.251357200190759814e-02
1.151151155395395449e+02	2.215768011617497840e-02	2.249729561334537151e-02
1.153153157387387466e+02	2.213124027991438328e-02	2.248106223227079939e-02
1.155155159379379342e+02	2.210487723048922687e-02	2.246487166643982777e-02
1.157157161371371359e+02	2.207859061336790024e-02	2.244872372481181849e-02
1.159159163363363376e+02	2.205238007626193764e-02	2.243261821753997354e-02
1.161161165355355394e+02	2.202624526910798228e-02	2.241655495596169001e-02
1.163163167347347411e+02	2.200018584404996383e-02	2.240053375258913709e-02
1.165165169339339428e+02	2.197420145542139727e-02	2.238455442109986426e-02
1.167167171331331303e+02	2.194829175972792118e-02	2.236861677632749970e-02
1.169169173323323321e+02	2.192245641562992967e-02	2.235272063425257014e-02
1.171171175315315338e+02	2.189669508392544373e-02	2.233686581199336232e-02
1.173173177307307355e+02	2.187100742753309707e-02	2.232105212779695105e-02
1.175175179299299373e+02	2.184539311147530929e-02	2.230527940103022022e-02
1.177177181291291248e+02	2.181985180286161868e-02	2.228954745217101574e-02
1.179179183283283265e+02	2.179438317087217108e-02	2.227385610279940947e-02
1.181181185275275283e+02	2.176898688674136495e-02	2.225820517558900827e-02
1.183183187267267300e+02	2.174366262374165248e-02	2.224259449429835320e-02
1.185185189259259317e+02	2.171841005716752121e-02	2.222702388376241942e-02
1.187187191251251335e+02	2.169322886431956920e-02	2.221149316988415418e-02
1.189189193243243210e+02	2.166811872448880238e-02	2.219600217962615363e-02
1.191191195235235227e+02	2.164307931894102546e-02	2.218055074100240207e-02
1.193193197227227245e+02	2.161811033090142026e-02	2.216513868307003199e-02
1.195195199219219262e+02	2.159321144553924890e-02	2.214976583592125764e-02
1.197197201211211279e+02	2.156838234995269235e-02	2.213443203067529813e-02
1.199199203203203297e+02	2.154362273315385198e-02	2.211913709947044282e-02
1.201201205195195172e+02	2.151893228605390729e-02	2.210388087545616179e-02
1.203203207187187189e+02	2.149431070144835684e-02	2.208866319278526141e-02
1.205205209179179207e+02	2.146975767400246399e-02	2.207348388660619262e-02
1.207207211171171224e+02	2.144527290023678229e-02	2.205834279305533829e-02
1.209209213163163241e+02	2.142085607851286488e-02	2.204323974924945334e-02
1.211211215155155116e+02	2.139650690901907445e-02	2.202817459327812560e-02
1.213213217147147134e+02	2.137222509375653542e-02	2.201314716419633041e-02
1.215215219139139151e+02	2.134801033652521454e-02	2.199815730201703026e-02
1.217217221131131168e+02	2.132386234291015412e-02	2.198320484770387856e-02
1.219219223123123186e+02	2.129978082026778505e-02	2.196828964316396501e-02
1.221221225115115203e+02	2.127576547771240639e-02	2.195341153124063041e-02
1.223223227107107078e+02	2.125181602610280718e-02	2.193857035570637853e-02
1.225225229099099096e+02	2.122793217802891250e-02	2.192376596125578808e-02
1.227227231091091113e+02	2.120411364779871063e-02	2.190899819349856684e-02
1.229229233083083130e+02	2.118036015142514550e-02	2.189426689895261624e-02
1.231231235075075148e+02	2.115667140661324150e-02	2.187957192503718964e-02
1.233233237067067165e+02	2.113304713274726312e-02	2.186491312006607485e-02
1.235235239059059040e+02	2.110948705087807922e-02	2.185029033324091541e-02
1.237237241051051058e+02	2.108599088371054808e-02	2.183570341464448686e-02
1.239239243043043075e+02	2.106255835559110723e-02	2.182115221523412557e-02
1.241241245035035092e+02	2.103918919249540137e-02	2.180663658683518538e-02
1.243243247027027110e+02	2.101588312201607689e-02	2.179215638213453238e-02
1.245245249019018985e+02	2.099263987335066306e-02	2.177771145467411948e-02
1.247247251011011002e+02	2.096945917728954695e-02	2.176330165884464082e-02
1.249249253003003020e+02	2.094634076620412524e-02	2.174892684987919655e-02
1.251251254994995037e+02	2.092328437403495611e-02	2.173458688384707210e-02
1.253253256986987054e+02	2.090028973628012612e-02	2.172028161764748277e-02
1.255255258978979072e+02	2.087735658998364149e-02	2.170601090900350569e-02
1.257257260970970947e+02	2.085448467372397544e-02	2.169177461645593538e-02
1.259259262962962964e+02	2.083167372760268837e-02	2.167757259935728167e-02
1.261261264954954981e+02	2.080892349323315571e-02	2.166340471786578833e-02
1.263263266946946999e+02	2.078623371372943437e-02	2.164927083293951074e-02
1.265265268938939016e+02	2.076360413369515018e-02	2.163517080633044903e-02
1.267267270930930891e+02	2.074103449921256559e-02	2.162110450057872293e-02
1.269269272922922909e+02	2.071852455783168567e-02	2.160707177900680898e-02
1.271271274914914926e+02	2.069607405855950974e-02	2.159307250571382980e-02
1.273273276906906943e+02	2.067368275184933851e-02	2.157910654556989549e-02
1.275275278898898961e+02	2.065135038959018884e-02	2.156517376421047960e-02
1.277277280890890978e+02	2.062907672509632986e-02	2.155127402803085068e-02
1.279279282882882853e+02	2.060686151309685382e-02	2.153740720418059404e-02
1.281281284874874871e+02	2.058470450972540652e-02	2.152357316055810918e-02
1.283283286866866888e+02	2.056260547250993859e-02	2.150977176580520095e-02
1.285285288858858905e+02	2.054056416036262669e-02	2.149600288930172964e-02
1.287287290850850923e+02	2.051858033356979832e-02	2.148226640116026459e-02
1.289289292842842940e+02	2.049665375378200913e-02	2.146856217222082447e-02
1.291291294834834957e+02	2.047478418400417582e-02	2.145489007404565579e-02
1.293293296826826975e+02	2.045297138858582012e-02	2.144124997891402526e-02
1.295295298818818992e+02	2.043121513321137159e-02	2.142764175981710234e-02
1.297297300810810725e+02	2.040951518489055386e-02	2.141406529045287305e-02
1.299299302802802742e+02	2.038787131194888524e-02	2.140052044522104679e-02
1.301301304794794760e+02	2.036628328401823840e-02	2.138700709921812979e-02
1.303303306786786777e+02	2.034475087202748320e-02	2.137352512823237696e-02
1.305305308778778794e+02	2.032327384819322333e-02	2.136007440873895907e-02
1.307307310770770812e+02	2.030185198601059532e-02	2.134665481789501176e-02
1.309309312762762829e+02	2.028048506024415082e-02	2.133326623353485468e-02
1.311311314754754846e+02	2.025917284691884993e-02	2.131990853416517936e-02
1.313313316746746864e+02	2.023791512331107184e-02	2.130658159896029955e-02
1.315315318738738881e+02	2.021671166793976432e-02	2.129328530775745007e-02
1.317317320730730899e+02	2.019556226055761738e-02	2.128001954105211008e-02
1.319319322722722632e+02	2.017446668214236891e-02	2.126678417999337822e-02
1.321321324714714649e+02	2.015342471488811363e-02	2.125357910637939995e-02
1.323323326706706666e+02	2.013243614219675792e-02	2.124040420265277049e-02
1.325325328698698684e+02	2.011150074866948495e-02	2.122725935189609045e-02
1.327327330690690701e+02	2.009061832009837248e-02	2.121414443782743478e-02
1.329329332682682718e+02	2.006978864345796906e-02	2.120105934479595694e-02
1.331331334674674736e+02	2.004901150689705411e-02	2.118800395777748619e-02
1.333333336666666753e+02	2.002828669973039794e-02	2.117497816237013525e-02
1.335335338658658770e+02	2.000761401243062940e-02	2.116198184479002944e-02
1.337337340650650788e+02	1.998699323662012431e-02	2.114901489186699762e-02
1.339339342642642805e+02	1.996642416506302573e-02	2.113607719104030822e-02
1.341341344634634538e+02	1.994590659165729543e-02	2.112316863035447120e-02
1.343343346626626555e+02	1.992544031142681749e-02	2.111028909845507825e-02
1.345345348618618573e+02	1.990502512051360584e-02	2.109743848458461857e-02
1.347347350610610590e+02	1.988466081617007095e-02	2.108461667857841268e-02
1.349349352602602607e+02	1.986434719675129329e-02	2.107182357086051158e-02
1.351351354594594625e+02	1.984408406170747388e-02	2.105905905243965481e-02
1.353353356586586642e+02	1.982387121157631882e-02	2.104632301490530488e-02
1.355355358578578659e+02	1.980370844797559038e-02	2.103361535042361924e-02
1.357357360570570677e+02	1.978359557359567894e-02	2.102093595173356103e-02
1.359359362562562694e+02	1.976353239219221652e-02	2.100828471214295085e-02
1.361361364554554712e+02	1.974351870857880137e-02	2.099566152552463302e-02
1.363363366546546445e+02	1.972355432861972943e-02	2.098306628631261064e-02
1.365365368538538462e+02	1.970363905922282999e-02	2.097049888949822222e-02
1.367367370530530479e+02	1.968377270833234979e-02	2.095795923062640162e-02
1.369369372522522497e+02	1.966395508492185459e-02	2.094544720579191027e-02
1.371371374514514514e+02	1.964418599898726941e-02	2.093296271163560748e-02
1.373373376506506531e+02	1.962446526153988763e-02	2.092050564534080059e-02
1.375375378498498549e+02	1.960479268459953267e-02	2.090807590462955348e-02
1.377377380490490566e+02	1.958516808118766078e-02	2.089567338775907834e-02
1.379379382482482583e+02	1.956559126532063722e-02	2.088329799351815869e-02
1.381381384474474601e+02	1.954606205200297778e-02	2.087094962122354458e-02
1.383383386466466618e+02	1.952658025722071172e-02	2.085862817071643116e-02
1.385385388458458635e+02	1.950714569793474823e-02	2.084633354235898225e-02
1.387387390450450368e+02	1.948775819207433993e-02	2.083406563703080541e-02
1.389389392442442386e+02	1.946841755853052566e-02	2.082182435612553104e-02
1.391391394434434403e+02	1.944912361714976057e-02	2.080960960154736722e-02
1.393393396426426420e+02	1.942987618872743863e-02	2.079742127570772051e-02
1.395395398418418438e+02	1.941067509500159910e-02	2.078525928152183747e-02
1.397397400410410455e+02	1.939152015864660170e-02	2.077312352240544627e-02
1.399399402402402472e+02	1.937241120326688507e-02	2.076101390227144683e-02
1.401401404394394490e+02	1.935334805339078770e-02	2.074893032552661484e-02
1.403403406386386507e+02	1.933433053446438621e-02	2.073687269706838907e-02
1.405405408378378525e+02	1.931535847284540641e-02	2.072484092228156147e-02
1.407407410370370542e+02	1.929643169579717613e-02	2.071283490703514432e-02
1.409409412362362275e+02	1.927755003148263688e-02	2.070085455767914015e-02
1.411411414354354292e+02	1.925871330895836953e-02	2.068889978104139840e-02
1.413413416346346310e+02	1.923992135816873436e-02	2.067697048442449295e-02
1.415415418338338327e+02	1.922117400993996611e-02	2.066506657560259960e-02
1.417417420330330344e+02	1.920247109597441465e-02	2.065318796281843255e-02
1.419419422322322362e+02	1.918381244884474757e-02	2.064133455478018436e-02
1.421421424314314379e+02	1.916519790198825679e-02	2.062950626065847975e-02
1.423423426306306396e+02	1.914662728970117564e-02	2.061770299008337110e-02
1.425425428298298414e+02	1.912810044713305832e-02	2.060592465314136507e-02
1.427427430290290431e+02	1.910961721028120799e-02	2.059417116037246323e-02
1.429429432282282448e+02	1.909117741598512913e-02	2.058244242276720606e-02
1.431431434274274181e+02	1.907278090192104578e-02	2.057073835176377943e-02
1.433433436266266199e+02	1.905442750659643025e-02	2.055905885924508639e-02
1.435435438258258216e+02	1.903611706934463590e-02	2.054740385753595078e-02
1.437437440250250233e+02	1.901784943031950212e-02	2.053577325940018558e-02
1.439439442242242251e+02	1.899962443049003566e-02	2.052416697803782775e-02
1.441441444234234268e+02	1.898144191163515446e-02	2.051258492708232448e-02
1.443443446226226285e+02	1.896330171633844180e-02	2.050102702059772991e-02
1.445445448218218303e+02	1.894520368798291096e-02	2.048949317307598508e-02
1.447447450210210320e+02	1.892714767074591894e-02	2.047798329943415277e-02
1.449449452202202338e+02	1.890913350959399011e-02	2.046649731501170438e-02
1.451451454194194355e+02	1.889116105027777159e-02	2.045503513556785544e-02
1.453453456186186088e+02	1.887323013932700258e-02	2.044359667727885937e-02
1.455455458178178105e+02	1.885534062404547670e-02	2.043218185673535345e-02
1.457457460170170123e+02	1.883749235250613968e-02	2.042079059093977050e-02
1.459459462162162140e+02	1.881968517354611764e-02	2.040942279730367445e-02
1.461461464154154157e+02	1.880191893676189455e-02	2.039807839364520675e-02
1.463463466146146175e+02	1.878419349250439602e-02	2.038675729818649474e-02
1.465465468138138192e+02	1.876650869187425005e-02	2.037545942955111891e-02
1.467467470130130209e+02	1.874886438671697145e-02	2.036418470676156292e-02
1.469469472122122227e+02	1.873126042961826762e-02	2.035293304923670860e-02
1.471471474114114244e+02	1.871369667389930283e-02	2.034170437678935184e-02
1.473473476106106261e+02	1.869617297361206298e-02	2.033049860962372196e-02
1.475475478098098279e+02	1.867868918353474475e-02	2.031931566833301839e-02
1.477477480090090012e+02	1.866124515916712384e-02	2.030815547389698897e-02
1.479479482082082029e+02	1.864384075672604127e-02	2.029701794767951178e-02
1.481481484074074046e+02	1.862647583314088265e-02	2.028590301142617694e-02
1.483483486066066064e+02	1.860915024604905058e-02	2.027481058726193774e-02
1.485485488058058081e+02	1.859186385379157924e-02	2.026374059768872374e-02
1.487487490050050098e+02	1.857461651540866926e-02	2.025269296558310922e-02
1.489489492042042116e+02	1.855740809063532656e-02	2.024166761419397484e-02
1.491491494034034133e+02	1.854023843989700826e-02	2.023066446714021777e-02
1.493493496026026151e+02	1.852310742430530663e-02	2.021968344840842369e-02
1.495495498018018168e+02	1.850601490565367824e-02	2.020872448235064636e-02
1.497497500010010185e+02	1.848896074641315571e-02	2.019778749368209697e-02
1.499499502002001918e+02	1.847194480972818437e-02	2.018687240747894449e-02
1.501501503993993936e+02	1.845496695941238607e-02	2.017597914917606400e-02
1.503503505985985953e+02	1.843802705994442362e-02	2.016510764456485097e-02
1.505505507977977970e+02	1.842112497646389638e-02	2.015425781979102160e-02
1.507507509969969988e+02	1.840426057476720126e-02	2.014342960135242708e-02
1.509509511961962005e+02	1.838743372130350814e-02	2.013262291609693028e-02
1.511511513953954022e+02	1.837064428317072493e-02	2.012183769122023388e-02
1.513513515945946040e+02	1.835389212811147294e-02	2.011107385426375016e-02
1.515515517937938057e+02	1.833717712450913528e-02	2.010033133311254355e-02
1.517517519929930074e+02	1.832049914138390856e-02	2.008961005599315883e-02
1.519519521921922092e+02	1.830385804838888589e-02	2.007890995147160532e-02
1.521521523913913825e+02	1.828725371580618847e-02	2.006823094845127872e-02
1.523523525905905842e+02	1.827068601454308328e-02	2.005757297617088986e-02
1.525525527897897859e+02	1.825415481612819094e-02	2.004693596420247317e-02
1.527527529889889877e+02	1.823765999270765895e-02	2.003631984244931552e-02
1.529529531881881894e+02	1.822120141704140078e-02	2.002572454114402364e-02
1.531531533873873911e+02	1.820477896249937666e-02	2.001514999084646682e-02
1.533533535865865929e+02	1.818839250305783958e-02	2.000459612244185822e-02
1.535535537857857946e+02	1.817204191329567162e-02	1.999406286713875658e-02
1.537537539849849964e+02	1.815572706839073402e-02	1.998355015646714750e-02
1.539539541841841981e+02	1.813944784411621741e-02	1.997305792227650756e-02
1.541541543833833998e+02	1.812320411683703003e-02	1.996258609673387877e-02
1.543543545825825731e+02	1.810699576350624854e-02	1.995213461232199503e-02
1.545545547817817749e+02	1.809082266166152364e-02	1.994170340183734277e-02
1.547547549809809766e+02	1.807468468942160025e-02	1.993129239838834985e-02
1.549549551801801783e+02	1.805858172548276824e-02	1.992090153539347042e-02
1.551551553793793801e+02	1.804251364911542421e-02	1.991053074657938085e-02
1.553553555785785818e+02	1.802648034016060205e-02	1.990017996597911662e-02
1.555555557777777835e+02	1.801048167902655206e-02	1.988984912793026125e-02
1.557557559769769853e+02	1.799451754668533743e-02	1.987953816707315607e-02
1.559559561761761870e+02	1.797858782466946886e-02	1.986924701834907186e-02
1.561561563753753887e+02	1.796269239506853577e-02	1.985897561699845673e-02
1.563563565745745905e+02	1.794683114052590331e-02	1.984872389855917366e-02
1.565565567737737922e+02	1.793100394423539218e-02	1.983849179886470679e-02
1.567567569729729655e+02	1.791521068993799648e-02	1.982827925404245448e-02
1.569569571721721672e+02	1.789945126191864674e-02	1.981808620051199454e-02
1.571571573713713690e+02	1.788372554500295905e-02	1.980791257498334609e-02
1.573573575705705707e+02	1.786803342455403620e-02	1.979775831445529724e-02
1.575575577697697724e+02	1.785237478646928971e-02	1.978762335621367732e-02
1.577577579689689742e+02	1.783674951717726179e-02	1.977750763782969504e-02
1.579579581681681759e+02	1.782115750363448894e-02	1.976741109715826963e-02
1.581581583673673777e+02	1.780559863332239687e-02	1.975733367233636906e-02
1.583583585665665794e+02	1.779007279424419177e-02	1.974727530178136889e-02
1.585585587657657811e+02	1.777457987492180036e-02	1.973723592418941131e-02
1.587587589649649829e+02	1.775911976439279588e-02	1.972721547853379873e-02
1.589589591641641562e+02	1.774369235220740401e-02	1.971721390406335275e-02
1.591591593633633579e+02	1.772829752842544973e-02	1.970723114030085987e-02
1.593593595625625596e+02	1.771293518361342911e-02	1.969726712704143387e-02
1.595595597617617614e+02	1.769760520884148397e-02	1.968732180435099621e-02
1.597597599609609631e+02	1.768230749568049792e-02	1.967739511256463847e-02
1.599599601601601648e+02	1.766704193619916471e-02	1.966748699228515820e-02
1.601601603593593666e+02	1.765180842296107736e-02	1.965759738438142140e-02
1.603603605585585683e+02	1.763660684902185194e-02	1.964772622998689836e-02
1.605605607577577700e+02	1.762143710792626189e-02	1.963787347049811630e-02
1.607607609569569718e+02	1.760629909370541035e-02	1.962803904757315712e-02
1.609609611561561735e+02	1.759119270087389220e-02	1.961822290313013084e-02
1.611611613553553468e+02	1.757611782442699069e-02	1.960842497934572534e-02
1.613613615545545485e+02	1.756107435983792278e-02	1.959864521865369372e-02
1.615615617537537503e+02	1.754606220305503228e-02	1.958888356374341444e-02
1.617617619529529520e+02	1.753108125049909760e-02	1.957913995755840297e-02
1.619619621521521537e+02	1.751613139906056660e-02	1.956941434329487889e-02
1.621621623513513555e+02	1.750121254609687121e-02	1.955970666440032951e-02
1.623623625505505572e+02	1.748632458942974560e-02	1.955001686457207011e-02
1.625625627497497590e+02	1.747146742734254077e-02	1.954034488775584569e-02
1.627627629489489607e+02	1.745664095857758780e-02	1.953069067814439119e-02
1.629629631481481624e+02	1.744184508233357842e-02	1.952105418017607147e-02
1.631631633473473642e+02	1.742707969826292475e-02	1.951143533853343798e-02
1.633633635465465375e+02	1.741234470646919538e-02	1.950183409814191041e-02
1.635635637457457392e+02	1.739764000750451678e-02	1.949225040416835766e-02
1.637637639449449409e+02	1.738296550236702667e-02	1.948268420201976908e-02
1.639639641441441427e+02	1.736832109249833445e-02	1.947313543734188052e-02
1.641641643433433444e+02	1.735370667978099884e-02	1.946360405601784901e-02
1.643643645425425461e+02	1.733912216653600916e-02	1.945409000416689974e-02
1.645645647417417479e+02	1.732456745552031843e-02	1.944459322814302837e-02
1.647647649409409496e+02	1.731004244992435590e-02	1.943511367453366195e-02
1.649649651401401513e+02	1.729554705336957404e-02	1.942565129015836820e-02
1.651651653393393531e+02	1.728108116990603044e-02	1.941620602206754406e-02
1.653653655385385548e+02	1.726664470400992787e-02	1.940677781754115289e-02
1.655655657377377565e+02	1.725223756058126556e-02	1.939736662408742679e-02
1.657657659369369298e+02	1.723785964494140011e-02	1.938797238944157952e-02
1.659659661361361316e+02	1.722351086283070015e-02	1.937859506156457481e-02
1.661661663353353333e+02	1.720919112040618718e-02	1.936923458864186348e-02
1.663663665345345350e+02	1.719490032423919360e-02	1.935989091908214832e-02
1.665665667337337368e+02	1.718063838131305560e-02	1.935056400151610734e-02
1.667667669329329385e+02	1.716640519902078166e-02	1.934125378479520721e-02
1.669669671321321403e+02	1.715220068516276272e-02	1.933196021799047856e-02
1.671671673313313420e+02	1.713802474794452746e-02	1.932268325039128432e-02
1.673673675305305437e+02	1.712387729597443856e-02	1.931342283150413314e-02
1.675675677297297455e+02	1.710975823826148268e-02	1.930417891105147554e-02
1.677677679289289472e+02	1.709566748421302573e-02	1.929495143897051387e-02
1.679679681281281205e+02	1.708160494363258550e-02	1.928574036541203657e-02
1.681681683273273222e+02	1.706757052671765626e-02	1.927654564073924548e-02
1.683683685265265240e+02	1.705356414405749532e-02	1.926736721552655893e-02
1.685685687257257257e+02	1.703958570663099623e-02	1.925820504055851881e-02
1.687687689249249274e+02	1.702563512580447871e-02	1.924905906682856938e-02
1.689689691241241292e+02	1.701171231332958278e-02	1.923992924553797473e-02
1.691691693233233309e+02	1.699781718134112801e-02	1.923081552809466008e-02
1.693693695225225326e+02	1.698394964235501112e-02	1.922171786611208757e-02
1.695695697217217344e+02	1.697010960926609996e-02	1.921263621140814268e-02
1.697697699209209361e+02	1.695629699534613108e-02	1.920357051600402043e-02
1.699699701201201378e+02	1.694251171424168007e-02	1.919452073212313259e-02
1.701701703193193111e+02	1.692875367997206601e-02	1.918548681218999047e-02
1.703703705185185129e+02	1.691502280692732882e-02	1.917646870882914328e-02
1.705705707177177146e+02	1.690131900986618918e-02	1.916746637486406793e-02
1.707707709169169163e+02	1.688764220391403628e-02	1.915847976331612121e-02
1.709709711161161181e+02	1.687399230456092941e-02	1.914950882740346083e-02
1.711711713153153198e+02	1.686036922765959262e-02	1.914055352053997683e-02
1.713713715145145216e+02	1.684677288942345794e-02	1.913161379633425765e-02
1.715715717137137233e+02	1.683320320642469128e-02	1.912268960858852854e-02
1.717717719129129250e+02	1.681966009559223915e-02	1.911378091129761064e-02
1.719719721121121268e+02	1.680614347420989613e-02	1.910488765864791147e-02
1.721721723113113285e+02	1.679265325991437935e-02	1.909600980501637360e-02
1.723723725105105018e+02	1.677918937069341337e-02	1.908714730496945469e-02
1.725725727097097035e+02	1.676575172488382892e-02	1.907830011326214215e-02
1.727727729089089053e+02	1.675234024116968937e-02	1.906946818483692269e-02
1.729729731081081070e+02	1.673895483858038949e-02	1.906065147482278663e-02
1.731731733073073087e+02	1.672559543648882013e-02	1.905184993853424602e-02
1.733733735065065105e+02	1.671226195460950512e-02	1.904306353147033198e-02
1.735735737057057122e+02	1.669895431299675548e-02	1.903429220931363713e-02
1.737737739049049139e+02	1.668567243204286191e-02	1.902553592792932333e-02
1.739739741041041157e+02	1.667241623247625593e-02	1.901679464336414674e-02
1.741741743033033174e+02	1.665918563535973354e-02	1.900806831184553153e-02
1.743743745025025191e+02	1.664598056208864418e-02	1.899935688978058451e-02
1.745745747017017209e+02	1.663280093438912130e-02	1.899066033375514453e-02
1.747747749009008942e+02	1.661964667431630599e-02	1.898197860053287694e-02
1.749749751001000959e+02	1.660651770425260187e-02	1.897331164705427786e-02
1.751751752992992976e+02	1.659341394690592997e-02	1.896465943043581029e-02
1.753753754984984994e+02	1.658033532530797660e-02	1.895602190796892225e-02
1.755755756976977011e+02	1.656728176281248646e-02	1.894739903711916210e-02
1.757757758968969029e+02	1.655425318309354868e-02	1.893879077552525908e-02
1.759759760960961046e+02	1.654124951014391068e-02	1.893019708099820050e-02
1.761761762952953063e+02	1.652827066827325386e-02	1.892161791152036088e-02
1.763763764944945081e+02	1.651531658210653869e-02	1.891305322524457558e-02
1.765765766936937098e+02	1.650238717658234974e-02	1.890450298049327349e-02
1.767767768928929115e+02	1.648948237695119917e-02	1.889596713575758535e-02
1.769769770920920848e+02	1.647660210877392034e-02	1.888744564969645559e-02
1.771771772912912866e+02	1.646374629792000596e-02	1.887893848113578882e-02
1.773773774904904883e+02	1.645091487056599133e-02	1.887044558906756861e-02
1.775775776896896900e+02	1.643810775319384798e-02	1.886196693264900054e-02
1.777777778888888918e+02	1.642532487258935650e-02	1.885350247120165870e-02
1.779779780880880935e+02	1.641256615584053488e-02	1.884505216421062876e-02
1.781781782872872952e+02	1.639983153033604604e-02	1.883661597132366486e-02
1.783783784864864970e+02	1.638712092376361576e-02	1.882819385235035350e-02
1.785785786856856987e+02	1.637443426410846795e-02	1.881978576726127395e-02
1.787787788848849004e+02	1.636177147965178769e-02	1.881139167618716204e-02
1.789789790840841022e+02	1.634913249896917040e-02	1.880301153941812270e-02
1.791791792832832755e+02	1.633651725092907098e-02	1.879464531740273822e-02
1.793793794824824772e+02	1.632392566469128767e-02	1.878629297074733973e-02
1.795795796816816789e+02	1.631135766970545631e-02	1.877795446021513284e-02
1.797797798808808807e+02	1.629881319570953072e-02	1.876962974672542750e-02
1.799799800800800824e+02	1.628629217272830124e-02	1.876131879135282607e-02
1.801801802792792842e+02	1.627379453107187859e-02	1.875302155532643927e-02
1.803803804784784859e+02	1.626132020133426448e-02	1.874473800002908128e-02
1.805805806776776876e+02	1.624886911439182846e-02	1.873646808699649946e-02
1.807807808768768894e+02	1.623644120140188898e-02	1.872821177791660768e-02
1.809809810760760911e+02	1.622403639380124232e-02	1.871996903462866749e-02
1.811811812752752928e+02	1.621165462330473317e-02	1.871173981912257339e-02
1.813813814744744661e+02	1.619929582190381481e-02	1.870352409353804105e-02
1.815815816736736679e+02	1.618695992186512667e-02	1.869532182016389252e-02
1.817817818728728696e+02	1.617464685572908914e-02	1.868713296143725486e-02
1.819819820720720713e+02	1.616235655630848117e-02	1.867895747994283845e-02
1.821821822712712731e+02	1.615008895668706632e-02	1.867079533841219802e-02
1.823823824704704748e+02	1.613784399021818416e-02	1.866264649972295894e-02
1.825825826696696765e+02	1.612562159052337296e-02	1.865451092689811644e-02
1.827827828688688783e+02	1.611342169149101652e-02	1.864638858310527225e-02
1.829829830680680800e+02	1.610124422727496687e-02	1.863827943165593387e-02
1.831831832672672817e+02	1.608908913229319115e-02	1.863018343600476509e-02
1.833833834664664835e+02	1.607695634122642894e-02	1.862210055974889908e-02
1.835835836656656852e+02	1.606484578901685653e-02	1.861403076662719244e-02
1.837837838648648585e+02	1.605275741086675464e-02	1.860597402051954175e-02
1.839839840640640602e+02	1.604069114223718659e-02	1.859793028544614452e-02
1.841841842632632620e+02	1.602864691884670068e-02	1.858989952556683659e-02
1.843843844624624637e+02	1.601662467666999101e-02	1.858188170518037391e-02
1.845845846616616655e+02	1.600462435193664504e-02	1.857387678872373868e-02
1.847847848608608672e+02	1.599264588112981819e-02	1.856588474077145931e-02
1.849849850600600689e+02	1.598068920098497450e-02	1.855790552603491309e-02
1.851851852592592707e+02	1.596875424848861330e-02	1.854993910936167043e-02
1.853853854584584724e+02	1.595684096087698206e-02	1.854198545573479059e-02
1.855855856576576741e+02	1.594494927563485168e-02	1.853404453027216944e-02
1.857857858568568759e+02	1.593307913049423971e-02	1.852611629822584899e-02
1.859859860560560492e+02	1.592123046343318221e-02	1.851820072498139638e-02
1.861861862552552509e+02	1.590940321267449511e-02	1.851029777605719268e-02
1.863863864544544526e+02	1.589759731668454606e-02	1.850240741710380832e-02
1.865865866536536544e+02	1.588581271417204704e-02	1.849452961390334743e-02
1.867867868528528561e+02	1.587404934408681578e-02	1.848666433236879555e-02
1.869869870520520578e+02	1.586230714561860308e-02	1.847881153854337433e-02
1.871871872512512596e+02	1.585058605819587157e-02	1.847097119859989270e-02
1.873873874504504613e+02	1.583888602148461264e-02	1.846314327884013978e-02
1.875875876496496630e+02	1.582720697538715984e-02	1.845532774569422219e-02
1.877877878488488648e+02	1.581554886004103710e-02	1.844752456571994992e-02
1.879879880480480665e+02	1.580391161581774090e-02	1.843973370560220842e-02
1.881881882472472398e+02	1.579229518332164045e-02	1.843195513215233755e-02
1.883883884464464415e+02	1.578069950338875996e-02	1.842418881230750358e-02
1.885885886456456433e+02	1.576912451708567531e-02	1.841643471313009900e-02
1.887887888448448450e+02	1.575757016570836569e-02	1.840869280180714579e-02
1.889889890440440468e+02	1.574603639078106174e-02	1.840096304564965354e-02
1.891891892432432485e+02	1.573452313405513184e-02	1.839324541209202968e-02
1.893893894424424502e+02	1.572303033750795803e-02	1.838553986869150697e-02
1.895895896416416520e+02	1.571155794334183273e-02	1.837784638312749824e-02
1.897897898408408537e+02	1.570010589398282419e-02	1.837016492320105165e-02
1.899899900400400554e+02	1.568867413207971490e-02	1.836249545683423315e-02
1.901901902392392572e+02	1.567726260050287049e-02	1.835483795206955052e-02
1.903903904384384305e+02	1.566587124234317466e-02	1.834719237706937053e-02
1.905905906376376322e+02	1.565450000091093974e-02	1.833955870011534303e-02
1.907907908368368339e+02	1.564314881973483465e-02	1.833193688960781109e-02
1.909909910360360357e+02	1.563181764256081629e-02	1.832432691406526981e-02
1.911911912352352374e+02	1.562050641335107140e-02	1.831672874212376609e-02
1.913913914344344391e+02	1.560921507628294791e-02	1.830914234253635739e-02
1.915915916336336409e+02	1.559794357574792283e-02	1.830156768417253235e-02
1.917917918328328426e+02	1.558669185635054751e-02	1.829400473601765567e-02
1.919919920320320443e+02	1.557545986290741549e-02	1.828645346717243381e-02
1.921921922312312461e+02	1.556424754044613210e-02	1.827891384685233211e-02
1.923923924304304478e+02	1.555305483420427876e-02	1.827138584438704402e-02
1.925925926296296495e+02	1.554188168962841211e-02	1.826386942921994980e-02
1.927927928288288228e+02	1.553072805237305093e-02	1.825636457090755796e-02
1.929929930280280246e+02	1.551959386829963178e-02	1.824887123911898140e-02
1.931931932272272263e+02	1.550847908347556883e-02	1.824138940363539615e-02
1.933933934264264281e+02	1.549738364417321303e-02	1.823391903434950015e-02
1.935935936256256298e+02	1.548630749686887367e-02	1.822646010126498933e-02
1.937937938248248315e+02	1.547525058824184702e-02	1.821901257449605807e-02
1.939939940240240333e+02	1.546421286517342397e-02	1.821157642426682322e-02
1.941941942232232350e+02	1.545319427474592215e-02	1.820415162091083491e-02
1.943943944224224367e+02	1.544219476424173350e-02	1.819673813487055966e-02
1.945945946216216385e+02	1.543121428114233896e-02	1.818933593669687029e-02
1.947947948208208402e+02	1.542025277312737003e-02	1.818194499704850475e-02
1.949949950200200135e+02	1.540931018807366153e-02	1.817456528669159771e-02
1.951951952192192152e+02	1.539838647405428890e-02	1.816719677649914280e-02
1.953953954184184170e+02	1.538748157933765917e-02	1.815983943745050344e-02
1.955955956176176187e+02	1.537659545238654300e-02	1.815249324063091321e-02
1.957957958168168204e+02	1.536572804185717782e-02	1.814515815723097975e-02
1.959959960160160222e+02	1.535487929659832239e-02	1.813783415854618511e-02
1.961961962152152239e+02	1.534404916565036692e-02	1.813052121597640010e-02
1.963963964144144256e+02	1.533323759824438241e-02	1.812321930102538114e-02
1.965965966136136274e+02	1.532244454380125333e-02	1.811592838530031238e-02
1.967967968128128291e+02	1.531166995193075815e-02	1.810864844051129560e-02
1.969969970120120308e+02	1.530091377243066389e-02	1.810137943847088884e-02
1.971971972112112041e+02	1.529017595528585870e-02	1.809412135109361372e-02
1.973973974104104059e+02	1.527945645066743942e-02	1.808687415039548357e-02
1.975975976096096076e+02	1.526875520893185637e-02	1.807963780849355245e-02
1.977977978088088094e+02	1.525807218062002688e-02	1.807241229760542245e-02
1.979979980080080111e+02	1.524740731645645928e-02	1.806519759004877185e-02
1.981981982072072128e+02	1.523676056734839072e-02	1.805799365824091451e-02
1.983983984064064146e+02	1.522613188438493199e-02	1.805080047469832458e-02
1.985985986056056163e+02	1.521552121883620878e-02	1.804361801203617499e-02
1.987987988048048180e+02	1.520492852215250823e-02	1.803644624296789345e-02
1.989989990040040198e+02	1.519435374596342717e-02	1.802928514030469401e-02
1.991991992032032215e+02	1.518379684207704985e-02	1.802213467695514340e-02
1.993993994024023948e+02	1.517325776247909278e-02	1.801499482592469267e-02
1.995995996016015965e+02	1.516273645933208930e-02	1.800786556031524002e-02
1.997997998008007983e+02	1.515223288497453621e-02	1.800074685332469365e-02
2.000000000000000000e+02	1.514174699192010615e-02	1.799363867824652768e-02
