9.999999999999999547e-07	0.000000000000000000e+00	0.000000000000000000e+00
2.002011991991992090e-01	9.999999999896883596e-01	-1.562193182818099713e+00
4.004013983983983893e-01	9.999999999950640595e-01	-2.279010812326164037e-01
6.006015975975976806e-01	9.999999999968388620e-01	2.125554776647101130e-01
8.008017967967968609e-01	9.999999999977177145e-01	4.307062707275934321e-01
1.001001995995995930e+00	9.999999999982402965e-01	5.603691441698509523e-01
1.201202195195195221e+00	9.999999999985851318e-01	6.459999837535936873e-01
1.401402394394394291e+00	9.999999999988290478e-01	7.065891280206109126e-01
1.601602593593593582e+00	9.999999999990103472e-01	7.516012230286911455e-01
1.801802792792792873e+00	9.999999999991500133e-01	7.862776464111081998e-01
2.002002991991992165e+00	9.999999999992607025e-01	8.137532519035951539e-01
2.202203191191191234e+00	9.999999999993500754e-01	8.360166391950812903e-01
2.402403390390390747e+00	9.999999999994243494e-01	8.543893570068954446e-01
2.602603589589589816e+00	9.999999999994860778e-01	8.697834382833259381e-01
2.802803788788788886e+00	9.999999999995385913e-01	8.828482810010720438e-01
3.003003987987988399e+00	9.999999999995836664e-01	8.940586083034006704e-01
3.203204187187187468e+00	9.999999999996225242e-01	9.037693388458296617e-01
3.403404386386386538e+00	9.999999999996567190e-01	9.122510236265646277e-01
3.603604585585586051e+00	9.999999999996864730e-01	9.197134256813532804e-01
3.803804784784785120e+00	9.999999999997130073e-01	9.263216229542492464e-01
4.004004983983984189e+00	9.999999999997366551e-01	9.322072589382059959e-01
4.204205183183183259e+00	9.999999999997578604e-01	9.374765636179480666e-01
4.404405382382382328e+00	9.999999999997767341e-01	9.422161758299480994e-01
4.604605581581582285e+00	9.999999999997939426e-01	9.464974385914231014e-01
4.804805780780781355e+00	9.999999999998095968e-01	9.503796144916267785e-01
5.005005979979980424e+00	9.999999999998235856e-01	9.539123247563583430e-01
5.205206179179179493e+00	9.999999999998365752e-01	9.571374218928577760e-01
5.405406378378378562e+00	9.999999999998483435e-01	9.600904434273647148e-01
5.605606577577577632e+00	9.999999999998590017e-01	9.628017519584992634e-01
5.805806776776777589e+00	9.999999999998692157e-01	9.652974376193524941e-01
6.006006975975976658e+00	9.999999999998783196e-01	9.676000386741623327e-01
6.206207175175175728e+00	9.999999999998866462e-01	9.697291215385839269e-01
6.406407374374374797e+00	9.999999999998945288e-01	9.717017511483807546e-01
6.606607573573573866e+00	9.999999999999017453e-01	9.735328750726943703e-01
6.806807772772772935e+00	9.999999999999086286e-01	9.752356392388313866e-01
7.007007971971972005e+00	9.999999999999149569e-01	9.768216490329618695e-01
7.207208171171171962e+00	9.999999999999207301e-01	9.783011864678486935e-01
7.407408370370371031e+00	9.999999999999262812e-01	9.796833917857767915e-01
7.607608569569570101e+00	9.999999999999312772e-01	9.809764160941599753e-01
7.807808768768769170e+00	9.999999999999361622e-01	9.821875502708626859e-01
8.008008967967967351e+00	9.999999999999406031e-01	9.833233343231747581e-01
8.208209167167167308e+00	9.999999999999448219e-01	9.843896505634182059e-01
8.408409366366365489e+00	9.999999999999487077e-01	9.853918033199052795e-01
8.608609565565565447e+00	9.999999999999523714e-01	9.863345873931388397e-01
8.808809764764763628e+00	9.999999999999558131e-01	9.872223470628928021e-01
9.009009963963963585e+00	9.999999999999591438e-01	9.880590271287834625e-01
9.209210163163163543e+00	9.999999999999621414e-01	9.888482172074259946e-01
9.409410362362361724e+00	9.999999999999652500e-01	9.895931902997032736e-01
9.609610561561561681e+00	9.999999999999680256e-01	9.902969364715964451e-01
9.809810760760759862e+00	9.999999999999706901e-01	9.909621923533590282e-01
1.001001095995995982e+01	9.999999999999730216e-01	9.915914670482395277e-01
1.021021115915915800e+01	9.999999999999752420e-01	9.921870649485404758e-01
1.041041135835835796e+01	9.999999999999774625e-01	9.927511058796387733e-01
1.061061155755755792e+01	9.999999999999795719e-01	9.932855429286149285e-01
1.081081175675675610e+01	9.999999999999815703e-01	9.937921782608840626e-01
1.101101195595595605e+01	9.999999999999833467e-01	9.942726771837361310e-01
1.121121215515515424e+01	9.999999999999851230e-01	9.947285806784007534e-01
1.141141235435435419e+01	9.999999999999868994e-01	9.951613165908863579e-01
1.161161255355355415e+01	9.999999999999885647e-01	9.955722096453768488e-01
1.181181275275275233e+01	9.999999999999898970e-01	9.959624904215652608e-01
1.201201295195195229e+01	9.999999999999914513e-01	9.963333034182830783e-01
1.221221315115115047e+01	9.999999999999926725e-01	9.966857143095944060e-01
1.241241335035035043e+01	9.999999999999940048e-01	9.970207164856923487e-01
1.261261354954954861e+01	9.999999999999952260e-01	9.973392369590994289e-01
1.281281374874874857e+01	9.999999999999962252e-01	9.976421417065161057e-01
1.301301394794794852e+01	9.999999999999974465e-01	9.979302405079163441e-01
1.321321414714714670e+01	9.999999999999983347e-01	9.982042913369455484e-01
1.341341434634634666e+01	9.999999999999994449e-01	9.984650043501599459e-01
1.361361454554554484e+01	1.000000000000000444e+00	9.987130455169928034e-01
1.381381474474474480e+01	1.000000000000001332e+00	9.989490399274248977e-01
1.401401494394394298e+01	1.000000000000002220e+00	9.991735748100659675e-01
1.421421514314314294e+01	1.000000000000002887e+00	9.993872022896287399e-01
1.441441534234234290e+01	1.000000000000003553e+00	9.995904419095182902e-01
1.461461554154154108e+01	1.000000000000004441e+00	9.997837829424127687e-01
1.481481574074074103e+01	1.000000000000005107e+00	9.999676865092052003e-01
1.501501593993993922e+01	1.000000000000005551e+00	1.000142587524482707e+00
1.521521613913913917e+01	1.000000000000006217e+00	1.000308896484778165e+00
1.541541633833833913e+01	1.000000000000006883e+00	1.000467001114126342e+00
1.561561653753753731e+01	1.000000000000007327e+00	1.000617267879948313e+00
1.581581673673673727e+01	1.000000000000007772e+00	1.000760043390945153e+00
1.601601693593593723e+01	1.000000000000008216e+00	1.000895655687511709e+00
1.621621713513513541e+01	1.000000000000008438e+00	1.001024415434115022e+00
1.641641733433433714e+01	1.000000000000009104e+00	1.001146617022162566e+00
1.661661753353353532e+01	1.000000000000009548e+00	1.001262539591043499e+00
1.681681773273273350e+01	1.000000000000009992e+00	1.001372447974285596e+00
1.701701793193193524e+01	1.000000000000010436e+00	1.001476593577115048e+00
1.721721813113113342e+01	1.000000000000010436e+00	1.001575215191103485e+00
1.741741833033033160e+01	1.000000000000011102e+00	1.001668539751064513e+00
1.761761852952952978e+01	1.000000000000011102e+00	1.001756783038882492e+00
1.781781872872873151e+01	1.000000000000011546e+00	1.001840150338528357e+00
1.801801892792792970e+01	1.000000000000011546e+00	1.001918837046138488e+00
1.821821912712712788e+01	1.000000000000011990e+00	1.001993029238678279e+00
1.841841932632632961e+01	1.000000000000012212e+00	1.002062904204411797e+00
1.861861952552552779e+01	1.000000000000012434e+00	1.002128630938109888e+00
1.881881972472472597e+01	1.000000000000012657e+00	1.002190370603676328e+00
1.901901992392392415e+01	1.000000000000012657e+00	1.002248276966647644e+00
1.921922012312312589e+01	1.000000000000013101e+00	1.002302496798807452e+00
1.941942032232232407e+01	1.000000000000013101e+00	1.002353170256975012e+00
1.961962052152152225e+01	1.000000000000013323e+00	1.002400431237852496e+00
1.981982072072072398e+01	1.000000000000013323e+00	1.002444407710657126e+00
2.002002091991992216e+01	1.000000000000013545e+00	1.002485222029140477e+00
2.022022111911912035e+01	1.000000000000013545e+00	1.002522991224442439e+00
2.042042131831831853e+01	1.000000000000013767e+00	1.002557827280135205e+00
2.062062151751752026e+01	1.000000000000013767e+00	1.002589837390693850e+00
2.082082171671671844e+01	1.000000000000013767e+00	1.002619124204533918e+00
2.102102191591591662e+01	1.000000000000013767e+00	1.002645786052671628e+00
2.122122211511511836e+01	1.000000000000013989e+00	1.002669917163979463e+00
2.142142231431431654e+01	1.000000000000013989e+00	1.002691607867932877e+00
2.162162251351351472e+01	1.000000000000013989e+00	1.002710944785685676e+00
2.182182271271271645e+01	1.000000000000013989e+00	1.002728011010233233e+00
2.202202291191191463e+01	1.000000000000013767e+00	1.002742886276384748e+00
2.222222311111111281e+01	1.000000000000013989e+00	1.002755647121197358e+00
2.242242331031031100e+01	1.000000000000013989e+00	1.002766367035489159e+00
2.262262350950951273e+01	1.000000000000013989e+00	1.002775116606991590e+00
2.282282370870871091e+01	1.000000000000013989e+00	1.002781963655677622e+00
2.302302390790790909e+01	1.000000000000013989e+00	1.002786973361743827e+00
2.322322410710711083e+01	1.000000000000013989e+00	1.002790208386712845e+00
2.342342430630630901e+01	1.000000000000013767e+00	1.002791728988070119e+00
2.362362450550550719e+01	1.000000000000013767e+00	1.002791593127834613e+00
2.382382470470470537e+01	1.000000000000013767e+00	1.002789856575428962e+00
2.402402490390390710e+01	1.000000000000013767e+00	1.002786573005189696e+00
2.422422510310310528e+01	1.000000000000013545e+00	1.002781794088838829e+00
2.442442530230230346e+01	1.000000000000013545e+00	1.002775569583213011e+00
2.462462550150150520e+01	1.000000000000013323e+00	1.002767947413527372e+00
2.482482570070070338e+01	1.000000000000013323e+00	1.002758973752436500e+00
2.502502589989990156e+01	1.000000000000013323e+00	1.002748693095129928e+00
2.522522609909909974e+01	1.000000000000013323e+00	1.002737148330696382e+00
2.542542629829830148e+01	1.000000000000013101e+00	1.002724380809959737e+00
2.562562649749749966e+01	1.000000000000012879e+00	1.002710430409995856e+00
2.582582669669669784e+01	1.000000000000012879e+00	1.002695335595504833e+00
2.602602689589589957e+01	1.000000000000012657e+00	1.002679133477224260e+00
2.622622709509509775e+01	1.000000000000012657e+00	1.002661859867537864e+00
2.642642729429429593e+01	1.000000000000012434e+00	1.002643549333438466e+00
2.662662749349349411e+01	1.000000000000012434e+00	1.002624235246987627e+00
2.682682769269269585e+01	1.000000000000012212e+00	1.002603949833404728e+00
2.702702789189189403e+01	1.000000000000011990e+00	1.002582724216916077e+00
2.722722809109109221e+01	1.000000000000011990e+00	1.002560588464480595e+00
2.742742829029029394e+01	1.000000000000011990e+00	1.002537571627506452e+00
2.762762848948949213e+01	1.000000000000011768e+00	1.002513701781660549e+00
2.782782868868869031e+01	1.000000000000011546e+00	1.002489006064873900e+00
2.802802888788788849e+01	1.000000000000011546e+00	1.002463510713635486e+00
2.822822908708709022e+01	1.000000000000011102e+00	1.002437241097658527e+00
2.842842928628628840e+01	1.000000000000011102e+00	1.002410221753009756e+00
2.862862948548548658e+01	1.000000000000010880e+00	1.002382476413771428e+00
2.882882968468468832e+01	1.000000000000010880e+00	1.002354028042316880e+00
2.902902988388388650e+01	1.000000000000010880e+00	1.002324898858263147e+00
2.922923008308308468e+01	1.000000000000010436e+00	1.002295110366171693e+00
2.942943028228228286e+01	1.000000000000010436e+00	1.002264683382056099e+00
2.962963048148148459e+01	1.000000000000010214e+00	1.002233638058752652e+00
2.982983068068068278e+01	1.000000000000009992e+00	1.002201993910218025e+00
3.003003087987988096e+01	1.000000000000009770e+00	1.002169769834794666e+00
3.023023107907908269e+01	1.000000000000009548e+00	1.002136984137502962e+00
3.043043127827828087e+01	1.000000000000009548e+00	1.002103654551400824e+00
3.063063147747747905e+01	1.000000000000009326e+00	1.002069798258059308e+00
3.083083167667668079e+01	1.000000000000009104e+00	1.002035431907191132e+00
3.103103187587587897e+01	1.000000000000008882e+00	1.002000571635477399e+00
3.123123207507507715e+01	1.000000000000008660e+00	1.001965233084624929e+00
3.143143227427427533e+01	1.000000000000008660e+00	1.001929431418694616e+00
3.163163247347347706e+01	1.000000000000008438e+00	1.001893181340729022e+00
3.183183267267267524e+01	1.000000000000008216e+00	1.001856497108716271e+00
3.203203287187186987e+01	1.000000000000007994e+00	1.001819392550917565e+00
3.223223307107107161e+01	1.000000000000007994e+00	1.001781881080588965e+00
3.243243327027026623e+01	1.000000000000007550e+00	1.001743975710122969e+00
3.263263346946946797e+01	1.000000000000007327e+00	1.001705689064635862e+00
3.283283366866866970e+01	1.000000000000007105e+00	1.001667033395028383e+00
3.303303386786786433e+01	1.000000000000007105e+00	1.001628020590538792e+00
3.323323406706706606e+01	1.000000000000006883e+00	1.001588662190814549e+00
3.343343426626626780e+01	1.000000000000006661e+00	1.001548969397520805e+00
3.363363446546546243e+01	1.000000000000006439e+00	1.001508953085507470e+00
3.383383466466466416e+01	1.000000000000006217e+00	1.001468623813552616e+00
3.403403486386386589e+01	1.000000000000005995e+00	1.001427991834702658e+00
3.423423506306306052e+01	1.000000000000005773e+00	1.001387067106224160e+00
3.443443526226226226e+01	1.000000000000005551e+00	1.001345859299185070e+00
3.463463546146146399e+01	1.000000000000005551e+00	1.001304377807680668e+00
3.483483566066065862e+01	1.000000000000005329e+00	1.001262631757720234e+00
3.503503585985986035e+01	1.000000000000004885e+00	1.001220630015785540e+00
3.523523605905905498e+01	1.000000000000004885e+00	1.001178381197080025e+00
3.543543625825825671e+01	1.000000000000004663e+00	1.001135893673475108e+00
3.563563645745745845e+01	1.000000000000004441e+00	1.001093175581173611e+00
3.583583665665665308e+01	1.000000000000004219e+00	1.001050234828092078e+00
3.603603685585585481e+01	1.000000000000003997e+00	1.001007079100985520e+00
3.623623705505505654e+01	1.000000000000003775e+00	1.000963715872313475e+00
3.643643725425425117e+01	1.000000000000003553e+00	1.000920152406865826e+00
3.663663745345345291e+01	1.000000000000003331e+00	1.000876395768153460e+00
3.683683765265265464e+01	1.000000000000003109e+00	1.000832452824576224e+00
3.703703785185184927e+01	1.000000000000002887e+00	1.000788330255375724e+00
3.723723805105105100e+01	1.000000000000002665e+00	1.000744034556379169e+00
3.743743825025025274e+01	1.000000000000002442e+00	1.000699572045547825e+00
3.763763844944944736e+01	1.000000000000002220e+00	1.000654948868332283e+00
3.783783864864864910e+01	1.000000000000001998e+00	1.000610171002845883e+00
3.803803884784784373e+01	1.000000000000001776e+00	1.000565244264860487e+00
3.823823904704704546e+01	1.000000000000001776e+00	1.000520174312634403e+00
3.843843924624624719e+01	1.000000000000001554e+00	1.000474966651576203e+00
3.863863944544544182e+01	1.000000000000001110e+00	1.000429626638752012e+00
3.883883964464464356e+01	1.000000000000000888e+00	1.000384159487242242e+00
3.903903984384384529e+01	1.000000000000000666e+00	1.000338570270353555e+00
3.923924004304303992e+01	1.000000000000000444e+00	1.000292863925690723e+00
3.943944024224224165e+01	1.000000000000000444e+00	1.000247045259093692e+00
3.963964044144144339e+01	1.000000000000000000e+00	1.000201118948447432e+00
3.983984064064063801e+01	9.999999999999997780e-01	1.000155089547364096e+00
4.004004083983983975e+01	9.999999999999996669e-01	1.000108961488747950e+00
4.024024103903904148e+01	9.999999999999994449e-01	1.000062739088242614e+00
4.044044123823823611e+01	9.999999999999991118e-01	1.000016426547569726e+00
4.064064143743743784e+01	9.999999999999990008e-01	9.999700279577564688e-01
4.084084163663663247e+01	9.999999999999987788e-01	9.999235473022650700e-01
4.104104183583583421e+01	9.999999999999986677e-01	9.998769884600158253e-01
4.124124203503503594e+01	9.999999999999984457e-01	9.998303552083214196e-01
4.144144223423423057e+01	9.999999999999981126e-01	9.997836512257223252e-01
4.164164243343343230e+01	9.999999999999977796e-01	9.997368800947380452e-01
4.184184263263263404e+01	9.999999999999976685e-01	9.996900453045280965e-01
4.204204283183182866e+01	9.999999999999974465e-01	9.996431502534725011e-01
4.224224303103103040e+01	9.999999999999971134e-01	9.995961982516710087e-01
4.244244323023023213e+01	9.999999999999970024e-01	9.995491925233653818e-01
4.264264342942942676e+01	9.999999999999967804e-01	9.995021362092874062e-01
4.284284362862862849e+01	9.999999999999965583e-01	9.994550323689335158e-01
4.304304382782783023e+01	9.999999999999962252e-01	9.994078839827710281e-01
4.324324402702702486e+01	9.999999999999960032e-01	9.993606939543776546e-01
4.344344422622622659e+01	9.999999999999958922e-01	9.993134651125129553e-01
4.364364442542542832e+01	9.999999999999955591e-01	9.992662002131332821e-01
4.384384462462462295e+01	9.999999999999954481e-01	9.992189019413383333e-01
4.404404482382382469e+01	9.999999999999951150e-01	9.991715729132673030e-01
4.424424502302301931e+01	9.999999999999950040e-01	9.991242156779308603e-01
4.444444522222222105e+01	9.999999999999946709e-01	9.990768327189956111e-01
4.464464542142142278e+01	9.999999999999945599e-01	9.990294264565093840e-01
4.484484562062061741e+01	9.999999999999943379e-01	9.989819992485814426e-01
4.504504581981981914e+01	9.999999999999940048e-01	9.989345533930077403e-01
4.524524601901902088e+01	9.999999999999938938e-01	9.988870911288532106e-01
4.544544621821821551e+01	9.999999999999935607e-01	9.988396146379846519e-01
4.564564641741741724e+01	9.999999999999934497e-01	9.987921260465614237e-01
4.584584661661661897e+01	9.999999999999932276e-01	9.987446274264805135e-01
4.604604681581581360e+01	9.999999999999928946e-01	9.986971207967821895e-01
4.624624701501501534e+01	9.999999999999927836e-01	9.986496081250130219e-01
4.644644721421421707e+01	9.999999999999924505e-01	9.986020913285531542e-01
4.664664741341341170e+01	9.999999999999922284e-01	9.985545722759010534e-01
4.684684761261261343e+01	9.999999999999921174e-01	9.985070527879259528e-01
4.704704781181180806e+01	9.999999999999918954e-01	9.984595346390821025e-01
4.724724801101100979e+01	9.999999999999916733e-01	9.984120195585899360e-01
4.744744821021021153e+01	9.999999999999914513e-01	9.983645092315841518e-01
4.764764840940940616e+01	9.999999999999912292e-01	9.983170053002277111e-01
4.784784860860860789e+01	9.999999999999908962e-01	9.982695093647978579e-01
4.804804880780780962e+01	9.999999999999907851e-01	9.982220229847390547e-01
4.824824900700700425e+01	9.999999999999905631e-01	9.981745476796873850e-01
4.844844920620620599e+01	9.999999999999901190e-01	9.981270849304683113e-01
4.864864940540540772e+01	9.999999999999901190e-01	9.980796361800644556e-01
4.884884960460460235e+01	9.999999999999897859e-01	9.980322028345576246e-01
4.904904980380380408e+01	9.999999999999896749e-01	9.979847862640465195e-01
4.924925000300300582e+01	9.999999999999893419e-01	9.979373878035371348e-01
4.944945020220220044e+01	9.999999999999892308e-01	9.978900087538105090e-01
4.964965040140140218e+01	9.999999999999890088e-01	9.978426503822656057e-01
4.984985060060059681e+01	9.999999999999887867e-01	9.977953139237412117e-01
5.005005079979979854e+01	9.999999999999886757e-01	9.977480005813138542e-01
5.025025099899900027e+01	9.999999999999882316e-01	9.977007115270751791e-01
5.045045119819819490e+01	9.999999999999880096e-01	9.976534479028890123e-01
5.065065139739739664e+01	9.999999999999878986e-01	9.976062108211263268e-01
5.085085159659659837e+01	9.999999999999876765e-01	9.975590013653834465e-01
5.105105179579579300e+01	9.999999999999873435e-01	9.975118205911787106e-01
5.125125199499499473e+01	9.999999999999872324e-01	9.974646695266318197e-01
5.145145219419419647e+01	9.999999999999870104e-01	9.974175491731253063e-01
5.165165239339339109e+01	9.999999999999867883e-01	9.973704605059485750e-01
5.185185259259259283e+01	9.999999999999865663e-01	9.973234044749245131e-01
5.205205279179179456e+01	9.999999999999863443e-01	9.972763820050205563e-01
5.225225299099098919e+01	9.999999999999861222e-01	9.972293939969433252e-01
5.245245319019019092e+01	9.999999999999859002e-01	9.971824413277180499e-01
5.265265338938939266e+01	9.999999999999856781e-01	9.971355248512526748e-01
5.285285358858858729e+01	9.999999999999853451e-01	9.970886453988879738e-01
5.305305378778778902e+01	9.999999999999852340e-01	9.970418037799325672e-01
5.325325398698698365e+01	9.999999999999850120e-01	9.969950007821857252e-01
5.345345418618618538e+01	9.999999999999849010e-01	9.969482371724450731e-01
5.365365438538538712e+01	9.999999999999846789e-01	9.969015136970025281e-01
5.385385458458458174e+01	9.999999999999843459e-01	9.968548310821272462e-01
5.405405478378378348e+01	9.999999999999842348e-01	9.968081900345361346e-01
5.425425498298298521e+01	9.999999999999840128e-01	9.967615912418529289e-01
5.445445518218217984e+01	9.999999999999837907e-01	9.967150353730550583e-01
5.465465538138138157e+01	9.999999999999834577e-01	9.966685230789101846e-01
5.485485558058058331e+01	9.999999999999832356e-01	9.966220549924006411e-01
5.505505577977977794e+01	9.999999999999831246e-01	9.965756317291378785e-01
5.525525597897897967e+01	9.999999999999829026e-01	9.965292538877674744e-01
5.545545617817818140e+01	9.999999999999825695e-01	9.964829220503621521e-01
5.565565637737737603e+01	9.999999999999823475e-01	9.964366367828059179e-01
5.585585657657657777e+01	9.999999999999822364e-01	9.963903986351699826e-01
5.605605677577577239e+01	9.999999999999820144e-01	9.963442081420772478e-01
5.625625697497497413e+01	9.999999999999817923e-01	9.962980658230587983e-01
5.645645717417417586e+01	9.999999999999814593e-01	9.962519721829022901e-01
5.665665737337337049e+01	9.999999999999813483e-01	9.962059277119911238e-01
5.685685757257257222e+01	9.999999999999811262e-01	9.961599328866345138e-01
5.705705777177177396e+01	9.999999999999809042e-01	9.961139881693916731e-01
5.725725797097096859e+01	9.999999999999806821e-01	9.960680940093856739e-01
5.745745817017017032e+01	9.999999999999804601e-01	9.960222508426123111e-01
5.765765836936937205e+01	9.999999999999802380e-01	9.959764590922378646e-01
5.785785856856856668e+01	9.999999999999801270e-01	9.959307191688947514e-01
5.805805876776776842e+01	9.999999999999799050e-01	9.958850314709649654e-01
5.825825896696697015e+01	9.999999999999796829e-01	9.958393963848595209e-01
5.845845916616616478e+01	9.999999999999794609e-01	9.957938142852914565e-01
5.865865936536536651e+01	9.999999999999792388e-01	9.957482855355406226e-01
5.885885956456456114e+01	9.999999999999791278e-01	9.957028104877133634e-01
5.905905976376376287e+01	9.999999999999787947e-01	9.956573894829959803e-01
5.925925996296296461e+01	9.999999999999786837e-01	9.956120228519017568e-01
5.945946016216215924e+01	9.999999999999784617e-01	9.955667109145116545e-01
5.965966036136136097e+01	9.999999999999783507e-01	9.955214539807115681e-01
5.985986056056056270e+01	9.999999999999780176e-01	9.954762523504208094e-01
6.006006075975975733e+01	9.999999999999777955e-01	9.954311063138182591e-01
6.026026095895895907e+01	9.999999999999775735e-01	9.953860161515606375e-01
6.046046115815816080e+01	9.999999999999774625e-01	9.953409821349974429e-01
6.066066135735735543e+01	9.999999999999772404e-01	9.952960045263801181e-01
6.086086155655655716e+01	9.999999999999770184e-01	9.952510835790672195e-01
6.106106175575575890e+01	9.999999999999766853e-01	9.952062195377228138e-01
6.126126195495495352e+01	9.999999999999765743e-01	9.951614126385123216e-01
6.146146215415415526e+01	9.999999999999764633e-01	9.951166631092940307e-01
6.166166235335335699e+01	9.999999999999761302e-01	9.950719711698032821e-01
6.186186255255255162e+01	9.999999999999759082e-01	9.950273370318361010e-01
6.206206275175175335e+01	9.999999999999756861e-01	9.949827608994260553e-01
6.226226295095094798e+01	9.999999999999755751e-01	9.949382429690182272e-01
6.246246315015014972e+01	9.999999999999754641e-01	9.948937834296394112e-01
6.266266334934935145e+01	9.999999999999750200e-01	9.948493824630623150e-01
6.286286354854854608e+01	9.999999999999749090e-01	9.948050402439697626e-01
6.306306374774774781e+01	9.999999999999747979e-01	9.947607569401113459e-01
6.326326394694694955e+01	9.999999999999745759e-01	9.947165327124594114e-01
6.346346414614614417e+01	9.999999999999742428e-01	9.946723677153591625e-01
6.366366434534534591e+01	9.999999999999741318e-01	9.946282620966776511e-01
6.386386454454454764e+01	9.999999999999740208e-01	9.945842159979476627e-01
6.406406474374374227e+01	9.999999999999737987e-01	9.945402295545090476e-01
6.426426494294294400e+01	9.999999999999736877e-01	9.944963028956474993e-01
6.446446514214214574e+01	9.999999999999735767e-01	9.944524361447284466e-01
6.466466534134134747e+01	9.999999999999733546e-01	9.944086294193292819e-01
6.486486554054053499e+01	9.999999999999727995e-01	9.943648828313699228e-01
6.506506573973973673e+01	9.999999999999726885e-01	9.943211964872366027e-01
6.526526593893893846e+01	9.999999999999725775e-01	9.942775704879077692e-01
6.546546613813814020e+01	9.999999999999724665e-01	9.942340049290721016e-01
6.566566633733734193e+01	9.999999999999722444e-01	9.941904999012486366e-01
6.586586653653654366e+01	9.999999999999719114e-01	9.941470554899010104e-01
6.606606673573573119e+01	9.999999999999718003e-01	9.941036717755508123e-01
6.626626693493493292e+01	9.999999999999716893e-01	9.940603488338870530e-01
6.646646713413413465e+01	9.999999999999715783e-01	9.940170867358752993e-01
6.666666733333333639e+01	9.999999999999712452e-01	9.939738855478621460e-01
6.686686753253253812e+01	9.999999999999709122e-01	9.939307453316791330e-01
6.706706773173172564e+01	9.999999999999708011e-01	9.938876661447433314e-01
6.726726793093092738e+01	9.999999999999706901e-01	9.938446480401561534e-01
6.746746813013012911e+01	9.999999999999704681e-01	9.938016910668002746e-01
6.766766832932933085e+01	9.999999999999701350e-01	9.937587952694331150e-01
6.786786852852853258e+01	9.999999999999700240e-01	9.937159606887808749e-01
6.806806872772773431e+01	9.999999999999699130e-01	9.936731873616275745e-01
6.826826892692692184e+01	9.999999999999698019e-01	9.936304753209050933e-01
6.846846912612612357e+01	9.999999999999692468e-01	9.935878245957768806e-01
6.866866932532532530e+01	9.999999999999691358e-01	9.935452352117262187e-01
6.886886952452452704e+01	9.999999999999690248e-01	9.935027071906368246e-01
6.906906972372372877e+01	9.999999999999689138e-01	9.934602405508746736e-01
6.926926992292293050e+01	9.999999999999685807e-01	9.934178353073666035e-01
6.946947012212211803e+01	9.999999999999684697e-01	9.933754914716793616e-01
6.966967032132131976e+01	9.999999999999683586e-01	9.933332090520942126e-01
6.986987052052052150e+01	9.999999999999682476e-01	9.932909880536821001e-01
7.007007071971972323e+01	9.999999999999678035e-01	9.932488284783762555e-01
7.027027091891892496e+01	9.999999999999676925e-01	9.932067303250432522e-01
7.047047111811811249e+01	9.999999999999675815e-01	9.931646935895525052e-01
7.067067131731731422e+01	9.999999999999672484e-01	9.931227182648454388e-01
7.087087151651651595e+01	9.999999999999671374e-01	9.930808043410008779e-01
7.107107171571571769e+01	9.999999999999670264e-01	9.930389518053021058e-01
7.127127191491491942e+01	9.999999999999666933e-01	9.929971606422984820e-01
7.147147211411412115e+01	9.999999999999665823e-01	9.929554308338702784e-01
7.167167231331330868e+01	9.999999999999664713e-01	9.929137623592892981e-01
7.187187251251251041e+01	9.999999999999660272e-01	9.928721551952781610e-01
7.207207271171171215e+01	9.999999999999659162e-01	9.928306093160695900e-01
7.227227291091091388e+01	9.999999999999658051e-01	9.927891246934645864e-01
7.247247311011011561e+01	9.999999999999654721e-01	9.927477012968869419e-01
7.267267330930930314e+01	9.999999999999653610e-01	9.927063390934404152e-01
7.287287350850850487e+01	9.999999999999652500e-01	9.926650380479612457e-01
7.307307370770770660e+01	9.999999999999650280e-01	9.926237981230708884e-01
7.327327390690690834e+01	9.999999999999649170e-01	9.925826192792291947e-01
7.347347410610611007e+01	9.999999999999648059e-01	9.925415014747841491e-01
7.367367430530531180e+01	9.999999999999643618e-01	9.925004446660202762e-01
7.387387450450449933e+01	9.999999999999642508e-01	9.924594488072093768e-01
7.407407470370370106e+01	9.999999999999641398e-01	9.924185138506567139e-01
7.427427490290290280e+01	9.999999999999638067e-01	9.923776397467477528e-01
7.447447510210210453e+01	9.999999999999636957e-01	9.923368264439939024e-01
7.467467530130130626e+01	9.999999999999636957e-01	9.922960738890770349e-01
7.487487550050050800e+01	9.999999999999633626e-01	9.922553820268934510e-01
7.507507569969969552e+01	9.999999999999632516e-01	9.922147508005960681e-01
7.527527589889889725e+01	9.999999999999630296e-01	9.921741801516370529e-01
7.547547609809809899e+01	9.999999999999626965e-01	9.921336700198084557e-01
7.567567629729730072e+01	9.999999999999625855e-01	9.920932203432825114e-01
7.587587649649650245e+01	9.999999999999623634e-01	9.920528310586508303e-01
7.607607669569568998e+01	9.999999999999622524e-01	9.920125021009635891e-01
7.627627689489489171e+01	9.999999999999620304e-01	9.919722334037661682e-01
7.647647709409409345e+01	9.999999999999619194e-01	9.919320248991374545e-01
7.667667729329329518e+01	9.999999999999618083e-01	9.918918765177245911e-01
7.687687749249249691e+01	9.999999999999615863e-01	9.918517881887801702e-01
7.707707769169169865e+01	9.999999999999614753e-01	9.918117598401955393e-01
7.727727789089088617e+01	9.999999999999610312e-01	9.917717913985354405e-01
7.747747809009008790e+01	9.999999999999609201e-01	9.917318827890710953e-01
7.767767828928928964e+01	9.999999999999606981e-01	9.916920339358136216e-01
7.787787848848849137e+01	9.999999999999605871e-01	9.916522447615445657e-01
7.807807868768769310e+01	9.999999999999604761e-01	9.916125151878490973e-01
7.827827888688689484e+01	9.999999999999602540e-01	9.915728451351449868e-01
7.847847908608608236e+01	9.999999999999601430e-01	9.915332345227138022e-01
7.867867928528528410e+01	9.999999999999599209e-01	9.914936832687295531e-01
7.887887948448448583e+01	9.999999999999598099e-01	9.914541912902881116e-01
7.907907968368368756e+01	9.999999999999593658e-01	9.914147585034351895e-01
7.927927988288288930e+01	9.999999999999592548e-01	9.913753848231946497e-01
7.947948008208207682e+01	9.999999999999590328e-01	9.913360701635945960e-01
7.967968028128127855e+01	9.999999999999590328e-01	9.912968144376937962e-01
7.987988048048048029e+01	9.999999999999586997e-01	9.912576175576097715e-01
8.008008067967968202e+01	9.999999999999586997e-01	9.912184794345416661e-01
8.028028087887888375e+01	9.999999999999585887e-01	9.911793999787970044e-01
8.048048107807808549e+01	9.999999999999583666e-01	9.911403790998154495e-01
8.068068127727727301e+01	9.999999999999582556e-01	9.911014167061925617e-01
8.088088147647647475e+01	9.999999999999578115e-01	9.910625127057036687e-01
8.108108167567567648e+01	9.999999999999578115e-01	9.910236670053277352e-01
8.128128187487487821e+01	9.999999999999574785e-01	9.909848795112672359e-01
8.148148207407407995e+01	9.999999999999574785e-01	9.909461501289735796e-01
8.168168227327326747e+01	9.999999999999572564e-01	9.909074787631660941e-01
8.188188247247246920e+01	9.999999999999571454e-01	9.908688653178544525e-01
8.208208267167167094e+01	9.999999999999569233e-01	9.908303096963596568e-01
8.228228287087087267e+01	9.999999999999568123e-01	9.907918118013332442e-01
8.248248307007007440e+01	9.999999999999565903e-01	9.907533715347786041e-01
8.268268326926927614e+01	9.999999999999563682e-01	9.907149887980689629e-01
8.288288346846846366e+01	9.999999999999561462e-01	9.906766634919679237e-01
8.308308366766766540e+01	9.999999999999559241e-01	9.906383955166478961e-01
8.328328386686686713e+01	9.999999999999558131e-01	9.906001847717070818e-01
8.348348406606606886e+01	9.999999999999555911e-01	9.905620311561900149e-01
8.368368426526527060e+01	9.999999999999554801e-01	9.905239345686023267e-01
8.388388446446447233e+01	9.999999999999552580e-01	9.904858949069302865e-01
8.408408466366365985e+01	9.999999999999552580e-01	9.904479120686562332e-01
8.428428486286286159e+01	9.999999999999548139e-01	9.904099859507761172e-01
8.448448506206206332e+01	9.999999999999547029e-01	9.903721164498155982e-01
8.468468526126126505e+01	9.999999999999544809e-01	9.903343034618447005e-01
8.488488546046046679e+01	9.999999999999544809e-01	9.902965468824955764e-01
8.508508565965965431e+01	9.999999999999542588e-01	9.902588466069754958e-01
8.528528585885885605e+01	9.999999999999540368e-01	9.902212025300837217e-01
8.548548605805805778e+01	9.999999999999539257e-01	9.901836145462246108e-01
8.568568625725725951e+01	9.999999999999537037e-01	9.901460825494232676e-01
8.588588645645646125e+01	9.999999999999537037e-01	9.901086064333384229e-01
8.608608665565566298e+01	9.999999999999532596e-01	9.900711860912773110e-01
8.628628685485485050e+01	9.999999999999532596e-01	9.900338214162079931e-01
8.648648705405405224e+01	9.999999999999530376e-01	9.899965123007737899e-01
8.668668725325325397e+01	9.999999999999528155e-01	9.899592586373054948e-01
8.688688745245245570e+01	9.999999999999527045e-01	9.899220603178336964e-01
8.708708765165165744e+01	9.999999999999524825e-01	9.898849172341021019e-01
8.728728785085085917e+01	9.999999999999524825e-01	9.898478292775796383e-01
8.748748805005004670e+01	9.999999999999522604e-01	9.898107963394712216e-01
8.768768824924924843e+01	9.999999999999520384e-01	9.897738183107309684e-01
8.788788844844845016e+01	9.999999999999518163e-01	9.897368950820722988e-01
8.808808864764765190e+01	9.999999999999515943e-01	9.897000265439803712e-01
8.828828884684685363e+01	9.999999999999515943e-01	9.896632125867220742e-01
8.848848904604604115e+01	9.999999999999513722e-01	9.896264531003570175e-01
8.868868924524524289e+01	9.999999999999511502e-01	9.895897479747485237e-01
8.888888944444444462e+01	9.999999999999510392e-01	9.895530970995731757e-01
8.908908964364364635e+01	9.999999999999508171e-01	9.895165003643318080e-01
8.928928984284284809e+01	9.999999999999508171e-01	9.894799576583582779e-01
8.948949004204204982e+01	9.999999999999505951e-01	9.894434688708305670e-01
8.968969024124123735e+01	9.999999999999502620e-01	9.894070338907789974e-01
8.988989044044043908e+01	9.999999999999501510e-01	9.893706526070956686e-01
9.009009063963964081e+01	9.999999999999500400e-01	9.893343249085447821e-01
9.029029083883884255e+01	9.999999999999498179e-01	9.892980506837703025e-01
9.049049103803804428e+01	9.999999999999497069e-01	9.892618298213045058e-01
9.069069123723723180e+01	9.999999999999495959e-01	9.892256622095778607e-01
9.089089143643643354e+01	9.999999999999493738e-01	9.891895477369259115e-01
9.109109163563563527e+01	9.999999999999492628e-01	9.891534862915990489e-01
9.129129183483483700e+01	9.999999999999491518e-01	9.891174777617686154e-01
9.149149203403403874e+01	9.999999999999487077e-01	9.890815220355363424e-01
9.169169223323324047e+01	9.999999999999487077e-01	9.890456190009416781e-01
9.189189243243242800e+01	9.999999999999484857e-01	9.890097685459686705e-01
9.209209263163162973e+01	9.999999999999482636e-01	9.889739705585537388e-01
9.229229283083083146e+01	9.999999999999482636e-01	9.889382249265931124e-01
9.249249303003003320e+01	9.999999999999480416e-01	9.889025315379499359e-01
9.269269322922923493e+01	9.999999999999478195e-01	9.888668902804609306e-01
9.289289342842843666e+01	9.999999999999478195e-01	9.888313010419423899e-01
9.309309362762762419e+01	9.999999999999475975e-01	9.887957637101986164e-01
9.329329382682682592e+01	9.999999999999472644e-01	9.887602781730268076e-01
9.349349402602602765e+01	9.999999999999472644e-01	9.887248443182243829e-01
9.369369422522522939e+01	9.999999999999470424e-01	9.886894620335942019e-01
9.389389442442443112e+01	9.999999999999469313e-01	9.886541312069518916e-01
9.409409462362361865e+01	9.999999999999468203e-01	9.886188517261305098e-01
9.429429482282282038e+01	9.999999999999465983e-01	9.885836234789875387e-01
9.449449502202202211e+01	9.999999999999464873e-01	9.885484463534096600e-01
9.469469522122122385e+01	9.999999999999462652e-01	9.885133202373189709e-01
9.489489542042042558e+01	9.999999999999462652e-01	9.884782450186776481e-01
9.509509561961962731e+01	9.999999999999459321e-01	9.884432205854943865e-01
9.529529581881881484e+01	9.999999999999457101e-01	9.884082468258287291e-01
9.549549601801801657e+01	9.999999999999457101e-01	9.883733236277965073e-01
9.569569621721721830e+01	9.999999999999454880e-01	9.883384508795747259e-01
9.589589641641642004e+01	9.999999999999452660e-01	9.883036284694064477e-01
9.609609661561562177e+01	9.999999999999451550e-01	9.882688562856060122e-01
9.629629681481482351e+01	9.999999999999451550e-01	9.882341342165629205e-01
9.649649701401401103e+01	9.999999999999449329e-01	9.881994621507468324e-01
9.669669721321321276e+01	9.999999999999445999e-01	9.881648399767118951e-01
9.689689741241241450e+01	9.999999999999443778e-01	9.881302675831018512e-01
9.709709761161161623e+01	9.999999999999443778e-01	9.880957448586528136e-01
9.729729781081081796e+01	9.999999999999441558e-01	9.880612716921987060e-01
9.749749801001000549e+01	9.999999999999440448e-01	9.880268479726752595e-01
9.769769820920920722e+01	9.999999999999440448e-01	9.879924735891228993e-01
9.789789840840840895e+01	9.999999999999438227e-01	9.879581484306918515e-01
9.809809860760761069e+01	9.999999999999436007e-01	9.879238723866458072e-01
9.829829880680681242e+01	9.999999999999434896e-01	9.878896453463645866e-01
9.849849900600601416e+01	9.999999999999431566e-01	9.878554671993491354e-01
9.869869920520520168e+01	9.999999999999431566e-01	9.878213378352245222e-01
9.889889940440440341e+01	9.999999999999429345e-01	9.877872571437428251e-01
9.909909960360360515e+01	9.999999999999428235e-01	9.877532250147875725e-01
9.929929980280280688e+01	9.999999999999426015e-01	9.877192413383760750e-01
9.949950000200200861e+01	9.999999999999426015e-01	9.876853060046636434e-01
9.969970020120119614e+01	9.999999999999423794e-01	9.876514189039461433e-01
9.989990040040039787e+01	9.999999999999422684e-01	9.876175799266624367e-01
1.001001005995995996e+02	9.999999999999420464e-01	9.875837889633990452e-01
1.003003007987988013e+02	9.999999999999417133e-01	9.875500459048914825e-01
1.005005009979980031e+02	9.999999999999417133e-01	9.875163506420284731e-01
1.007007011971972048e+02	9.999999999999416023e-01	9.874827030658536176e-01
1.009009013963963923e+02	9.999999999999413802e-01	9.874491030675683900e-01
1.011011015955955941e+02	9.999999999999412692e-01	9.874155505385355802e-01
1.013013017947947958e+02	9.999999999999410472e-01	9.873820453702806255e-01
1.015015019939939975e+02	9.999999999999410472e-01	9.873485874544956076e-01
1.017017021931931993e+02	9.999999999999409361e-01	9.873151766830401410e-01
1.019019023923924010e+02	9.999999999999407141e-01	9.872818129479453697e-01
1.021021025915915885e+02	9.999999999999403810e-01	9.872484961414148552e-01
1.023023027907907903e+02	9.999999999999402700e-01	9.872152261558279074e-01
1.025025029899899920e+02	9.999999999999402700e-01	9.871820028837413608e-01
1.027027031891891937e+02	9.999999999999400480e-01	9.871488262178919060e-01
1.029029033883883955e+02	9.999999999999399369e-01	9.871156960511981993e-01
1.031031035875875830e+02	9.999999999999397149e-01	9.870826122767625277e-01
1.033033037867867847e+02	9.999999999999396039e-01	9.870495747878736958e-01
1.035035039859859864e+02	9.999999999999396039e-01	9.870165834780081360e-01
1.037037041851851882e+02	9.999999999999393818e-01	9.869836382408323505e-01
1.039039043843843899e+02	9.999999999999391598e-01	9.869507389702040223e-01
1.041041045835835916e+02	9.999999999999389377e-01	9.869178855601749012e-01
1.043043047827827792e+02	9.999999999999388267e-01	9.868850779049921362e-01
1.045045049819819809e+02	9.999999999999387157e-01	9.868523158990990529e-01
1.047047051811811826e+02	9.999999999999384936e-01	9.868195994371387059e-01
1.049049053803803844e+02	9.999999999999384936e-01	9.867869284139536568e-01
1.051051055795795861e+02	9.999999999999383826e-01	9.867543027245883058e-01
1.053053057787787878e+02	9.999999999999381606e-01	9.867217222642907792e-01
1.055055059779779754e+02	9.999999999999380496e-01	9.866891869285137062e-01
1.057057061771771771e+02	9.999999999999377165e-01	9.866566966129163285e-01
1.059059063763763788e+02	9.999999999999376055e-01	9.866242512133652776e-01
1.061061065755755806e+02	9.999999999999374944e-01	9.865918506259365728e-01
1.063063067747747823e+02	9.999999999999373834e-01	9.865594947469158438e-01
1.065065069739739698e+02	9.999999999999372724e-01	9.865271834728012168e-01
1.067067071731731716e+02	9.999999999999371614e-01	9.864949167003032038e-01
1.069069073723723733e+02	9.999999999999369393e-01	9.864626943263463676e-01
1.071071075715715750e+02	9.999999999999368283e-01	9.864305162480705436e-01
1.073073077707707768e+02	9.999999999999367173e-01	9.863983823628319492e-01
1.075075079699699785e+02	9.999999999999363842e-01	9.863662925682044058e-01
1.077077081691691660e+02	9.999999999999362732e-01	9.863342467619798937e-01
1.079079083683683677e+02	9.999999999999362732e-01	9.863022448421698840e-01
1.081081085675675695e+02	9.999999999999361622e-01	9.862702867070066715e-01
1.083083087667667712e+02	9.999999999999359401e-01	9.862383722549439291e-01
1.085085089659659729e+02	9.999999999999358291e-01	9.862065013846573747e-01
1.087087091651651605e+02	9.999999999999357181e-01	9.861746739950459917e-01
1.089089093643643622e+02	9.999999999999354960e-01	9.861428899852331398e-01
1.091091095635635639e+02	9.999999999999352740e-01	9.861111492545671098e-01
1.093093097627627657e+02	9.999999999999351630e-01	9.860794517026216788e-01
1.095095099619619674e+02	9.999999999999349409e-01	9.860477972291971094e-01
1.097097101611611691e+02	9.999999999999348299e-01	9.860161857343212599e-01
1.099099103603603567e+02	9.999999999999348299e-01	9.859846171182492514e-01
1.101101105595595584e+02	9.999999999999347189e-01	9.859530912814652437e-01
1.103103107587587601e+02	9.999999999999346079e-01	9.859216081246827690e-01
1.105105109579579619e+02	9.999999999999343858e-01	9.858901675488446203e-01
1.107107111571571636e+02	9.999999999999342748e-01	9.858587694551249614e-01
1.109109113563563653e+02	9.999999999999340528e-01	9.858274137449279939e-01
1.111111115555555529e+02	9.999999999999338307e-01	9.857961003198905114e-01
1.113113117547547546e+02	9.999999999999337197e-01	9.857648290818803449e-01
1.115115119539539563e+02	9.999999999999336087e-01	9.857335999329990273e-01
1.117117121531531581e+02	9.999999999999334976e-01	9.857024127755803500e-01
1.119119123523523598e+02	9.999999999999333866e-01	9.856712675121919176e-01
1.121121125515515473e+02	9.999999999999331646e-01	9.856401640456354807e-01
1.123123127507507490e+02	9.999999999999330536e-01	9.856091022789468248e-01
1.125125129499499508e+02	9.999999999999329425e-01	9.855780821153966587e-01
1.127127131491491525e+02	9.999999999999327205e-01	9.855471034584905032e-01
1.129129133483483542e+02	9.999999999999324984e-01	9.855161662119699129e-01
1.131131135475475560e+02	9.999999999999324984e-01	9.854852702798116981e-01
1.133133137467467435e+02	9.999999999999323874e-01	9.854544155662288141e-01
1.135135139459459452e+02	9.999999999999322764e-01	9.854236019756705822e-01
1.137137141451451470e+02	9.999999999999321654e-01	9.853928294128230236e-01
1.139139143443443487e+02	9.999999999999320544e-01	9.853620977826088589e-01
1.141141145435435504e+02	9.999999999999318323e-01	9.853314069901877303e-01
1.143143147427427522e+02	9.999999999999317213e-01	9.853007569409570898e-01
1.145145149419419397e+02	9.999999999999314992e-01	9.852701475405508669e-01
1.147147151411411414e+02	9.999999999999313882e-01	9.852395786948415779e-01
1.149149153403403432e+02	9.999999999999312772e-01	9.852090503099388830e-01
1.151151155395395449e+02	9.999999999999311662e-01	9.851785622921903629e-01
1.153153157387387466e+02	9.999999999999309441e-01	9.851481145481818524e-01
1.155155159379379342e+02	9.999999999999308331e-01	9.851177069847372181e-01
1.157157161371371359e+02	9.999999999999307221e-01	9.850873395089180251e-01
1.159159163363363376e+02	9.999999999999306111e-01	9.850570120280247588e-01
1.161161165355355394e+02	9.999999999999305000e-01	9.850267244495958252e-01
1.163163167347347411e+02	9.999999999999302780e-01	9.849964766814078843e-01
1.165165169339339428e+02	9.999999999999301670e-01	9.849662686314764048e-01
1.167167171331331303e+02	9.999999999999299449e-01	9.849361002080543326e-01
1.169169173323323321e+02	9.999999999999298339e-01	9.849059713196339771e-01
1.171171175315315338e+02	9.999999999999297229e-01	9.848758818749450139e-01
1.173173177307307355e+02	9.999999999999296119e-01	9.848458317829563713e-01
1.175175179299299373e+02	9.999999999999295008e-01	9.848158209528742324e-01
1.177177181291291248e+02	9.999999999999293898e-01	9.847858492941435893e-01
1.179179183283283265e+02	9.999999999999292788e-01	9.847559167164473548e-01
1.181181185275275283e+02	9.999999999999290567e-01	9.847260231297064736e-01
1.183183187267267300e+02	9.999999999999289457e-01	9.846961684440797002e-01
1.185185189259259317e+02	9.999999999999287237e-01	9.846663525699637098e-01
1.187187191251251335e+02	9.999999999999286127e-01	9.846365754179927654e-01
1.189189193243243210e+02	9.999999999999285016e-01	9.846068368990389397e-01
1.191191195235235227e+02	9.999999999999283906e-01	9.845771369242112270e-01
1.193193197227227245e+02	9.999999999999282796e-01	9.845474754048562094e-01
1.195195199219219262e+02	9.999999999999281686e-01	9.845178522525573905e-01
1.197197201211211279e+02	9.999999999999280575e-01	9.844882673791354177e-01
1.199199203203203297e+02	9.999999999999278355e-01	9.844587206966471937e-01
1.201201205195195172e+02	9.999999999999277245e-01	9.844292121173865429e-01
1.203203207187187189e+02	9.999999999999276135e-01	9.843997415538833229e-01
1.205205209179179207e+02	9.999999999999275024e-01	9.843703089189035360e-01
1.207207211171171224e+02	9.999999999999272804e-01	9.843409141254493289e-01
1.209209213163163241e+02	9.999999999999271694e-01	9.843115570867577713e-01
1.211211215155155116e+02	9.999999999999270583e-01	9.842822377163021885e-01
1.213213217147147134e+02	9.999999999999269473e-01	9.842529559277903850e-01
1.215215219139139151e+02	9.999999999999267253e-01	9.842237116351650883e-01
1.217217221131131168e+02	9.999999999999266143e-01	9.841945047526036161e-01
1.219219223123123186e+02	9.999999999999265032e-01	9.841653351945182093e-01
1.221221225115115203e+02	9.999999999999263922e-01	9.841362028755539226e-01
1.223223227107107078e+02	9.999999999999262812e-01	9.841071077105906229e-01
1.225225229099099096e+02	9.999999999999261702e-01	9.840780496147409906e-01
1.227227231091091113e+02	9.999999999999260591e-01	9.840490285033509643e-01
1.229229233083083130e+02	9.999999999999259481e-01	9.840200442919994073e-01
1.231231235075075148e+02	9.999999999999258371e-01	9.839910968964973303e-01
1.233233237067067165e+02	9.999999999999256151e-01	9.839621862328877810e-01
1.235235239059059040e+02	9.999999999999255040e-01	9.839333122174462876e-01
1.237237241051051058e+02	9.999999999999253930e-01	9.839044747666790824e-01
1.239239243043043075e+02	9.999999999999251710e-01	9.838756737973238797e-01
1.241241245035035092e+02	9.999999999999250599e-01	9.838469092263488758e-01
1.243243247027027110e+02	9.999999999999249489e-01	9.838181809709527492e-01
1.245245249019018985e+02	9.999999999999248379e-01	9.837894889485638839e-01
1.247247251011011002e+02	9.999999999999247269e-01	9.837608330768408127e-01
1.249249253003003020e+02	9.999999999999246159e-01	9.837322132736709968e-01
1.251251254994995037e+02	9.999999999999243938e-01	9.837036294571706030e-01
1.253253256986987054e+02	9.999999999999242828e-01	9.836750815456841712e-01
1.255255258978979072e+02	9.999999999999241718e-01	9.836465694577847252e-01
1.257257260970970947e+02	9.999999999999240607e-01	9.836180931122724402e-01
1.259259262962962964e+02	9.999999999999238387e-01	9.835896524281748654e-01
1.261261264954954981e+02	9.999999999999237277e-01	9.835612473247465903e-01
1.263263266946946999e+02	9.999999999999236167e-01	9.835328777214681351e-01
1.265265268938939016e+02	9.999999999999235056e-01	9.835045435380465051e-01
1.267267270930930891e+02	9.999999999999233946e-01	9.834762446944137482e-01
1.269269272922922909e+02	9.999999999999231726e-01	9.834479811107269542e-01
1.271271274914914926e+02	9.999999999999230615e-01	9.834197527073683665e-01
1.273273276906906943e+02	9.999999999999229505e-01	9.833915594049442710e-01
1.275275278898898961e+02	9.999999999999228395e-01	9.833634011242841089e-01
1.277277280890890978e+02	9.999999999999227285e-01	9.833352777864416971e-01
1.279279282882882853e+02	9.999999999999226175e-01	9.833071893126927865e-01
1.281281284874874871e+02	9.999999999999223954e-01	9.832791356245358383e-01
1.283283286866866888e+02	9.999999999999222844e-01	9.832511166436913586e-01
1.285285288858858905e+02	9.999999999999221734e-01	9.832231322921011207e-01
1.287287290850850923e+02	9.999999999999220623e-01	9.831951824919280547e-01
1.289289292842842940e+02	9.999999999999219513e-01	9.831672671655555806e-01
1.291291294834834957e+02	9.999999999999218403e-01	9.831393862355867208e-01
1.293293296826826975e+02	9.999999999999217293e-01	9.831115396248448768e-01
1.295295298818818992e+02	9.999999999999213962e-01	9.830837272563718310e-01
1.297297300810810725e+02	9.999999999999213962e-01	9.830559490534283018e-01
1.299299302802802742e+02	9.999999999999210631e-01	9.830282049394930555e-01
1.301301304794794760e+02	9.999999999999209521e-01	9.830004948382621288e-01
1.303303306786786777e+02	9.999999999999208411e-01	9.829728186736491624e-01
1.305305308778778794e+02	9.999999999999207301e-01	9.829451763697842903e-01
1.307307310770770812e+02	9.999999999999206191e-01	9.829175678510132519e-01
1.309309312762762829e+02	9.999999999999205080e-01	9.828899930418985020e-01
1.311311314754754846e+02	9.999999999999205080e-01	9.828624518672159915e-01
1.313313316746746864e+02	9.999999999999203970e-01	9.828349442519580537e-01
1.315315318738738881e+02	9.999999999999202860e-01	9.828074701213296294e-01
1.317317320730730899e+02	9.999999999999201750e-01	9.827800294007498216e-01
1.319319322722722632e+02	9.999999999999200639e-01	9.827526220158512293e-01
1.321321324714714649e+02	9.999999999999199529e-01	9.827252478924781709e-01
1.323323326706706666e+02	9.999999999999198419e-01	9.826979069566873504e-01
1.325325328698698684e+02	9.999999999999196199e-01	9.826705991347474134e-01
1.327327330690690701e+02	9.999999999999195088e-01	9.826433243531369488e-01
1.329329332682682718e+02	9.999999999999193978e-01	9.826160825385460429e-01
1.331331334674674736e+02	9.999999999999190647e-01	9.825888736178741700e-01
1.333333336666666753e+02	9.999999999999189537e-01	9.825616975182301926e-01
1.335335338658658770e+02	9.999999999999189537e-01	9.825345541669321392e-01
1.337337340650650788e+02	9.999999999999188427e-01	9.825074434915062049e-01
1.339339342642642805e+02	9.999999999999187317e-01	9.824803654196859748e-01
1.341341344634634538e+02	9.999999999999186207e-01	9.824533198794133115e-01
1.343343346626626555e+02	9.999999999999185096e-01	9.824263067988358022e-01
1.345345348618618573e+02	9.999999999999182876e-01	9.823993261063079796e-01
1.347347350610610590e+02	9.999999999999181766e-01	9.823723777303895455e-01
1.349349352602602607e+02	9.999999999999180655e-01	9.823454615998454820e-01
1.351351354594594625e+02	9.999999999999179545e-01	9.823185776436453853e-01
1.353353356586586642e+02	9.999999999999178435e-01	9.822917257909629107e-01
1.355355358578578659e+02	9.999999999999178435e-01	9.822649059711754393e-01
1.357357360570570677e+02	9.999999999999177325e-01	9.822381181138627460e-01
1.359359362562562694e+02	9.999999999999176215e-01	9.822113621488076651e-01
1.361361364554554712e+02	9.999999999999175104e-01	9.821846380059943149e-01
1.363363366546546445e+02	9.999999999999173994e-01	9.821579456156087629e-01
1.365365368538538462e+02	9.999999999999171774e-01	9.821312849080372498e-01
1.367367370530530479e+02	9.999999999999168443e-01	9.821046558138667448e-01
1.369369372522522497e+02	9.999999999999167333e-01	9.820780582638837242e-01
1.371371374514514514e+02	9.999999999999167333e-01	9.820514921890733939e-01
1.373373376506506531e+02	9.999999999999166223e-01	9.820249575206206893e-01
1.375375378498498549e+02	9.999999999999165112e-01	9.819984541899071662e-01
1.377377380490490566e+02	9.999999999999164002e-01	9.819719821285129990e-01
1.379379382482482583e+02	9.999999999999164002e-01	9.819455412682147610e-01
1.381381384474474601e+02	9.999999999999162892e-01	9.819191315409855347e-01
1.383383386466466618e+02	9.999999999999159561e-01	9.818927528789942460e-01
1.385385388458458635e+02	9.999999999999158451e-01	9.818664052146052201e-01
1.387387390450450368e+02	9.999999999999158451e-01	9.818400884803775153e-01
1.389389392442442386e+02	9.999999999999157341e-01	9.818138026090640347e-01
1.391391394434434403e+02	9.999999999999156231e-01	9.817875475336118596e-01
1.393393396426426420e+02	9.999999999999155120e-01	9.817613231871608059e-01
1.395395398418418438e+02	9.999999999999155120e-01	9.817351295030432023e-01
1.397397400410410455e+02	9.999999999999154010e-01	9.817089664147838901e-01
1.399399402402402472e+02	9.999999999999150679e-01	9.816828338560985578e-01
1.401401404394394490e+02	9.999999999999148459e-01	9.816567317608938525e-01
1.403403406386386507e+02	9.999999999999147349e-01	9.816306600632672685e-01
1.405405408378378525e+02	9.999999999999146238e-01	9.816046186975052601e-01
1.407407410370370542e+02	9.999999999999146238e-01	9.815786075980843517e-01
1.409409412362362275e+02	9.999999999999145128e-01	9.815526266996692506e-01
1.411411414354354292e+02	9.999999999999144018e-01	9.815266759371128469e-01
1.413413416346346310e+02	9.999999999999142908e-01	9.815007552454555473e-01
1.415415418338338327e+02	9.999999999999140687e-01	9.814748645599252752e-01
1.417417420330330344e+02	9.999999999999139577e-01	9.814490038159356944e-01
1.419419422322322362e+02	9.999999999999138467e-01	9.814231729490870970e-01
1.421421424314314379e+02	9.999999999999138467e-01	9.813973718951645164e-01
1.423423426306306396e+02	9.999999999999137357e-01	9.813716005901386152e-01
1.425425428298298414e+02	9.999999999999136246e-01	9.813458589701633539e-01
1.427427430290290431e+02	9.999999999999136246e-01	9.813201469715773229e-01
1.429429432282282448e+02	9.999999999999132916e-01	9.812944645309015224e-01
1.431431434274274181e+02	9.999999999999131806e-01	9.812688115848403614e-01
1.433433436266266199e+02	9.999999999999131806e-01	9.812431880702795484e-01
1.435435438258258216e+02	9.999999999999130695e-01	9.812175939242870903e-01
1.437437440250250233e+02	9.999999999999128475e-01	9.811920290841115166e-01
1.439439442242242251e+02	9.999999999999127365e-01	9.811664934871821009e-01
1.441441444234234268e+02	9.999999999999126254e-01	9.811409870711073067e-01
1.443443446226226285e+02	9.999999999999124034e-01	9.811155097736758979e-01
1.445445448218218303e+02	9.999999999999122924e-01	9.810900615328552732e-01
1.447447450210210320e+02	9.999999999999121814e-01	9.810646422867904670e-01
1.449449452202202338e+02	9.999999999999121814e-01	9.810392519738049266e-01
1.451451454194194355e+02	9.999999999999120703e-01	9.810138905323989578e-01
1.453453456186186088e+02	9.999999999999119593e-01	9.809885579012496137e-01
1.455455458178178105e+02	9.999999999999119593e-01	9.809632540192096961e-01
1.457457460170170123e+02	9.999999999999116262e-01	9.809379788253084209e-01
1.459459462162162140e+02	9.999999999999116262e-01	9.809127322587490871e-01
1.461461464154154157e+02	9.999999999999115152e-01	9.808875142589104090e-01
1.463463466146146175e+02	9.999999999999114042e-01	9.808623247653440735e-01
1.465465468138138192e+02	9.999999999999114042e-01	9.808371637177760727e-01
1.467467470130130209e+02	9.999999999999112932e-01	9.808120310561044830e-01
1.469469472122122227e+02	9.999999999999110711e-01	9.807869267204002428e-01
1.471471474114114244e+02	9.999999999999109601e-01	9.807618506509061529e-01
1.473473476106106261e+02	9.999999999999107381e-01	9.807368027880355443e-01
1.475475478098098279e+02	9.999999999999106270e-01	9.807117830723738328e-01
1.477477480090090012e+02	9.999999999999105160e-01	9.806867914446756318e-01
1.479479482082082029e+02	9.999999999999105160e-01	9.806618278458651972e-01
1.481481484074074046e+02	9.999999999999101830e-01	9.806368922170364266e-01
1.483483486066066064e+02	9.999999999999101830e-01	9.806119844994516388e-01
1.485485488058058081e+02	9.999999999999100719e-01	9.805871046345409070e-01
1.487487490050050098e+02	9.999999999999099609e-01	9.805622525639028364e-01
1.489489492042042116e+02	9.999999999999099609e-01	9.805374282293018995e-01
1.491491494034034133e+02	9.999999999999098499e-01	9.805126315726696573e-01
1.493493496026026151e+02	9.999999999999096278e-01	9.804878625361040934e-01
1.495495498018018168e+02	9.999999999999095168e-01	9.804631210618678372e-01
1.497497500010010185e+02	9.999999999999095168e-01	9.804384070923887196e-01
1.499499502002001918e+02	9.999999999999094058e-01	9.804137205702593283e-01
1.501501503993993936e+02	9.999999999999092948e-01	9.803890614382361202e-01
1.503503505985985953e+02	9.999999999999092948e-01	9.803644296392383106e-01
1.505505507977977970e+02	9.999999999999089617e-01	9.803398251163487620e-01
1.507507509969969988e+02	9.999999999999089617e-01	9.803152478128123182e-01
1.509509511961962005e+02	9.999999999999086286e-01	9.802906976720359156e-01
1.511511513953954022e+02	9.999999999999086286e-01	9.802661746375870289e-01
1.513513515945946040e+02	9.999999999999085176e-01	9.802416786531950033e-01
1.515515517937938057e+02	9.999999999999085176e-01	9.802172096627489450e-01
1.517517519929930074e+02	9.999999999999081846e-01	9.801927676102978326e-01
1.519519521921922092e+02	9.999999999999081846e-01	9.801683524400497394e-01
1.521521523913913825e+02	9.999999999999080735e-01	9.801439640963719446e-01
1.523523525905905842e+02	9.999999999999080735e-01	9.801196025237894904e-01
1.525525527897897859e+02	9.999999999999079625e-01	9.800952676669855146e-01
1.527527529889889877e+02	9.999999999999077405e-01	9.800709594708002514e-01
1.529529531881881894e+02	9.999999999999076294e-01	9.800466778802306989e-01
1.531531533873873911e+02	9.999999999999076294e-01	9.800224228404303961e-01
1.533533535865865929e+02	9.999999999999075184e-01	9.799981942967082027e-01
1.535535537857857946e+02	9.999999999999074074e-01	9.799739921945280763e-01
1.537537539849849964e+02	9.999999999999071854e-01	9.799498164795096278e-01
1.539539541841841981e+02	9.999999999999071854e-01	9.799256670974254568e-01
1.541541543833833998e+02	9.999999999999070743e-01	9.799015439942032613e-01
1.543543545825825731e+02	9.999999999999068523e-01	9.798774471159225063e-01
1.545545547817817749e+02	9.999999999999067413e-01	9.798533764088167564e-01
1.547547549809809766e+02	9.999999999999067413e-01	9.798293318192715651e-01
1.549549551801801783e+02	9.999999999999064082e-01	9.798053132938231435e-01
1.551551553793793801e+02	9.999999999999064082e-01	9.797813207791602474e-01
1.553553555785785818e+02	9.999999999999062972e-01	9.797573542221222898e-01
1.555555557777777835e+02	9.999999999999062972e-01	9.797334135696983415e-01
1.557557559769769853e+02	9.999999999999061862e-01	9.797094987690277978e-01
1.559559561761761870e+02	9.999999999999059641e-01	9.796856097673991570e-01
1.561561563753753887e+02	9.999999999999058531e-01	9.796617465122500201e-01
1.563563565745745905e+02	9.999999999999058531e-01	9.796379089511659810e-01
1.565565567737737922e+02	9.999999999999057421e-01	9.796140970318809593e-01
1.567567569729729655e+02	9.999999999999057421e-01	9.795903107022759793e-01
1.569569571721721672e+02	9.999999999999055200e-01	9.795665499103789475e-01
1.571571573713713690e+02	9.999999999999054090e-01	9.795428146043645423e-01
1.573573575705705707e+02	9.999999999999054090e-01	9.795191047325531031e-01
1.575575577697697724e+02	9.999999999999052980e-01	9.794954202434107415e-01
1.577577579689689742e+02	9.999999999999050759e-01	9.794717610855481205e-01
1.579579581681681759e+02	9.999999999999048539e-01	9.794481272077207867e-01
1.581581583673673777e+02	9.999999999999047429e-01	9.794245185588288383e-01
1.583583585665665794e+02	9.999999999999047429e-01	9.794009350879148146e-01
1.585585587657657811e+02	9.999999999999046318e-01	9.793773767441654732e-01
1.587587589649649829e+02	9.999999999999044098e-01	9.793538434769099021e-01
1.589589591641641562e+02	9.999999999999042988e-01	9.793303352356188540e-01
1.591591593633633579e+02	9.999999999999042988e-01	9.793068519699059671e-01
1.593593595625625596e+02	9.999999999999041878e-01	9.792833936295249897e-01
1.595595597617617614e+02	9.999999999999041878e-01	9.792599601643711127e-01
1.597597599609609631e+02	9.999999999999039657e-01	9.792365515244801921e-01
1.599599601601601648e+02	9.999999999999038547e-01	9.792131676600268619e-01
1.601601603593593666e+02	9.999999999999038547e-01	9.791898085213263103e-01
1.603603605585585683e+02	9.999999999999037437e-01	9.791664740588321703e-01
1.605605607577577700e+02	9.999999999999035216e-01	9.791431642231369636e-01
1.607607609569569718e+02	9.999999999999035216e-01	9.791198789649707690e-01
1.609609611561561735e+02	9.999999999999034106e-01	9.790966182352016656e-01
1.611611613553553468e+02	9.999999999999034106e-01	9.790733819848348451e-01
1.613613615545545485e+02	9.999999999999032996e-01	9.790501701650122790e-01
1.615615617537537503e+02	9.999999999999028555e-01	9.790269827270119407e-01
1.617617619529529520e+02	9.999999999999028555e-01	9.790038196222480282e-01
1.619619621521521537e+02	9.999999999999027445e-01	9.789806808022695206e-01
1.621621623513513555e+02	9.999999999999027445e-01	9.789575662187609550e-01
1.623623625505505572e+02	9.999999999999025224e-01	9.789344758235413169e-01
1.625625627497497590e+02	9.999999999999024114e-01	9.789114095685630401e-01
1.627627629489489607e+02	9.999999999999024114e-01	9.788883674059126738e-01
1.629629631481481624e+02	9.999999999999023004e-01	9.788653492878102158e-01
1.631631633473473642e+02	9.999999999999023004e-01	9.788423551666075584e-01
1.633633635465465375e+02	9.999999999999020783e-01	9.788193849947894876e-01
1.635635637457457392e+02	9.999999999999019673e-01	9.787964387249727949e-01
1.637637639449449409e+02	9.999999999999019673e-01	9.787735163099051672e-01
1.639639641441441427e+02	9.999999999999018563e-01	9.787506177024652976e-01
1.641641643433433444e+02	9.999999999999016342e-01	9.787277428556631076e-01
1.643643645425425461e+02	9.999999999999016342e-01	9.787048917226380818e-01
1.645645647417417479e+02	9.999999999999015232e-01	9.786820642566594897e-01
1.647647649409409496e+02	9.999999999999015232e-01	9.786592604111262750e-01
1.649649651401401513e+02	9.999999999999013012e-01	9.786364801395656121e-01
1.651651653393393531e+02	9.999999999999010791e-01	9.786137233956334613e-01
1.653653655385385548e+02	9.999999999999009681e-01	9.785909901331136806e-01
1.655655657377377565e+02	9.999999999999009681e-01	9.785682803059179147e-01
1.657657659369369298e+02	9.999999999999007461e-01	9.785455938680848176e-01
1.659659661361361316e+02	9.999999999999006350e-01	9.785229307737799420e-01
1.661661663353353333e+02	9.999999999999006350e-01	9.785002909772946289e-01
1.663663665345345350e+02	9.999999999999005240e-01	9.784776744330468956e-01
1.665665667337337368e+02	9.999999999999003020e-01	9.784550810955797706e-01
1.667667669329329385e+02	9.999999999999003020e-01	9.784325109195617376e-01
1.669669671321321403e+02	9.999999999999003020e-01	9.784099638597850701e-01
1.671671673313313420e+02	9.999999999999001910e-01	9.783874398711677189e-01
1.673673675305305437e+02	9.999999999998999689e-01	9.783649389087505366e-01
1.675675677297297455e+02	9.999999999998999689e-01	9.783424609276974993e-01
1.677677679289289472e+02	9.999999999998998579e-01	9.783200058832967061e-01
1.679679681281281205e+02	9.999999999998998579e-01	9.782975737309580477e-01
1.681681683273273222e+02	9.999999999998996358e-01	9.782751644262139834e-01
1.683683685265265240e+02	9.999999999998995248e-01	9.782527779247187638e-01
1.685685687257257257e+02	9.999999999998993028e-01	9.782304141822477650e-01
1.687687689249249274e+02	9.999999999998993028e-01	9.782080731546977104e-01
1.689689691241241292e+02	9.999999999998990807e-01	9.781857547980862266e-01
1.691691693233233309e+02	9.999999999998990807e-01	9.781634590685504005e-01
1.693693695225225326e+02	9.999999999998989697e-01	9.781411859223477778e-01
1.695695697217217344e+02	9.999999999998989697e-01	9.781189353158550315e-01
1.697697699209209361e+02	9.999999999998987477e-01	9.780967072055679612e-01
1.699699701201201378e+02	9.999999999998986366e-01	9.780745015481010496e-01
1.701701703193193111e+02	9.999999999998986366e-01	9.780523183001870180e-01
1.703703705185185129e+02	9.999999999998985256e-01	9.780301574186764935e-01
1.705705707177177146e+02	9.999999999998983036e-01	9.780080188605376756e-01
1.707707709169169163e+02	9.999999999998983036e-01	9.779859025828553376e-01
1.709709711161161181e+02	9.999999999998983036e-01	9.779638085428316030e-01
1.711711713153153198e+02	9.999999999998981925e-01	9.779417366977845028e-01
1.713713715145145216e+02	9.999999999998979705e-01	9.779196870051486412e-01
1.715715717137137233e+02	9.999999999998979705e-01	9.778976594224730867e-01
1.717717719129129250e+02	9.999999999998978595e-01	9.778756539074231480e-01
1.719719721121121268e+02	9.999999999998977485e-01	9.778536704177780425e-01
1.721721723113113285e+02	9.999999999998975264e-01	9.778317089114325622e-01
1.723723725105105018e+02	9.999999999998974154e-01	9.778097693463939644e-01
1.725725727097097035e+02	9.999999999998974154e-01	9.777878516807846365e-01
1.727727729089089053e+02	9.999999999998971933e-01	9.777659558728395428e-01
1.729729731081081070e+02	9.999999999998971933e-01	9.777440818809066680e-01
1.731731733073073087e+02	9.999999999998970823e-01	9.777222296634463516e-01
1.733733735065065105e+02	9.999999999998970823e-01	9.777003991790319537e-01
1.735735737057057122e+02	9.999999999998968603e-01	9.776785903863473015e-01
1.737737739049049139e+02	9.999999999998967493e-01	9.776568032441889100e-01
1.739739741041041157e+02	9.999999999998967493e-01	9.776350377114633172e-01
1.741741743033033174e+02	9.999999999998965272e-01	9.776132937471888606e-01
1.743743745025025191e+02	9.999999999998965272e-01	9.775915713104932347e-01
1.745745747017017209e+02	9.999999999998964162e-01	9.775698703606147122e-01
1.747747749009008942e+02	9.999999999998964162e-01	9.775481908569010336e-01
1.749749751001000959e+02	9.999999999998961941e-01	9.775265327588091857e-01
1.751751752992992976e+02	9.999999999998961941e-01	9.775048960259048458e-01
1.753753754984984994e+02	9.999999999998960831e-01	9.774832806178627154e-01
1.755755756976977011e+02	9.999999999998960831e-01	9.774616864944652983e-01
1.757757758968969029e+02	9.999999999998957501e-01	9.774401136156029013e-01
1.759759760960961046e+02	9.999999999998956390e-01	9.774185619412738557e-01
1.761761762952953063e+02	9.999999999998956390e-01	9.773970314315826302e-01
1.763763764944945081e+02	9.999999999998954170e-01	9.773755220467414961e-01
1.765765766936937098e+02	9.999999999998954170e-01	9.773540337470685291e-01
1.767767768928929115e+02	9.999999999998953060e-01	9.773325664929882750e-01
1.769769770920920848e+02	9.999999999998950839e-01	9.773111202450300850e-01
1.771771772912912866e+02	9.999999999998950839e-01	9.772896949638303354e-01
1.773773774904904883e+02	9.999999999998950839e-01	9.772682906101285427e-01
1.775775776896896900e+02	9.999999999998949729e-01	9.772469071447705824e-01
1.777777778888888918e+02	9.999999999998947509e-01	9.772255445287056919e-01
1.779779780880880935e+02	9.999999999998947509e-01	9.772042027229873584e-01
1.781781782872872952e+02	9.999999999998947509e-01	9.771828816887726532e-01
1.783783784864864970e+02	9.999999999998945288e-01	9.771615813873218981e-01
1.785785786856856987e+02	9.999999999998945288e-01	9.771403017799987767e-01
1.787787788848849004e+02	9.999999999998944178e-01	9.771190428282696683e-01
1.789789790840841022e+02	9.999999999998944178e-01	9.770978044937026485e-01
1.791791792832832755e+02	9.999999999998940847e-01	9.770765867379679337e-01
1.793793794824824772e+02	9.999999999998939737e-01	9.770553895228379915e-01
1.795795796816816789e+02	9.999999999998939737e-01	9.770342128101858759e-01
1.797797798808808807e+02	9.999999999998937517e-01	9.770130565619860041e-01
1.799799800800800824e+02	9.999999999998937517e-01	9.769919207403131578e-01
1.801801802792792842e+02	9.999999999998936406e-01	9.769708053073431486e-01
1.803803804784784859e+02	9.999999999998935296e-01	9.769497102253505982e-01
1.805805806776776876e+02	9.999999999998934186e-01	9.769286354567108255e-01
1.807807808768768894e+02	9.999999999998934186e-01	9.769075809638984031e-01
1.809809810760760911e+02	9.999999999998934186e-01	9.768865467094860477e-01
1.811811812752752928e+02	9.999999999998931965e-01	9.768655326561462848e-01
1.813813814744744661e+02	9.999999999998930855e-01	9.768445387666488955e-01
1.815815816736736679e+02	9.999999999998930855e-01	9.768235650038629148e-01
1.817817818728728696e+02	9.999999999998928635e-01	9.768026113307539671e-01
1.819819820720720713e+02	9.999999999998928635e-01	9.767816777103860426e-01
1.821821822712712731e+02	9.999999999998928635e-01	9.767607641059193879e-01
1.823823824704704748e+02	9.999999999998926414e-01	9.767398704806117271e-01
1.825825826696696765e+02	9.999999999998926414e-01	9.767189967978168186e-01
1.827827828688688783e+02	9.999999999998924194e-01	9.766981430209848991e-01
1.829829830680680800e+02	9.999999999998921973e-01	9.766773091136616847e-01
1.831831832672672817e+02	9.999999999998921973e-01	9.766564950394884814e-01
1.833833834664664835e+02	9.999999999998920863e-01	9.766357007622019637e-01
1.835835836656656852e+02	9.999999999998920863e-01	9.766149262456336189e-01
1.837837838648648585e+02	9.999999999998918643e-01	9.765941714537099694e-01
1.839839840640640602e+02	9.999999999998918643e-01	9.765734363504505744e-01
1.841841842632632620e+02	9.999999999998918643e-01	9.765527208999705833e-01
1.843843844624624637e+02	9.999999999998916422e-01	9.765320250664775159e-01
1.845845846616616655e+02	9.999999999998916422e-01	9.765113488142732612e-01
1.847847848608608672e+02	9.999999999998915312e-01	9.764906921077517454e-01
1.849849850600600689e+02	9.999999999998914202e-01	9.764700549114007089e-01
1.851851852592592707e+02	9.999999999998913092e-01	9.764494371897994851e-01
1.853853854584584724e+02	9.999999999998913092e-01	9.764288389076202224e-01
1.855855856576576741e+02	9.999999999998910871e-01	9.764082600296265513e-01
1.857857858568568759e+02	9.999999999998910871e-01	9.763877005206738069e-01
1.859859860560560492e+02	9.999999999998910871e-01	9.763671603457086956e-01
1.861861862552552509e+02	9.999999999998908651e-01	9.763466394697685180e-01
1.863863864544544526e+02	9.999999999998906430e-01	9.763261378579816130e-01
1.865865866536536544e+02	9.999999999998906430e-01	9.763056554755668026e-01
1.867867868528528561e+02	9.999999999998904210e-01	9.762851922878326150e-01
1.869869870520520578e+02	9.999999999998904210e-01	9.762647482601773952e-01
1.871871872512512596e+02	9.999999999998904210e-01	9.762443233580897495e-01
1.873873874504504613e+02	9.999999999998901989e-01	9.762239175471465469e-01
1.875875876496496630e+02	9.999999999998901989e-01	9.762035307930139183e-01
1.877877878488488648e+02	9.999999999998900879e-01	9.761831630614469235e-01
1.879879880480480665e+02	9.999999999998899769e-01	9.761628143182887740e-01
1.881881882472472398e+02	9.999999999998898659e-01	9.761424845294706110e-01
1.883883884464464415e+02	9.999999999998898659e-01	9.761221736610119493e-01
1.885885886456456433e+02	9.999999999998896438e-01	9.761018816790187902e-01
1.887887888448448450e+02	9.999999999998896438e-01	9.760816085496852867e-01
1.889889890440440468e+02	9.999999999998896438e-01	9.760613542392923003e-01
1.891891892432432485e+02	9.999999999998894218e-01	9.760411187142071787e-01
1.893893894424424502e+02	9.999999999998894218e-01	9.760209019408836451e-01
1.895895896416416520e+02	9.999999999998893108e-01	9.760007038858617978e-01
1.897897898408408537e+02	9.999999999998891997e-01	9.759805245157675557e-01
1.899899900400400554e+02	9.999999999998889777e-01	9.759603637973118806e-01
1.901901902392392572e+02	9.999999999998889777e-01	9.759402216972917765e-01
1.903903904384384305e+02	9.999999999998887557e-01	9.759200981825885135e-01
1.905905906376376322e+02	9.999999999998887557e-01	9.758999932201689598e-01
1.907907908368368339e+02	9.999999999998887557e-01	9.758799067770833613e-01
1.909909910360360357e+02	9.999999999998885336e-01	9.758598388204673402e-01
1.911911912352352374e+02	9.999999999998885336e-01	9.758397893175395632e-01
1.913913914344344391e+02	9.999999999998884226e-01	9.758197582356025190e-01
1.915915916336336409e+02	9.999999999998883116e-01	9.757997455420424071e-01
1.917917918328328426e+02	9.999999999998883116e-01	9.757797512043281385e-01
1.919919920320320443e+02	9.999999999998882005e-01	9.757597751900120020e-01
1.921921922312312461e+02	9.999999999998880895e-01	9.757398174667283319e-01
1.923923924304304478e+02	9.999999999998879785e-01	9.757198780021940632e-01
1.925925926296296495e+02	9.999999999998879785e-01	9.756999567642080651e-01
1.927927928288288228e+02	9.999999999998878675e-01	9.756800537206511414e-01
1.929929930280280246e+02	9.999999999998877565e-01	9.756601688394858085e-01
1.931931932272272263e+02	9.999999999998877565e-01	9.756403020887550737e-01
1.933933934264264281e+02	9.999999999998874234e-01	9.756204534365837677e-01
1.935935936256256298e+02	9.999999999998874234e-01	9.756006228511775458e-01
1.937937938248248315e+02	9.999999999998873124e-01	9.755808103008217769e-01
1.939939940240240333e+02	9.999999999998872013e-01	9.755610157538827654e-01
1.941941942232232350e+02	9.999999999998872013e-01	9.755412391788065296e-01
1.943943944224224367e+02	9.999999999998869793e-01	9.755214805441188020e-01
1.945945946216216385e+02	9.999999999998869793e-01	9.755017398184250288e-01
1.947947948208208402e+02	9.999999999998868683e-01	9.754820169704094823e-01
1.949949950200200135e+02	9.999999999998867573e-01	9.754623119688358157e-01
1.951951952192192152e+02	9.999999999998867573e-01	9.754426247825462859e-01
1.953953954184184170e+02	9.999999999998866462e-01	9.754229553804611985e-01
1.955955956176176187e+02	9.999999999998865352e-01	9.754033037315797960e-01
1.957957958168168204e+02	9.999999999998865352e-01	9.753836698049789256e-01
1.959959960160160222e+02	9.999999999998864242e-01	9.753640535698130387e-01
1.961961962152152239e+02	9.999999999998863132e-01	9.753444549953143028e-01
1.963963964144144256e+02	9.999999999998862021e-01	9.753248740507919345e-01
1.965965966136136274e+02	9.999999999998862021e-01	9.753053107056325333e-01
1.967967968128128291e+02	9.999999999998860911e-01	9.752857649292988595e-01
1.969969970120120308e+02	9.999999999998858691e-01	9.752662366913303904e-01
1.971971972112112041e+02	9.999999999998857581e-01	9.752467259613433193e-01
1.973973974104104059e+02	9.999999999998856470e-01	9.752272327090293347e-01
1.975975976096096076e+02	9.999999999998856470e-01	9.752077569041557314e-01
1.977977978088088094e+02	9.999999999998854250e-01	9.751882985165661877e-01
1.979979980080080111e+02	9.999999999998854250e-01	9.751688575161787664e-01
1.981981982072072128e+02	9.999999999998854250e-01	9.751494338729871370e-01
1.983983984064064146e+02	9.999999999998852029e-01	9.751300275570597975e-01
1.985985986056056163e+02	9.999999999998852029e-01	9.751106385385394093e-01
1.987987988048048180e+02	9.999999999998852029e-01	9.750912667876434625e-01
1.989989990040040198e+02	9.999999999998849809e-01	9.750719122746632772e-01
1.991991992032032215e+02	9.999999999998849809e-01	9.750525749699642253e-01
1.993993994024023948e+02	9.999999999998848699e-01	9.750332548439851754e-01
1.995995996016015965e+02	9.999999999998847589e-01	9.750139518672387151e-01
1.997997998008007983e+02	9.999999999998847589e-01	9.749946660103102625e-01
2.000000000000000000e+02	9.999999999998846478e-01	9.749753972438581773e-01
