1.000000000000000021e-03	2.207635538076055326e+01	5.297879974904188316e+01
1.611591591591591544e-01	1.738823182496159747e+00	1.018891964721182930e+00
3.213183183183183078e-01	1.231325956047939263e+00	7.033762677688440990e-01
4.814774774774774890e-01	1.005797714421113653e+00	5.693867865394511840e-01
6.416366366366366147e-01	8.711880396952927930e-01	4.908555105964556020e-01
8.017957957957957404e-01	7.792600910454492436e-01	4.377514205533237224e-01
9.619549549549549772e-01	7.113687569942372946e-01	3.987733684687579383e-01
1.122114114114113992e+00	6.585844430501609503e-01	3.685947831874936687e-01
1.282273273273273118e+00	6.160238148996598495e-01	3.443338533857336903e-01
1.442432432432432243e+00	5.807615643110889403e-01	3.242776010963649980e-01
1.602591591591591369e+00	5.509243607305410739e-01	3.073354826984045496e-01
1.762750750750750495e+00	5.252496171210581100e-01	2.927758723893493786e-01
1.922909909909909842e+00	5.028512268329256019e-01	2.800872034400766486e-01
2.083069069069068746e+00	4.830865250939616606e-01	2.688995832688905185e-01
2.243228228228228094e+00	4.654765384076388068e-01	2.589380362758209042e-01
2.403387387387386998e+00	4.496560047254130610e-01	2.499933213886862404e-01
2.563546546546546345e+00	4.353408630874393004e-01	2.419030158703420197e-01
2.723705705705705693e+00	4.223064265933033079e-01	2.345388532257414171e-01
2.883864864864864597e+00	4.103723230986785486e-01	2.277980098312807899e-01
3.044024024024023944e+00	3.993918557515730994e-01	2.215969629150557063e-01
3.204183183183182848e+00	3.892443278097127979e-01	2.158670686893124635e-01
3.364342342342342196e+00	3.798294026578345473e-01	2.105513188291218696e-01
3.524501501501501100e+00	3.710628905140758715e-01	2.056019213149857250e-01
3.684660660660660447e+00	3.628735540310273344e-01	2.009784689434934712e-01
3.844819819819819795e+00	3.552006538354139376e-01	1.966465339149369163e-01
4.004978978978979143e+00	3.479920396179351227e-01	1.925765760977606600e-01
4.165138138138138046e+00	3.412026490237738408e-01	1.887430854506318700e-01
4.325297297297297838e+00	3.347933152283069091e-01	1.851239014711986708e-01
4.485456456456456742e+00	3.287298108783049955e-01	1.816996680432461375e-01
4.645615615615615646e+00	3.229820749497890331e-01	1.784533929552615805e-01
4.805774774774774549e+00	3.175235825512904286e-01	1.753700891383474791e-01
4.965933933933934341e+00	3.123308274523277639e-01	1.724364802893936510e-01
5.126093093093093245e+00	3.073828942568224143e-01	1.696407576541197060e-01
5.286252252252252148e+00	3.026611024275774331e-01	1.669723777833268252e-01
5.446411411411411940e+00	2.981487083226928569e-01	1.644218933466275734e-01
5.606570570570570844e+00	2.938306543920216618e-01	1.619808108016250192e-01
5.766729729729729748e+00	2.896933569586376822e-01	1.596414700215211535e-01
5.926888888888888651e+00	2.857245257604581479e-01	1.573969419864161834e-01
6.087048048048048443e+00	2.819130097832057702e-01	1.552409414195151105e-01
6.247207207207207347e+00	2.782486649744488894e-01	1.531677518547340799e-01
6.407366366366366250e+00	2.747222402606330771e-01	1.511721610976945185e-01
6.567525525525526042e+00	2.713252789475927296e-01	1.492494054181477958e-01
6.727684684684684946e+00	2.680500331095167499e-01	1.473951211111700355e-01
6.887843843843843850e+00	2.648893889915338584e-01	1.456053023041073702e-01
7.048003003003002753e+00	2.618368017896364752e-01	1.438762640792229652e-01
7.208162162162162545e+00	2.588862384459018617e-01	1.422046101382264949e-01
7.368321321321321449e+00	2.560321273202582071e-01	1.405872043620057521e-01
7.528480480480480352e+00	2.532693137827314311e-01	1.390211457228499314e-01
7.688639639639640144e+00	2.505930209202744674e-01	1.375037460918769883e-01
7.848798798798799048e+00	2.479988146762655277e-01	1.360325105548741975e-01
8.008957957957957063e+00	2.454825728435606480e-01	1.346051199081882421e-01
8.169117117117115967e+00	2.430404574175681343e-01	1.332194150549230183e-01
8.329276276276274871e+00	2.406688898873374505e-01	1.318733830623229908e-01
8.489435435435433774e+00	2.383645291026542101e-01	1.305651446752815747e-01
8.649594594594594454e+00	2.361242514056450248e-01	1.292929431095798942e-01
8.809753753753753358e+00	2.339451327580641671e-01	1.280551339726669624e-01
8.969912912912912262e+00	2.318244326315984372e-01	1.268501761803026984e-01
9.130072072072071165e+00	2.297595794592742213e-01	1.256766237548160026e-01
9.290231231231230069e+00	2.277481574722716451e-01	1.245331184055939316e-01
9.450390390390388973e+00	2.257878947688788940e-01	1.234183828051235304e-01
9.610549549549547876e+00	2.238766524815585246e-01	1.223312144848076877e-01
9.770708708708708556e+00	2.220124149246413547e-01	1.212704802841442220e-01
9.930867867867867460e+00	2.201932806194342729e-01	1.202351112949373441e-01
1.009102702702702636e+01	2.184174541058617192e-01	1.192240982491914320e-01
1.025118618618618527e+01	2.166832384604540085e-01	1.182364873053882576e-01
1.041134534534534417e+01	2.149890284497809889e-01	1.172713761931022808e-01
1.057150450450450307e+01	2.133333042565179472e-01	1.163279106804833152e-01
1.073166366366366198e+01	2.117146257223875838e-01	1.154052813331267885e-01
1.089182282282282266e+01	2.101316270583934998e-01	1.145027205363410155e-01
1.105198198198198156e+01	2.085830119781693359e-01	1.136194997558789832e-01
1.121214114114114047e+01	2.070675492150180763e-01	1.127549270148856253e-01
1.137230030030029937e+01	2.055840683873944863e-01	1.119083445671738564e-01
1.153245945945945827e+01	2.041314561812679895e-01	1.110791267490236073e-01
1.169261861861861718e+01	2.027086528210565453e-01	1.102666779935358721e-01
1.185277777777777608e+01	2.013146488037020065e-01	1.094704309931995856e-01
1.201293693693693676e+01	1.999484818730064561e-01	1.086898449977701242e-01
1.217309609609609566e+01	1.986092342136166755e-01	1.079244042358363936e-01
1.233325525525525457e+01	1.972960298460561812e-01	1.071736164495913218e-01
1.249341441441441347e+01	1.960080322059994107e-01	1.064370115333321681e-01
1.265357357357357238e+01	1.947444418925825260e-01	1.057141402671213093e-01
1.281373273273273128e+01	1.935044945719752441e-01	1.050045731378437819e-01
1.297389189189189018e+01	1.922874590237176606e-01	1.043078992406207689e-01
1.313405105105105086e+01	1.910926353184720095e-01	1.036237252541838266e-01
1.329421021021020977e+01	1.899193531168682780e-01	1.029516744843956971e-01
1.345436936936936867e+01	1.887669700800463091e-01	1.022913859706239686e-01
1.361452852852852757e+01	1.876348703833292664e-01	1.016425136501433318e-01
1.377468768768768648e+01	1.865224633252116626e-01	1.010047255761642171e-01
1.393484684684684538e+01	1.854291820245210776e-01	1.003777031854665991e-01
1.409500600600600428e+01	1.843544821992237903e-01	9.976114061196172944e-02
1.425516516516516496e+01	1.832978410208945530e-01	9.915474404281568455e-02
1.441532432432432387e+01	1.822587560393725270e-01	9.855823111404998782e-02
1.457548348348348277e+01	1.812367441725760697e-01	9.797133034278981967e-02
1.473564264264264168e+01	1.802313407568615633e-01	9.739378059356169903e-02
1.489580180180180058e+01	1.792420986536834571e-01	9.682533057625310191e-02
1.505596096096095948e+01	1.782685874086528399e-01	9.626573837353707974e-02
1.521612012012011839e+01	1.773103924594003067e-01	9.571477099573941216e-02
1.537627927927927907e+01	1.763671143889307402e-01	9.517220396128431292e-02
1.553643843843843797e+01	1.754383682214137041e-01	9.463782090099916167e-02
1.569659759759759687e+01	1.745237827575885636e-01	9.411141318469064265e-02
1.585675675675675578e+01	1.736229999471772256e-01	9.359277956852592173e-02
1.601691591591591646e+01	1.727356742958925662e-01	9.308172586186201636e-02
1.617707507507507714e+01	1.718614723048121073e-01	9.257806461226827932e-02
1.633723423423423426e+01	1.710000719400485980e-01	9.208161480757892647e-02
1.649739339339339494e+01	1.701511621308019750e-01	9.159220159389802607e-02
1.665755255255255207e+01	1.693144422940144889e-01	9.110965600855690238e-02
1.681771171171171275e+01	1.684896218839786741e-01	9.063381472709565456e-02
1.697787087087086988e+01	1.676764199653644483e-01	9.016451982340659144e-02
1.713803003003003056e+01	1.668745648082398669e-01	8.970161854223751563e-02
1.729818918918919124e+01	1.660837935037588198e-01	8.924496308330935601e-02
1.745834834834834837e+01	1.653038515992805713e-01	8.879441039635325994e-02
1.761850750750750905e+01	1.645344927517705669e-01	8.834982198642038487e-02
1.777866666666666617e+01	1.637754783984098073e-01	8.791106372886146880e-02
1.793882582582582685e+01	1.630265774434118409e-01	8.747800569341297738e-02
1.809898498498498398e+01	1.622875659601133447e-01	8.705052197686530269e-02
1.825914414414414466e+01	1.615582269074655464e-01	8.662849054382194824e-02
1.841930330330330534e+01	1.608383498601110295e-01	8.621179307509151124e-02
1.857946246246246247e+01	1.601277307512829207e-01	8.580031482328363823e-02
1.873962162162162315e+01	1.594261716278130292e-01	8.539394447520776144e-02
1.889978078078078028e+01	1.587334804165804192e-01	8.499257402069897160e-02
1.905993993993994096e+01	1.580494707017742750e-01	8.459609862751919784e-02
1.922009909909909808e+01	1.573739615123843361e-01	8.420441652200374993e-02
1.938025825825825876e+01	1.567067771193684234e-01	8.381742887514395668e-02
1.954041741741741944e+01	1.560477468419802505e-01	8.343503969381563246e-02
1.970057657657657657e+01	1.553967048627729886e-01	8.305715571688071508e-02
1.986073573573573725e+01	1.547534900508225897e-01	8.268368631590614082e-02
2.002089489489489438e+01	1.541179457927427943e-01	8.231454340025939898e-02
2.018105405405405506e+01	1.534899198310892832e-01	8.194964132635432219e-02
2.034121321321321219e+01	1.528692641097738891e-01	8.158889681083440759e-02
2.050137237237237287e+01	1.522558346261324302e-01	8.123222884749325967e-02
2.066153153153153355e+01	1.516494912893102120e-01	8.087955862774336147e-02
2.082169069069069067e+01	1.510500977846489234e-01	8.053080946445552446e-02
2.098184984984985135e+01	1.504575214437762487e-01	8.018590671900137357e-02
2.114200900900900848e+01	1.498716331201176699e-01	7.984477773134077139e-02
2.130216816816816916e+01	1.492923070695638954e-01	7.950735175300525925e-02
2.146232732732732629e+01	1.487194208360447245e-01	7.917355988283651669e-02
2.162248648648648697e+01	1.481528551417714279e-01	7.884333500534708439e-02
2.178264564564564765e+01	1.475924937819252103e-01	7.851661173157785389e-02
2.194280480480480477e+01	1.470382235235798696e-01	7.819332634233339130e-02
2.210296396396396545e+01	1.464899340086588675e-01	7.787341673368312900e-02
2.226312312312312258e+01	1.459475176607384905e-01	7.755682236462227430e-02
2.242328228228228326e+01	1.454108695955171615e-01	7.724348420679169602e-02
2.258344144144144039e+01	1.448798875347829251e-01	7.693334469616214255e-02
2.274360060060060107e+01	1.443544717237175423e-01	7.662634768659223883e-02
2.290375975975976175e+01	1.438345248513861196e-01	7.632243840517539957e-02
2.306391891891891888e+01	1.433199519742678896e-01	7.602156340929441813e-02
2.322407807807807956e+01	1.428106604426915560e-01	7.572367054530727837e-02
2.338423723723723668e+01	1.423065598300460866e-01	7.542870890879128931e-02
2.354439639639639736e+01	1.418075618646434943e-01	7.513662880627658414e-02
2.370455555555555449e+01	1.413135803641174804e-01	7.484738171840363274e-02
2.386471471471471517e+01	1.408245311722468307e-01	7.456092026444215148e-02
2.402487387387387585e+01	1.403403320980984026e-01	7.427719816811277631e-02
2.418503303303303298e+01	1.398609028573897795e-01	7.399617022465497518e-02
2.434519219219219366e+01	1.393861650159766152e-01	7.371779226908803384e-02
2.450535135135135079e+01	1.389160419353738518e-01	7.344202114561430850e-02
2.466551051051051147e+01	1.384504587202255443e-01	7.316881467811639506e-02
2.482566966966966859e+01	1.379893421676408050e-01	7.289813164170229343e-02
2.498582882882882927e+01	1.375326207183182603e-01	7.262993173525499058e-02
2.514598798798798995e+01	1.370802244093852207e-01	7.236417555494455145e-02
2.530614714714714708e+01	1.366320848288800349e-01	7.210082456866329093e-02
2.546630630630630776e+01	1.361881350718114891e-01	7.183984109134608498e-02
2.562646546546546489e+01	1.357483096977301629e-01	7.158118826113998856e-02
2.578662462462462557e+01	1.353125446897511519e-01	7.132483001638856290e-02
2.594678378378378270e+01	1.348807774149695105e-01	7.107073107339852147e-02
2.610694294294294338e+01	1.344529465862132345e-01	7.081885690495708097e-02
2.626710210210210406e+01	1.340289922250802734e-01	7.056917371957055485e-02
2.642726126126126118e+01	1.336088556262090832e-01	7.032164844139555948e-02
2.658742042042042186e+01	1.331924793227344250e-01	7.007624869083566022e-02
2.674757957957957899e+01	1.327798070528821706e-01	6.983294276577770021e-02
2.690773873873873967e+01	1.323707837276589527e-01	6.959169962344280425e-02
2.706789789789789680e+01	1.319653553995946138e-01	6.935248886282856240e-02
2.722805705705705748e+01	1.315634692324969268e-01	6.911528070771967569e-02
2.738821621621621816e+01	1.311650734721802325e-01	6.888004599024546981e-02
2.754837537537537528e+01	1.307701174181312709e-01	6.864675613496359907e-02
2.770853453453453596e+01	1.303785513960765974e-01	6.841538314344999816e-02
2.786869369369369309e+01	1.299903267314182209e-01	6.818589957937648549e-02
2.802885285285285377e+01	1.296053957235048515e-01	6.795827855405744966e-02
2.818901201201201090e+01	1.292237116207081704e-01	6.773249371244863259e-02
2.834917117117117158e+01	1.288452285962743971e-01	6.750851921958121726e-02
2.850933033033033226e+01	1.284699017249225639e-01	6.728632974741537154e-02
2.866948948948948939e+01	1.280976869601629098e-01	6.706590046209789935e-02
2.882964864864865007e+01	1.277285411123088299e-01	6.684720701160958012e-02
2.898980780780780719e+01	1.273624218271576514e-01	6.663022551378797176e-02
2.914996696696696787e+01	1.269992875653164210e-01	6.641493254471238228e-02
2.931012612612612500e+01	1.266390975821495291e-01	6.620130512743821471e-02
2.947028528528528568e+01	1.262818119083264634e-01	6.598932072106805657e-02
2.963044444444444636e+01	1.259273913309483794e-01	6.577895721014792585e-02
2.979060360360360349e+01	1.255757973752333334e-01	6.557019289437727994e-02
2.995076276276276417e+01	1.252269922867404739e-01	6.536300647862168522e-02
3.011092192192192130e+01	1.248809390141151637e-01	6.515737706321786393e-02
3.027108108108108198e+01	1.245376011923363946e-01	6.495328413456094574e-02
3.043124024024023910e+01	1.241969431264496743e-01	6.475070755596440408e-02
3.059139939939939978e+01	1.238589297757688723e-01	6.454962755878314307e-02
3.075155855855856046e+01	1.235235267385308700e-01	6.435002473379104748e-02
3.091171771771771759e+01	1.231907002369880405e-01	6.415188002280435009e-02
3.107187687687687827e+01	1.228604171029236275e-01	6.395517471054247560e-02
3.123203603603603540e+01	1.225326447635762539e-01	6.375989041671858981e-02
3.139219519519519608e+01	1.222073512279593654e-01	6.356600908835217945e-02
3.155235435435435321e+01	1.218845050735634095e-01	6.337351299229625201e-02
3.171251351351351389e+01	1.215640754334273294e-01	6.318238470797214734e-02
3.187267267267267101e+01	1.212460319835679812e-01	6.299260712030532727e-02
3.203283183183182814e+01	1.209303449307552736e-01	6.280416341285534332e-02
3.219299099099098527e+01	1.206169850006223315e-01	6.261703706113384837e-02
3.235315015015014950e+01	1.203059234260995258e-01	6.243121182610463643e-02
3.251330930930930663e+01	1.199971319361621408e-01	6.224667174785979140e-02
3.267346846846846375e+01	1.196905827448817294e-01	6.206340113946632459e-02
3.283362762762762088e+01	1.193862485407713586e-01	6.188138458097795780e-02
3.299378678678678511e+01	1.190841024764156125e-01	6.170060691360680638e-02
3.315394594594594224e+01	1.187841181583764033e-01	6.152105323404995912e-02
3.331410510510509937e+01	1.184862696373656932e-01	6.134270888896601465e-02
3.347426426426426360e+01	1.181905313986772593e-01	6.116555946959705004e-02
3.363442342342342073e+01	1.178968783528692166e-01	6.098959080653145598e-02
3.379458258258257786e+01	1.176052858266894430e-01	6.081478896460321831e-02
3.395474174174173498e+01	1.173157295542367334e-01	6.064114023792362834e-02
3.411490090090089922e+01	1.170281856683503541e-01	6.046863114504119618e-02
3.427506006006005634e+01	1.167426306922210860e-01	6.029724842422603398e-02
3.443521921921921347e+01	1.164590415312168614e-01	6.012697902887480933e-02
3.459537837837837770e+01	1.161773954649169133e-01	5.995781012303270929e-02
3.475553753753753483e+01	1.158976701393478193e-01	5.978972907702896633e-02
3.491569669669669196e+01	1.156198435594156665e-01	5.962272346322234490e-02
3.507585585585584909e+01	1.153438940815282726e-01	5.945678105185361884e-02
3.523601501501501332e+01	1.150698004064021479e-01	5.929188980700163258e-02
3.539617417417417045e+01	1.147975415720484671e-01	5.912803788264005961e-02
3.555633333333332757e+01	1.145270969469330269e-01	5.896521361879172862e-02
3.571649249249249181e+01	1.142584462233048603e-01	5.880340553777792245e-02
3.587665165165164893e+01	1.139915694106890115e-01	5.864260234055965887e-02
3.603681081081080606e+01	1.137264468295382941e-01	5.848279290316842766e-02
3.619696996996996319e+01	1.134630591050395931e-01	5.832396627322377486e-02
3.635712912912912742e+01	1.132013871610706018e-01	5.816611166653522236e-02
3.651728828828828455e+01	1.129414122143021920e-01	5.800921846378616353e-02
3.667744744744744168e+01	1.126831157684425322e-01	5.785327620729738274e-02
3.683760660660660591e+01	1.124264796086190954e-01	5.769827459786792262e-02
3.699776576576576304e+01	1.121714857958943518e-01	5.754420349169121762e-02
3.715792492492492016e+01	1.119181166619116485e-01	5.739105289734418303e-02
3.731808408408407729e+01	1.116663548036675030e-01	5.723881297284751091e-02
3.747824324324324152e+01	1.114161830784068524e-01	5.708747402279493177e-02
3.763840240240239865e+01	1.111675845986379030e-01	5.693702649554971407e-02
3.779856156156155578e+01	1.109205427272631356e-01	5.678746098050638930e-02
3.795872072072072001e+01	1.106750410728234296e-01	5.663876820541610679e-02
3.811887987987987714e+01	1.104310634848521405e-01	5.649093903377366832e-02
3.827903903903903426e+01	1.101885940493362026e-01	5.634396446226475758e-02
3.843919819819819139e+01	1.099476170842811767e-01	5.619783561827160212e-02
3.859935735735735562e+01	1.097081171353776891e-01	5.605254375743553424e-02
3.875951651651651275e+01	1.094700789717664574e-01	5.590808026127495889e-02
3.891967567567566988e+01	1.092334875818989637e-01	5.576443663485716740e-02
3.907983483483483411e+01	1.089983281694918427e-01	5.562160450452262317e-02
3.923999399399399124e+01	1.087645861495718513e-01	5.547957561566035922e-02
3.940015315315314837e+01	1.085322471446094617e-01	5.533834183053296801e-02
3.956031231231230549e+01	1.083012969807384818e-01	5.519789512615014271e-02
3.972047147147146973e+01	1.080717216840597350e-01	5.505822759218925028e-02
3.988063063063062685e+01	1.078435074770262431e-01	5.491933142896186087e-02
4.004078978978978398e+01	1.076166407749080400e-01	5.478119894542495677e-02
4.020094894894894821e+01	1.073911081823345354e-01	5.464382255723571058e-02
4.036110810810810534e+01	1.071668964899123166e-01	5.450719478484873648e-02
4.052126726726726247e+01	1.069439926709166017e-01	5.437130825165459314e-02
4.068142642642641960e+01	1.067223838780542028e-01	5.423615568215862937e-02
4.084158558558558383e+01	1.065020574402965048e-01	5.410172990019907618e-02
4.100174474474474096e+01	1.062830008597804715e-01	5.396802382720343461e-02
4.116190390390389808e+01	1.060652018087759746e-01	5.383503048048202122e-02
4.132206306306306232e+01	1.058486481267177926e-01	5.370274297155805399e-02
4.148222222222221944e+01	1.056333278173007262e-01	5.357115450453302924e-02
4.164238138138137657e+01	1.054192290456361092e-01	5.344025837448672378e-02
4.180254054054053370e+01	1.052063401354683819e-01	5.331004796591085754e-02
4.196269969969969793e+01	1.049946495664499935e-01	5.318051675117563964e-02
4.212285885885885506e+01	1.047841459714734108e-01	5.305165828902835834e-02
4.228301801801801219e+01	1.045748181340586391e-01	5.292346622312317506e-02
4.244317717717717642e+01	1.043666549857951292e-01	5.279593428058149129e-02
4.260333633633633355e+01	1.041596456038364898e-01	5.266905627058199313e-02
4.276349549549549067e+01	1.039537792084467838e-01	5.254282608297975582e-02
4.292365465465464780e+01	1.037490451605974084e-01	5.241723768695362440e-02
4.308381381381381203e+01	1.035454329596128542e-01	5.229228512968127351e-02
4.324397297297296916e+01	1.033429322408646878e-01	5.216796253504121100e-02
4.340413213213212629e+01	1.031415327735121790e-01	5.204426410234110068e-02
4.356429129129129052e+01	1.029412244582886965e-01	5.192118410507176596e-02
4.372445045045044765e+01	1.027419973253328178e-01	5.179871688968631233e-02
4.388460960960960477e+01	1.025438415320627239e-01	5.167685687440369546e-02
4.404476876876876190e+01	1.023467473610934625e-01	5.155559854803620085e-02
4.420492792792792613e+01	1.021507052181954006e-01	5.143493646884030046e-02
4.436508708708708326e+01	1.019557056302935333e-01	5.131486526339026910e-02
4.452524624624624039e+01	1.017617392435061358e-01	5.119537962547407450e-02
4.468540540540540462e+01	1.015687968212222181e-01	5.107647431501100010e-02
4.484556456456456175e+01	1.013768692422167966e-01	5.095814415699057021e-02
4.500572372372371888e+01	1.011859474988029001e-01	5.084038404043211140e-02
4.516588288288287600e+01	1.009960226950198381e-01	5.072318891736467966e-02
4.532604204204204024e+01	1.008070860448565531e-01	5.060655380182677021e-02
4.548620120120119736e+01	1.006191288705094444e-01	5.049047376888534527e-02
4.564636036036035449e+01	1.004321426006737489e-01	5.037494395367381889e-02
4.580651951951951872e+01	1.002461187688678951e-01	5.025995955044847141e-02
4.596667867867867585e+01	1.000610490117900125e-01	5.014551581166298150e-02
4.612683783783783298e+01	9.987692506770558254e-02	5.003160804706058284e-02
4.628699699699699011e+01	9.969373877486611968e-02	4.991823162278346410e-02
4.644715615615615434e+01	9.951148206995757972e-02	4.980538196049908578e-02
4.660731531531531147e+01	9.933014698657828545e-02	4.969305453654292853e-02
4.676747447447446859e+01	9.914972565374542690e-02	4.958124488107743671e-02
4.692763363363363283e+01	9.897021029442963636e-02	4.946994857726669248e-02
4.708779279279278995e+01	9.879159322411698585e-02	4.935916126046649421e-02
4.724795195195194708e+01	9.861386684939781044e-02	4.924887861742958950e-02
4.740811111111110421e+01	9.843702366658174663e-02	4.913909638552554915e-02
4.756827027027026844e+01	9.826105626033837526e-02	4.902981035197515741e-02
4.772842942942942557e+01	9.808595730236313592e-02	4.892101635309891589e-02
4.788858858858858270e+01	9.791171955006752747e-02	4.881271027357928644e-02
4.804874774774774693e+01	9.773833584529353913e-02	4.870488804573646496e-02
4.820890690690690406e+01	9.756579911305152120e-02	4.859754564881745009e-02
4.836906606606606118e+01	9.739410236028095413e-02	4.849067910829790717e-02
4.852922522522521831e+01	9.722323867463383840e-02	4.838428449519682067e-02
4.868938438438438254e+01	9.705320122328005283e-02	4.827835792540342147e-02
4.884954354354353967e+01	9.688398325173429304e-02	4.817289555901631964e-02
4.900970270270269680e+01	9.671557808270397905e-02	4.806789359969442649e-02
4.916986186186186103e+01	9.654797911495795193e-02	4.796334829401952687e-02
4.933002102102101816e+01	9.638117982221536262e-02	4.785925593087024532e-02
4.949018018018017528e+01	9.621517375205421163e-02	4.775561284080710039e-02
4.965033933933933241e+01	9.604995452483937324e-02	4.765241539546841154e-02
4.981049849849849664e+01	9.588551583266961831e-02	4.754966000697698897e-02
4.997065765765765377e+01	9.572185143834305299e-02	4.744734312735716941e-02
5.013081681681681090e+01	9.555895517434084829e-02	4.734546124796210065e-02
5.029097597597597513e+01	9.539682094182877492e-02	4.724401089891109434e-02
5.045113513513513226e+01	9.523544270967615466e-02	4.714298864853671417e-02
5.061129429429428939e+01	9.507481451349181212e-02	4.704239110284152287e-02
5.077145345345344651e+01	9.491493045467692957e-02	4.694221490496418986e-02
5.093161261261261075e+01	9.475578469949409721e-02	4.684245673465490395e-02
5.109177177177176787e+01	9.459737147815262814e-02	4.674311330775973716e-02
5.125193093093092500e+01	9.443968508390927774e-02	4.664418137571386958e-02
5.141209009009008923e+01	9.428271987218475592e-02	4.654565772504352245e-02
5.157224924924924636e+01	9.412647025969506087e-02	4.644753917687635680e-02
5.173240840840840349e+01	9.397093072359773147e-02	4.634982258646016401e-02
5.189256756756756062e+01	9.381609580065244924e-02	4.625250484268979279e-02
5.205272672672672485e+01	9.366196008639612880e-02	4.615558286764200047e-02
5.221288588588588198e+01	9.350851823433159460e-02	4.605905361611813825e-02
5.237304504504503910e+01	9.335576495513014939e-02	4.596291407519458028e-02
5.253320420420420334e+01	9.320369501584735428e-02	4.586716126378060504e-02
5.269336336336336046e+01	9.305230323915214541e-02	4.577179223218369453e-02
5.285352252252251759e+01	9.290158450256845446e-02	4.567680406168202895e-02
5.301368168168167472e+01	9.275153373772973553e-02	4.558219386410414936e-02
5.317384084084083895e+01	9.260214592964575997e-02	4.548795878141545512e-02
5.333399999999999608e+01	9.245341611598144327e-02	4.539409598531166101e-02
5.349415915915915321e+01	9.230533938634759294e-02	4.530060267681877695e-02
5.365431831831831744e+01	9.215791088160335542e-02	4.520747608589976291e-02
5.381447747747747457e+01	9.201112579317004270e-02	4.511471347106758845e-02
5.397463663663663169e+01	9.186497936235607509e-02	4.502231211900453722e-02
5.413479579579578882e+01	9.171946687969313727e-02	4.493026934418776347e-02
5.429495495495495305e+01	9.157458368428274265e-02	4.483858248852086448e-02
5.445511411411411018e+01	9.143032516315383051e-02	4.474724892097144829e-02
5.461527327327326731e+01	9.128668675063028592e-02	4.465626603721446763e-02
5.477543243243243154e+01	9.114366392770890946e-02	4.456563125928133390e-02
5.493559159159158867e+01	9.100125222144728188e-02	4.447534203521464474e-02
5.509575075075074579e+01	9.085944720436137101e-02	4.438539583872837258e-02
5.525590990990990292e+01	9.071824449383276978e-02	4.429579016887352783e-02
5.541606906906906715e+01	9.057763975152546831e-02	4.420652254970904721e-02
5.557622822822822428e+01	9.043762868281168821e-02	4.411759052997796249e-02
5.573638738738738141e+01	9.029820703620686229e-02	4.402899168278862768e-02
5.589654654654654564e+01	9.015937060281360715e-02	4.394072360530097004e-02
5.605670570570570277e+01	9.002111521577428610e-02	4.385278391841768847e-02
5.621686486486485990e+01	8.988343674973227337e-02	4.376517026648021891e-02
5.637702402402401702e+01	8.974633112030154514e-02	4.367788031696949458e-02
5.653718318318318126e+01	8.960979428354465259e-02	4.359091176021134134e-02
5.669734234234233838e+01	8.947382223545860547e-02	4.350426230908645275e-02
5.685750150150149551e+01	8.933841101146897112e-02	4.341792969874479907e-02
5.701766066066065974e+01	8.920355668593157872e-02	4.333191168632447715e-02
5.717781981981981687e+01	8.906925537164205042e-02	4.324620605067492490e-02
5.733797897897897400e+01	8.893550321935271563e-02	4.316081059208426440e-02
5.749813813813813113e+01	8.880229641729708856e-02	4.307572313201091935e-02
5.765829729729729536e+01	8.866963119072152066e-02	4.299094151281926401e-02
5.781845645645645249e+01	8.853750380142394460e-02	4.290646359751931066e-02
5.797861561561560961e+01	8.840591054729982079e-02	4.282228726951033820e-02
5.813877477477477385e+01	8.827484776189464810e-02	4.273841043232839282e-02
5.829893393393393097e+01	8.814431181396355230e-02	4.265483100939760491e-02
5.845909309309308810e+01	8.801429910703734150e-02	4.257154694378521842e-02
5.861925225225224523e+01	8.788480607899504249e-02	4.248855619796031852e-02
5.877941141141140946e+01	8.775582920164301526e-02	4.240585675355616757e-02
5.893957057057056659e+01	8.762736498030021526e-02	4.232344661113605910e-02
5.909972972972972372e+01	8.749940995338964522e-02	4.224132378996263426e-02
5.925988888888888795e+01	8.737196069203596871e-02	4.215948632777073019e-02
5.942004804804804508e+01	8.724501379966902170e-02	4.207793228054342721e-02
5.958020720720720220e+01	8.711856591163316677e-02	4.199665972229150307e-02
5.974036636636635933e+01	8.699261369480247585e-02	4.191566674483610672e-02
5.990052552552552356e+01	8.686715384720149202e-02	4.183495145759461020e-02
6.006068468468468069e+01	8.674218309763168100e-02	4.175451198736961772e-02
6.022084384384383782e+01	8.661769820530310082e-02	4.167434647814100002e-02
6.038100300300300205e+01	8.649369595947180300e-02	4.159445309086099579e-02
6.054116216216215918e+01	8.637017317908217418e-02	4.151483000325228989e-02
6.070132132132131630e+01	8.624712671241462070e-02	4.143547540960899195e-02
6.086148048048047343e+01	8.612455343673841579e-02	4.135638752060047385e-02
6.102163963963963766e+01	8.600245025796934839e-02	4.127756456307809380e-02
6.118179879879879479e+01	8.588081411033257617e-02	4.119900477988458487e-02
6.134195795795795192e+01	8.575964195603004436e-02	4.112070642966633022e-02
6.150211711711711615e+01	8.563893078491285893e-02	4.104266778668811538e-02
6.166227627627627328e+01	8.551867761415832270e-02	4.096488714065075337e-02
6.182243543543543041e+01	8.539887948795142625e-02	4.088736279651104810e-02
6.198259459459458753e+01	8.527953347717102950e-02	4.081009307430456118e-02
6.214275375375375177e+01	8.516063667908040091e-02	4.073307630897064074e-02
6.230291291291290889e+01	8.504218621702221148e-02	4.065631085018013569e-02
6.246307207207206602e+01	8.492417924011770591e-02	4.057979506216536497e-02
6.262323123123122315e+01	8.480661292297023146e-02	4.050352732355254337e-02
6.278339039039038738e+01	8.468948446537284680e-02	4.042750602719657332e-02
6.294354954954954451e+01	8.457279109202003875e-02	4.035172958001807808e-02
6.310370870870870164e+01	8.445653005222349130e-02	4.027619640284273161e-02
6.326386786786786587e+01	8.434069861963175430e-02	4.020090493024285755e-02
6.342402702702702300e+01	8.422529409195390893e-02	4.012585361038113058e-02
6.358418618618618012e+01	8.411031379068692471e-02	4.005104090485651219e-02
6.374434534534533725e+01	8.399575506084688836e-02	3.997646528855229586e-02
6.390450450450450148e+01	8.388161527070389645e-02	3.990212524948617834e-02
6.406466366366366572e+01	8.376789181152057007e-02	3.982801928866250285e-02
6.422482282282282995e+01	8.365458209729426109e-02	3.975414591992637581e-02
6.438498198198197997e+01	8.354168356450258903e-02	3.968050366981990679e-02
6.454514114114114420e+01	8.342919367185266943e-02	3.960709107744028040e-02
6.470530030030030844e+01	8.331710990003360351e-02	3.953390669429986126e-02
6.486545945945945846e+01	8.320542975147240949e-02	3.946094908418816549e-02
6.502561861861862269e+01	8.309415075009318752e-02	3.938821682303557392e-02
6.518577777777778692e+01	8.298327044107960127e-02	3.931570849877909224e-02
6.534593693693693695e+01	8.287278639064057928e-02	3.924342271122974873e-02
6.550609609609610118e+01	8.276269618577905551e-02	3.917135807194177533e-02
6.566625525525525120e+01	8.265299743406394339e-02	3.909951320408369679e-02
6.582641441441441543e+01	8.254368776340503810e-02	3.902788674231088412e-02
6.598657357357357967e+01	8.243476482183108300e-02	3.895647733264002988e-02
6.614673273273272969e+01	8.232622627727056996e-02	3.888528363232519880e-02
6.630689189189189392e+01	8.221806981733568997e-02	3.881430430973541873e-02
6.646705105105105815e+01	8.211029314910893440e-02	3.874353804423411735e-02
6.662721021021020817e+01	8.200289399893272158e-02	3.867298352605990502e-02
6.678736936936937241e+01	8.189587011220157697e-02	3.860263945620908549e-02
6.694752852852853664e+01	8.178921925315721375e-02	3.853250454631962363e-02
6.710768768768768666e+01	8.168293920468630565e-02	3.846257751855668844e-02
6.726784684684685089e+01	8.157702776812071621e-02	3.839285710549958375e-02
6.742800600600601513e+01	8.147148276304058689e-02	3.832334205003030958e-02
6.758816516516516515e+01	8.136630202707985371e-02	3.825403110522340722e-02
6.774832432432432938e+01	8.126148341573427580e-02	3.818492303423735162e-02
6.790848348348347940e+01	8.115702480217203141e-02	3.811601661020725534e-02
6.806864264264264364e+01	8.105292407704670077e-02	3.804731061613898790e-02
6.822880180180180787e+01	8.094917914831269157e-02	3.797880384480472465e-02
6.838896096096095789e+01	8.084578794104306521e-02	3.791049509863970990e-02
6.854912012012012212e+01	8.074274839724963904e-02	3.784238318964040088e-02
6.870927927927928636e+01	8.064005847570544783e-02	3.777446693926394400e-02
6.886943843843843638e+01	8.053771615176946730e-02	3.770674517832889316e-02
6.902959759759760061e+01	8.043571941721354424e-02	3.763921674691712155e-02
6.918975675675676484e+01	8.033406628005154704e-02	3.757188049427716281e-02
6.934991591591591487e+01	8.023275476437075060e-02	3.750473527872855845e-02
6.951007507507507910e+01	8.013178291016519184e-02	3.743777996756752352e-02
6.967023423423424333e+01	8.003114877317132891e-02	3.737101343697383365e-02
6.983039339339339335e+01	7.993085042470567114e-02	3.730443457191876672e-02
6.999055255255255759e+01	7.983088595150435174e-02	3.723804226607427964e-02
7.015071171171170761e+01	7.973125345556500432e-02	3.717183542172331628e-02
7.031087087087087184e+01	7.963195105399026308e-02	3.710581294967118388e-02
7.047103003003003607e+01	7.953297687883349731e-02	3.703997376915807438e-02
7.063118918918918610e+01	7.943432907694639167e-02	3.697431680777265445e-02
7.079134834834835033e+01	7.933600580982827499e-02	3.690884100136670315e-02
7.095150750750751456e+01	7.923800525347755863e-02	3.684354529397086686e-02
7.111166666666666458e+01	7.914032559824486779e-02	3.677842863771137866e-02
7.127182582582582882e+01	7.904296504868794926e-02	3.671348999272780467e-02
7.143198498498499305e+01	7.894592182342853592e-02	3.664872832709190759e-02
7.159214414414414307e+01	7.884919415501086271e-02	3.658414261672733592e-02
7.175230330330330730e+01	7.875278028976180622e-02	3.651973184533036793e-02
7.191246246246247154e+01	7.865667848765300896e-02	3.645549500429171724e-02
7.207262162162162156e+01	7.856088702216447450e-02	3.639143109261912257e-02
7.223278078078078579e+01	7.846540418014986973e-02	3.632753911686092962e-02
7.239293993993993581e+01	7.837022826170353396e-02	3.626381809103070702e-02
7.255309909909910004e+01	7.827535758002901467e-02	3.620026703653255601e-02
7.271325825825826428e+01	7.818079046130924081e-02	3.613688498208758593e-02
7.287341741741741430e+01	7.808652524457827815e-02	3.607367096366097953e-02
7.303357657657657853e+01	7.799256028159459730e-02	3.601062402439017540e-02
7.319373573573574276e+01	7.789889393671588225e-02	3.594774321451379984e-02
7.335389489489489279e+01	7.780552458677535144e-02	3.588502759130141745e-02
7.351405405405405702e+01	7.771245062095952227e-02	3.582247621898419082e-02
7.367421321321322125e+01	7.761967044068748822e-02	3.576008816868631729e-02
7.383437237237237127e+01	7.752718245949158371e-02	3.569786251835729146e-02
7.399453153153153551e+01	7.743498510289956172e-02	3.563579835270497265e-02
7.415469069069069974e+01	7.734307680831800647e-02	3.557389476312940862e-02
7.431484984984984976e+01	7.725145602491730046e-02	3.551215084765748514e-02
7.447500900900901399e+01	7.716012121351785435e-02	3.545056571087829705e-02
7.463516816816816402e+01	7.706907084647772466e-02	3.538913846387932438e-02
7.479532732732732825e+01	7.697830340758146650e-02	3.532786822418330225e-02
7.495548648648649248e+01	7.688781739193041587e-02	3.526675411568586105e-02
7.511564564564564250e+01	7.679761130583423467e-02	3.520579526859386743e-02
7.527580480480480674e+01	7.670768366670356608e-02	3.514499081936450081e-02
7.543596396396397097e+01	7.661803300294417474e-02	3.508433991064503765e-02
7.559612312312312099e+01	7.652865785385219721e-02	3.502384169121329494e-02
7.575628228228228522e+01	7.643955676951058598e-02	3.496349531591878140e-02
7.591644144144144946e+01	7.635072831068680232e-02	3.490329994562459126e-02
7.607660060060059948e+01	7.626217104873171670e-02	3.484325474714981830e-02
7.623675975975976371e+01	7.617388356547961925e-02	3.478335889321272634e-02
7.639691891891892794e+01	7.608586445314939606e-02	3.472361156237462054e-02
7.655707807807807797e+01	7.599811231424691282e-02	3.466401193898421135e-02
7.671723723723724220e+01	7.591062576146832830e-02	3.460455921312270700e-02
7.687739639639639222e+01	7.582340341760483715e-02	3.454525258054955833e-02
7.703755555555555645e+01	7.573644391544813448e-02	3.448609124264869624e-02
7.719771471471472069e+01	7.564974589769725422e-02	3.442707440637551852e-02
7.735787387387387071e+01	7.556330801686628185e-02	3.436820128420437631e-02
7.751803303303303494e+01	7.547712893519323285e-02	3.430947109407664342e-02
7.767819219219219917e+01	7.539120732454983320e-02	3.425088305934947258e-02
7.783835135135134919e+01	7.530554186635254887e-02	3.419243640874501666e-02
7.799851051051051343e+01	7.522013125147425372e-02	3.413413037630023267e-02
7.815866966966967766e+01	7.513497418015734064e-02	3.407596420131732418e-02
7.831882882882882768e+01	7.505006936192745726e-02	3.401793712831466254e-02
7.847898798798799191e+01	7.496541551550828242e-02	3.396004840697819382e-02
7.863914714714715615e+01	7.488101136873746844e-02	3.390229729211358817e-02
7.879930630630630617e+01	7.479685565848319395e-02	3.384468304359868757e-02
7.895946546546547040e+01	7.471294713056191028e-02	3.378720492633659894e-02
7.911962462462462042e+01	7.462928453965690656e-02	3.372986221020930070e-02
7.927978378378378466e+01	7.454586664923770756e-02	3.367265417003170724e-02
7.943994294294294889e+01	7.446269223148052618e-02	3.361558008550630944e-02
7.960010210210209891e+01	7.437976006718946542e-02	3.355863924117822444e-02
7.976026126126126314e+01	7.429706894571859455e-02	3.350183092639077292e-02
7.992042042042042738e+01	7.421461766489499678e-02	3.344515443524161136e-02
8.008057957957957740e+01	7.413240503094253864e-02	3.338860906653918353e-02
8.024073873873874163e+01	7.405042985840651348e-02	3.333219412375978963e-02
8.040089789789790586e+01	7.396869097007917337e-02	3.327590891500505771e-02
8.056105705705705589e+01	7.388718719692596859e-02	3.321975275295983854e-02
8.072121621621622012e+01	7.380591737801266150e-02	3.316372495485063465e-02
8.088137537537538435e+01	7.372488036043325921e-02	3.310782484240439721e-02
8.104153453453453437e+01	7.364407499923862621e-02	3.305205174180785022e-02
8.120169369369369861e+01	7.356350015736592973e-02	3.299640498366711999e-02
8.136185285285284863e+01	7.348315470556893159e-02	3.294088390296794067e-02
8.152201201201201286e+01	7.340303752234887680e-02	3.288548783903615796e-02
8.168217117117117709e+01	7.332314749388625652e-02	3.283021613549878120e-02
8.184233033033032712e+01	7.324348351397315382e-02	3.277506814024529896e-02
8.200248948948949135e+01	7.316404448394654703e-02	3.272004320538950128e-02
8.216264864864865558e+01	7.308482931262212656e-02	3.266514068723170433e-02
8.232280780780780560e+01	7.300583691622886118e-02	3.261035994622132894e-02
8.248296696696696984e+01	7.292706621834432745e-02	3.255570034691988857e-02
8.264312612612613407e+01	7.284851614983070545e-02	3.250116125796437966e-02
8.280328528528528409e+01	7.277018564877141271e-02	3.244674205203103984e-02
8.296344444444444832e+01	7.269207366040840446e-02	3.239244210579945993e-02
8.312360360360359834e+01	7.261417913708022309e-02	3.233826079991715396e-02
8.328376276276276258e+01	7.253650103816067229e-02	3.228419751896436513e-02
8.344392192192192681e+01	7.245903832999803229e-02	3.223025165141935044e-02
8.360408108108107683e+01	7.238178998585503843e-02	3.217642258962400553e-02
8.376424024024024106e+01	7.230475498584952587e-02	3.212270972974975297e-02
8.392439939939940530e+01	7.222793231689546289e-02	3.206911247176390256e-02
8.408455855855855532e+01	7.215132097264494171e-02	3.201563021939628911e-02
8.424471771771771955e+01	7.207491995343043301e-02	3.196226238010624332e-02
8.440487687687688378e+01	7.199872826620790089e-02	3.190900836504995813e-02
8.456503603603603381e+01	7.192274492450044521e-02	3.185586758904813270e-02
8.472519519519519804e+01	7.184696894834233238e-02	3.180283947055394245e-02
8.488535435435436227e+01	7.177139936422399780e-02	3.174992343162139075e-02
8.504551351351351229e+01	7.169603520503721461e-02	3.169711889787393821e-02
8.520567267267267653e+01	7.162087551002108143e-02	3.164442529847343033e-02
8.536583183183182655e+01	7.154591932470849569e-02	3.159184206608939283e-02
8.552599099099099078e+01	7.147116570087314047e-02	3.153936863686858383e-02
8.568615015015015501e+01	7.139661369647708200e-02	3.148700445040489987e-02
8.584630930930930504e+01	7.132226237561888060e-02	3.143474894970951089e-02
8.600646846846846927e+01	7.124811080848218736e-02	3.138260158118141158e-02
8.616662762762763350e+01	7.117415807128489591e-02	3.133056179457811147e-02
8.632678678678678352e+01	7.110040324622890484e-02	3.127862904298676916e-02
8.648694594594594776e+01	7.102684542145022706e-02	3.122680278279550692e-02
8.664710510510511199e+01	7.095348369096966812e-02	3.117508247366503060e-02
8.680726426426426201e+01	7.088031715464415683e-02	3.112346757850058612e-02
8.696742342342342624e+01	7.080734491811821463e-02	3.107195756342410672e-02
8.712758258258259048e+01	7.073456609277639640e-02	3.102055189774671415e-02
8.728774174174174050e+01	7.066197979569574517e-02	3.096925005394142102e-02
8.744790090090090473e+01	7.058958514959896846e-02	3.091805150761613857e-02
8.760806006006005475e+01	7.051738128280815587e-02	3.086695573748696880e-02
8.776821921921921899e+01	7.044536732919874644e-02	3.081596222535167018e-02
8.792837837837838322e+01	7.037354242815405114e-02	3.076507045606349799e-02
8.808853753753753324e+01	7.030190572452034437e-02	3.071427991750520434e-02
8.824869669669669747e+01	7.023045636856221907e-02	3.066359010056331907e-02
8.840885585585586171e+01	7.015919351591845543e-02	3.061300049910271881e-02
8.856901501501501173e+01	7.008811632755840293e-02	3.056251060994137278e-02
8.872917417417417596e+01	7.001722396973869555e-02	3.051211993282536630e-02
8.888933333333334019e+01	6.994651561396041106e-02	3.046182797040418097e-02
8.904949249249249021e+01	6.987599043692675760e-02	3.041163422820616913e-02
8.920965165165165445e+01	6.980564762050099625e-02	3.036153821461429897e-02
8.936981081081081868e+01	6.973548635166493259e-02	3.031153944084209739e-02
8.952996996996996870e+01	6.966550582247774126e-02	3.026163742090986347e-02
8.969012912912913293e+01	6.959570523003524856e-02	3.021183167162105193e-02
8.985028828828828296e+01	6.952608377642953419e-02	3.016212171253894112e-02
9.001044744744744719e+01	6.945664066870899100e-02	3.011250706596345014e-02
9.017060660660661142e+01	6.938737511883880105e-02	3.006298725690826137e-02
9.033076576576576144e+01	6.931828634366168918e-02	3.001356181307807472e-02
9.049092492492492568e+01	6.924937356485910689e-02	2.996423026484609786e-02
9.065108408408408991e+01	6.918063600891292964e-02	2.991499214523180017e-02
9.081124324324323993e+01	6.911207290706727902e-02	2.986584698987880190e-02
9.097140240240240416e+01	6.904368349529088622e-02	2.981679433703298202e-02
9.113156156156156840e+01	6.897546701423980242e-02	2.976783372752083573e-02
9.129172072072071842e+01	6.890742270922038670e-02	2.971896470472799173e-02
9.145187987987988265e+01	6.883954983015272422e-02	2.967018681457792018e-02
9.161203903903904688e+01	6.877184763153439129e-02	2.962149960551085925e-02
9.177219819819819691e+01	6.870431537240453967e-02	2.957290262846293608e-02
9.193235735735736114e+01	6.863695231630831395e-02	2.952439543684545059e-02
9.209251651651651116e+01	6.856975773126168516e-02	2.947597758652439545e-02
9.225267567567567539e+01	6.850273088971650659e-02	2.942764863580009035e-02
9.241283483483483963e+01	6.843587106852599966e-02	2.937940814538709394e-02
9.257299399399398965e+01	6.836917754891051746e-02	2.933125567839421285e-02
9.273315315315315388e+01	6.830264961642364130e-02	2.928319080030473281e-02
9.289331231231231811e+01	6.823628656091863809e-02	2.923521307895684054e-02
9.305347147147146813e+01	6.817008767651515366e-02	2.918732208452417057e-02
9.321363063063063237e+01	6.810405226156626690e-02	2.913951738949658449e-02
9.337378978978979660e+01	6.803817961862593244e-02	2.909179856866107514e-02
9.353394894894894662e+01	6.797246905441654830e-02	2.904416519908288238e-02
9.369410810810811086e+01	6.790691987979699529e-02	2.899661686008673037e-02
9.385426726726727509e+01	6.784153140973089857e-02	2.894915313323827982e-02
9.401442642642642511e+01	6.777630296325519443e-02	2.890177360232569145e-02
9.417458558558558934e+01	6.771123386344903017e-02	2.885447785334141133e-02
9.433474474474473936e+01	6.764632343740285825e-02	2.880726547446406730e-02
9.449490390390390360e+01	6.758157101618793294e-02	2.876013605604053197e-02
9.465506306306306783e+01	6.751697593482605675e-02	2.871308919056818343e-02
9.481522222222221785e+01	6.745253753225950721e-02	2.866612447267726654e-02
9.497538138138138208e+01	6.738825515132139399e-02	2.861924149911343127e-02
9.513554054054054632e+01	6.732412813870623791e-02	2.857243986872041661e-02
9.529569969969969634e+01	6.726015584494073052e-02	2.852571918242293586e-02
9.545585885885886057e+01	6.719633762435489599e-02	2.847907904320957223e-02
9.561601801801802480e+01	6.713267283505346128e-02	2.843251905611601099e-02
9.577617717717717483e+01	6.706916083888746216e-02	2.838603882820825430e-02
9.593633633633633906e+01	6.700580100142611295e-02	2.833963796856604073e-02
9.609649549549550329e+01	6.694259269192906481e-02	2.829331608826644515e-02
9.625665465465465331e+01	6.687953528331867792e-02	2.824707280036755849e-02
9.641681381381381755e+01	6.681662815215276552e-02	2.820090771989230971e-02
9.657697297297296757e+01	6.675387067859749057e-02	2.815482046381247508e-02
9.673713213213213180e+01	6.669126224640045675e-02	2.810881065103274304e-02
9.689729129129129603e+01	6.662880224286417408e-02	2.806287790237502883e-02
9.705745045045044606e+01	6.656649005881973280e-02	2.801702184056276135e-02
9.721760960960961029e+01	6.650432508860050496e-02	2.797124209020546148e-02
9.737776876876877452e+01	6.644230673001648435e-02	2.792553827778334469e-02
9.753792792792792454e+01	6.638043438432847387e-02	2.787991003163208664e-02
9.769808708708708878e+01	6.631870745622273078e-02	2.783435698192770341e-02
9.785824624624625301e+01	6.625712535378570911e-02	2.778887876067158078e-02
9.801840540540540303e+01	6.619568748847923234e-02	2.774347500167560765e-02
9.817856456456456726e+01	6.613439327511556887e-02	2.769814534054741706e-02
9.833872372372373150e+01	6.607324213183304873e-02	2.765288941467577630e-02
9.849888288288288152e+01	6.601223348007168035e-02	2.760770686321608117e-02
9.865904204204204575e+01	6.595136674454914194e-02	2.756259732707597512e-02
9.881920120120119577e+01	6.589064135323680071e-02	2.751756044890106556e-02
9.897936036036036000e+01	6.583005673733616225e-02	2.747259587306078235e-02
9.913951951951952424e+01	6.576961233125534767e-02	2.742770324563434045e-02
9.929967867867867426e+01	6.570930757258591770e-02	2.738288221439678580e-02
9.945983783783783849e+01	6.564914190207978006e-02	2.733813242880520078e-02
9.961999699699700273e+01	6.558911476362634663e-02	2.729345353998500340e-02
9.978015615615615275e+01	6.552922560422998199e-02	2.724884520071630886e-02
9.994031531531531698e+01	6.546947387398749374e-02	2.720430706542048202e-02
1.001004744744744812e+02	6.540985902606592794e-02	2.715983879014672100e-02
1.002606336336336312e+02	6.535038051668055903e-02	2.711544003255880048e-02
1.004207927927927955e+02	6.529103780507299060e-02	2.707111045192185303e-02
1.005809519519519597e+02	6.523183035348951997e-02	2.702684970908933795e-02
1.007411111111111097e+02	6.517275762715972476e-02	2.698265746649006550e-02
1.009012702702702740e+02	6.511381909427507719e-02	2.693853338811527665e-02
1.010614294294294240e+02	6.505501422596796091e-02	2.689447713950592414e-02
1.012215885885885882e+02	6.499634249629067384e-02	2.685048838773993612e-02
1.013817477477477524e+02	6.493780338219476422e-02	2.680656680141971226e-02
1.015419069069069025e+02	6.487939636351049144e-02	2.676271205065957476e-02
1.017020660660660667e+02	6.482112092292635630e-02	2.671892380707339629e-02
1.018622252252252309e+02	6.476297654596901987e-02	2.667520174376231817e-02
1.020223843843843810e+02	6.470496272098322232e-02	2.663154553530253446e-02
1.021825435435435452e+02	6.464707893911196546e-02	2.658795485773317313e-02
1.023427027027027094e+02	6.458932469427677847e-02	2.654442938854428488e-02
1.025028618618618594e+02	6.453169948315830295e-02	2.650096880666490823e-02
1.026630210210210237e+02	6.447420280517686397e-02	2.645757279245120747e-02
1.028231801801801879e+02	6.441683416247337424e-02	2.641424102767474594e-02
1.029833393393393379e+02	6.435959305989023826e-02	2.637097319551078359e-02
1.031434984984985022e+02	6.430247900495256186e-02	2.632776898052670983e-02
1.033036576576576522e+02	6.424549150784944485e-02	2.628462806867052845e-02
1.034638168168168164e+02	6.418863008141546811e-02	2.624155014725943966e-02
1.036239759759759806e+02	6.413189424111230552e-02	2.619853490496851234e-02
1.037841351351351307e+02	6.407528350501048853e-02	2.615558203181942917e-02
1.039442942942942949e+02	6.401879739377136502e-02	2.611269121916928726e-02
1.041044534534534591e+02	6.396243543062922476e-02	2.606986215969953405e-02
1.042646126126126092e+02	6.390619714137349416e-02	2.602709454740492409e-02
1.044247717717717734e+02	6.385008205433112538e-02	2.598438807758258681e-02
1.045849309309309376e+02	6.379408970034916582e-02	2.594174244682117408e-02
1.047450900900900876e+02	6.373821961277741088e-02	2.589915735299005289e-02
1.049052492492492519e+02	6.368247132745129269e-02	2.585663249522860210e-02
1.050654084084084161e+02	6.362684438267476872e-02	2.581416757393557512e-02
1.052255675675675661e+02	6.357133831920351585e-02	2.577176229075853892e-02
1.053857267267267304e+02	6.351595268022816598e-02	2.572941634858334423e-02
1.055458858858858804e+02	6.346068701135770818e-02	2.568712945152376581e-02
1.057060450450450446e+02	6.340554086060297412e-02	2.564490130491108716e-02
1.058662042042042088e+02	6.335051377836040110e-02	2.560273161528385522e-02
1.060263633633633589e+02	6.329560531739578111e-02	2.556062009037765939e-02
1.061865225225225231e+02	6.324081503282820427e-02	2.551856643911496261e-02
1.063466816816816873e+02	6.318614248211416873e-02	2.547657037159507115e-02
1.065068408408408374e+02	6.313158722503178777e-02	2.543463159908405935e-02
1.066670000000000016e+02	6.307714882366502462e-02	2.539274983400487823e-02
1.068271591591591658e+02	6.302282684238832977e-02	2.535092478992744675e-02
1.069873183183183158e+02	6.296862084785113944e-02	2.530915618155882285e-02
1.071474774774774801e+02	6.291453040896255455e-02	2.526744372473346475e-02
1.073076366366366443e+02	6.286055509687628329e-02	2.522578713640353729e-02
1.074677957957957943e+02	6.280669448497558371e-02	2.518418613462928765e-02
1.076279549549549586e+02	6.275294814885828965e-02	2.514264043856942812e-02
1.077881141141141086e+02	6.269931566632211406e-02	2.510114976847169915e-02
1.079482732732732728e+02	6.264579661734993865e-02	2.505971384566335267e-02
1.081084324324324371e+02	6.259239058409529766e-02	2.501833239254178803e-02
1.082685915915915871e+02	6.253909715086790333e-02	2.497700513256522273e-02
1.084287507507507513e+02	6.248591590411940039e-02	2.493573179024339767e-02
1.085889099099099155e+02	6.243284643242910659e-02	2.489451209112834851e-02
1.087490690690690656e+02	6.237988832649001003e-02	2.485334576180527402e-02
1.089092282282282298e+02	6.232704117909470404e-02	2.481223252988338374e-02
1.090693873873873940e+02	6.227430458512164119e-02	2.477117212398686694e-02
1.092295465465465441e+02	6.222167814152132492e-02	2.473016427374587559e-02
1.093897057057057083e+02	6.216916144730270238e-02	2.468920870978758009e-02
1.095498648648648725e+02	6.211675410351964050e-02	2.464830516372726321e-02
1.097100240240240225e+02	6.206445571325750615e-02	2.460745336815948342e-02
1.098701831831831868e+02	6.201226588161987130e-02	2.456665305664925206e-02
1.100303423423423368e+02	6.196018421571532209e-02	2.452590396372331810e-02
1.101905015015015010e+02	6.190821032464435825e-02	2.448520582486145639e-02
1.103506606606606653e+02	6.185634381948638960e-02	2.444455837648779398e-02
1.105108198198198153e+02	6.180458431328687136e-02	2.440396135596227187e-02
1.106709789789789795e+02	6.175293142104451571e-02	2.436341450157200259e-02
1.108311381381381437e+02	6.170138475969861452e-02	2.432291755252283597e-02
1.109912972972972938e+02	6.164994394811645212e-02	2.428247024893088329e-02
1.111514564564564580e+02	6.159860860708082919e-02	2.424207233181405532e-02
1.113116156156156222e+02	6.154737835927766298e-02	2.420172354308374948e-02
1.114717747747747723e+02	6.149625282928374015e-02	2.416142362553648851e-02
1.116319339339339365e+02	6.144523164355451816e-02	2.412117232284564233e-02
1.117920930930931007e+02	6.139431443041198228e-02	2.408096937955319511e-02
1.119522522522522507e+02	6.134350082003271754e-02	2.404081454106152607e-02
1.121124114114114150e+02	6.129279044443598085e-02	2.400070755362528063e-02
1.122725705705705650e+02	6.124218293747188402e-02	2.396064816434323452e-02
1.124327297297297292e+02	6.119167793480967399e-02	2.392063612115021345e-02
1.125928888888888935e+02	6.114127507392613792e-02	2.388067117280906482e-02
1.127530480480480435e+02	6.109097399409404300e-02	2.384075306890267448e-02
1.129132072072072077e+02	6.104077433637066646e-02	2.380088155982596973e-02
1.130733663663663719e+02	6.099067574358652682e-02	2.376105639677802972e-02
1.132335255255255220e+02	6.094067786033401102e-02	2.372127733175419251e-02
1.133936846846846862e+02	6.089078033295626524e-02	2.368154411753820021e-02
1.135538438438438504e+02	6.084098280953609272e-02	2.364185650769439970e-02
1.137140030030030005e+02	6.079128493988490006e-02	2.360221425655996408e-02
1.138741621621621647e+02	6.074168637553185174e-02	2.356261711923713503e-02
1.140343213213213289e+02	6.069218676971295523e-02	2.352306485158553104e-02
1.141944804804804789e+02	6.064278577736037512e-02	2.348355721021448683e-02
1.143546396396396432e+02	6.059348305509169169e-02	2.344409395247537206e-02
1.145147987987987932e+02	6.054427826119938155e-02	2.340467483645405217e-02
1.146749579579579574e+02	6.049517105564024971e-02	2.336529962096322091e-02
1.148351171171171217e+02	6.044616110002506287e-02	2.332596806553494106e-02
1.149952762762762717e+02	6.039724805760813414e-02	2.328667993041309489e-02
1.151554354354354359e+02	6.034843159327708817e-02	2.324743497654589014e-02
1.153155945945946002e+02	6.029971137354268179e-02	2.320823296557842155e-02
1.154757537537537502e+02	6.025108706652869406e-02	2.316907365984526360e-02
1.156359129129129144e+02	6.020255834196183709e-02	2.312995682236302850e-02
1.157960720720720786e+02	6.015412487116184731e-02	2.309088221682306305e-02
1.159562312312312287e+02	6.010578632703163227e-02	2.305184960758404136e-02
1.161163903903903929e+02	6.005754238404733408e-02	2.301285875966469982e-02
1.162765495495495571e+02	6.000939271824875382e-02	2.297390943873653391e-02
1.164367087087087071e+02	5.996133700722957455e-02	2.293500141111653665e-02
1.165968678678678714e+02	5.991337493012782733e-02	2.289613444375997175e-02
1.167570270270270214e+02	5.986550616761635024e-02	2.285730830425313637e-02
1.169171861861861856e+02	5.981773040189336532e-02	2.281852276080622438e-02
1.170773453453453499e+02	5.977004731667308335e-02	2.277977758224611002e-02
1.172375045045044999e+02	5.972245659717642652e-02	2.274107253800923892e-02
1.173976636636636641e+02	5.967495793012175115e-02	2.270240739813450537e-02
1.175578228228228284e+02	5.962755100371574385e-02	2.266378193325615034e-02
1.177179819819819784e+02	5.958023550764427606e-02	2.262519591459671159e-02
1.178781411411411426e+02	5.953301113306338349e-02	2.258664911395992167e-02
1.180383003003003068e+02	5.948587757259035658e-02	2.254814130372372397e-02
1.181984594594594569e+02	5.943883452029476155e-02	2.250967225683324358e-02
1.183586186186186211e+02	5.939188167168966276e-02	2.247124174679378597e-02
1.185187777777777853e+02	5.934501872372288656e-02	2.243284954766387035e-02
1.186789369369369354e+02	5.929824537476825752e-02	2.239449543404826645e-02
1.188390960960960996e+02	5.925156132461701503e-02	2.235617918109106955e-02
1.189992552552552496e+02	5.920496627446921595e-02	2.231790056446876849e-02
1.191594144144144138e+02	5.915845992692526922e-02	2.227965936038333108e-02
1.193195735735735781e+02	5.911204198597742876e-02	2.224145534555533460e-02
1.194797327327327281e+02	5.906571215700149452e-02	2.220328829721709973e-02
1.196398918918918923e+02	5.901947014674839564e-02	2.216515799310577600e-02
1.198000510510510566e+02	5.897331566333601643e-02	2.212706421145658325e-02
1.199602102102102066e+02	5.892724841624097376e-02	2.208900673099591788e-02
1.201203693693693708e+02	5.888126811629044305e-02	2.205098533093453883e-02
1.202805285285285350e+02	5.883537447565415079e-02	2.201299979096081258e-02
1.204406876876876851e+02	5.878956720783626994e-02	2.197504989123386446e-02
1.206008468468468493e+02	5.874384602766754421e-02	2.193713541237682710e-02
1.207610060060060135e+02	5.869821065129730842e-02	2.189925613547008543e-02
1.209211651651651636e+02	5.865266079618570993e-02	2.186141184204449042e-02
1.210813243243243278e+02	5.860719618109588164e-02	2.182360231407461451e-02
1.212414834834834778e+02	5.856181652608621890e-02	2.178582733397204166e-02
1.214016426426426420e+02	5.851652155250270521e-02	2.174808668457860195e-02
1.215618018018018063e+02	5.847131098297130708e-02	2.171038014915967901e-02
1.217219609609609563e+02	5.842618454139037604e-02	2.167270751139748625e-02
1.218821201201201205e+02	5.838114195292315456e-02	2.163506855538435691e-02
1.220422792792792848e+02	5.833618294399036536e-02	2.159746306561605156e-02
1.222024384384384348e+02	5.829130724226270349e-02	2.155989082698507586e-02
1.223625975975975990e+02	5.824651457665359217e-02	2.152235162477397767e-02
1.225227567567567633e+02	5.820180467731184831e-02	2.148484524464868220e-02
1.226829159159159133e+02	5.815717727561441064e-02	2.144737147265179597e-02
1.228430750750750775e+02	5.811263210415918562e-02	2.140993009519594203e-02
1.230032342342342417e+02	5.806816889675789350e-02	2.137252089905711944e-02
1.231633933933933918e+02	5.802378738842899758e-02	2.133514367136799678e-02
1.233235525525525560e+02	5.797948731539059181e-02	2.129779819961127169e-02
1.234837117117117060e+02	5.793526841505353131e-02	2.126048427161300255e-02
1.236438708708708702e+02	5.789113042601437553e-02	2.122320167553595066e-02
1.238040300300300345e+02	5.784707308804859505e-02	2.118595019987293618e-02
1.239641891891891845e+02	5.780309614210366043e-02	2.114872963344014214e-02
1.241243483483483487e+02	5.775919933029226988e-02	2.111153976537049476e-02
1.242845075075075130e+02	5.771538239588563241e-02	2.107438038510697428e-02
1.244446666666666630e+02	5.767164508330674400e-02	2.103725128239599187e-02
1.246048258258258272e+02	5.762798713812374019e-02	2.100015224728066232e-02
1.247649849849849915e+02	5.758440830704329716e-02	2.096308307009420169e-02
1.249251441441441415e+02	5.754090833790408144e-02	2.092604354145322434e-02
1.250853033033033057e+02	5.749748697967022731e-02	2.088903345225107122e-02
1.252454624624624557e+02	5.745414398242488369e-02	2.085205259365114153e-02
1.254056216216216200e+02	5.741087909736379558e-02	2.081510075708018978e-02
1.255657807807807842e+02	5.736769207678892035e-02	2.077817773422167141e-02
1.257259399399399342e+02	5.732458267410212721e-02	2.074128331700900857e-02
1.258860990990990985e+02	5.728155064379884115e-02	2.070441729761892877e-02
1.260462582582582627e+02	5.723859574146190898e-02	2.066757946846469948e-02
1.262064174174174127e+02	5.719571772375530577e-02	2.063076962218945987e-02
1.263665765765765769e+02	5.715291634841800777e-02	2.059398755165949002e-02
1.265267357357357412e+02	5.711019137425794867e-02	2.055723304995744211e-02
1.266868948948948912e+02	5.706754256114582313e-02	2.052050591037561655e-02
1.268470540540540554e+02	5.702496967000918182e-02	2.048380592640921746e-02
1.270072132132132197e+02	5.698247246282635986e-02	2.044713289174954901e-02
1.271673723723723697e+02	5.694005070262059265e-02	2.041048660027727085e-02
1.273275315315315339e+02	5.689770415345405535e-02	2.037386684605557371e-02
1.274876906906906839e+02	5.685543258042208281e-02	2.033727342332342092e-02
1.276478498498498482e+02	5.681323574964722983e-02	2.030070612648866846e-02
1.278080090090090124e+02	5.677111342827362989e-02	2.026416475012126489e-02
1.279681681681681624e+02	5.672906538446111785e-02	2.022764908894641306e-02
1.281283273273273267e+02	5.668709138737963726e-02	2.019115893783766588e-02
1.282884864864864767e+02	5.664519120720349493e-02	2.015469409181009156e-02
1.284486456456456551e+02	5.660336461510579592e-02	2.011825434601332424e-02
1.286088048048048051e+02	5.656161138325282306e-02	2.008183949572468763e-02
1.287689639639639552e+02	5.651993128479850664e-02	2.004544933634223175e-02
1.289291231231231336e+02	5.647832409387888719e-02	2.000908366337778715e-02
1.290892822822822836e+02	5.643678958560668230e-02	1.997274227245001560e-02
1.292494414414414337e+02	5.639532753606583265e-02	1.993642495927734626e-02
1.294096006006006121e+02	5.635393772230607584e-02	1.990013151967101601e-02
1.295697597597597621e+02	5.631261992233766583e-02	1.986386174952802647e-02
1.297299189189189121e+02	5.627137391512593290e-02	1.982761544482404548e-02
1.298900780780780906e+02	5.623019948058607248e-02	1.979139240160633639e-02
1.300502372372372406e+02	5.618909639957791330e-02	1.975519241598666653e-02
1.302103963963963906e+02	5.614806445390060907e-02	1.971901528413413929e-02
1.303705555555555691e+02	5.610710342628753844e-02	1.968286080226804707e-02
1.305307147147147191e+02	5.606621310040112161e-02	1.964672876665067222e-02
1.306908738738738691e+02	5.602539326082768556e-02	1.961061897358008441e-02
1.308510330330330191e+02	5.598464369307246807e-02	1.957453121938286175e-02
1.310111921921921976e+02	5.594396418355444128e-02	1.953846530040684315e-02
1.311713513513513476e+02	5.590335451960143365e-02	1.950242101301384243e-02
1.313315105105104976e+02	5.586281448944508538e-02	1.946639815357224107e-02
1.314916696696696761e+02	5.582234388221588711e-02	1.943039651844967117e-02
1.316518288288288261e+02	5.578194248793833659e-02	1.939441590400563589e-02
1.318119879879879761e+02	5.574161009752597734e-02	1.935845610658400162e-02
1.319721471471471546e+02	5.570134650277663163e-02	1.932251692250557679e-02
1.321323063063063046e+02	5.566115149636752940e-02	1.928659814806062828e-02
1.322924654654654546e+02	5.562102487185056898e-02	1.925069957950127641e-02
1.324526246246246330e+02	5.558096642364750845e-02	1.921482101303395931e-02
1.326127837837837831e+02	5.554097594704533736e-02	1.917896224481181744e-02
1.327729429429429331e+02	5.550105323819150976e-02	1.914312307092702267e-02
1.329331021021021115e+02	5.546119809408930207e-02	1.910730328740309000e-02
1.330932612612612616e+02	5.542141031259325418e-02	1.907150269018714761e-02
1.332534204204204116e+02	5.538168969240447187e-02	1.903572107514214795e-02
1.334135795795795900e+02	5.534203603306615121e-02	1.899995823803905803e-02
1.335737387387387400e+02	5.530244913495898501e-02	1.896421397454897684e-02
1.337338978978978901e+02	5.526292879929670110e-02	1.892848808023526661e-02
1.338940570570570685e+02	5.522347482812155206e-02	1.889278035054554536e-02
1.340542162162162185e+02	5.518408702429990209e-02	1.885709058080372105e-02
1.342143753753753685e+02	5.514476519151779305e-02	1.882141856620196327e-02
1.343745345345345470e+02	5.510550913427653824e-02	1.878576410179250838e-02
1.345346936936936970e+02	5.506631865788842034e-02	1.875012698247966250e-02
1.346948528528528470e+02	5.502719356847228516e-02	1.871450700301146089e-02
1.348550120120120255e+02	5.498813367294931587e-02	1.867890395797148356e-02
1.350151711711711755e+02	5.494913877903870314e-02	1.864331764177058065e-02
1.351753303303303255e+02	5.491020869525343323e-02	1.860774784863843817e-02
1.353354894894894755e+02	5.487134323089605525e-02	1.857219437261522013e-02
1.354956486486486540e+02	5.483254219605446234e-02	1.853665700754305451e-02
1.356558078078078040e+02	5.479380540159780461e-02	1.850113554705758862e-02
1.358159669669669540e+02	5.475513265917226341e-02	1.846562978457928772e-02
1.359761261261261325e+02	5.471652378119700594e-02	1.843013951330485858e-02
1.361362852852852825e+02	5.467797858086007740e-02	1.839466452619855849e-02
1.362964444444444325e+02	5.463949687211432094e-02	1.835920461598333775e-02
1.364566036036036110e+02	5.460107846967338779e-02	1.832375957513207587e-02
1.366167627627627610e+02	5.456272318900771967e-02	1.828832919585868938e-02
1.367769219219219110e+02	5.452443084634055193e-02	1.825291327010908696e-02
1.369370810810810895e+02	5.448620125864396535e-02	1.821751158955220440e-02
1.370972402402402395e+02	5.444803424363500732e-02	1.818212394557088343e-02
1.372573993993993895e+02	5.440992961977168807e-02	1.814675012925268810e-02
1.374175585585585679e+02	5.437188720624917815e-02	1.811138993138061010e-02
1.375777177177177180e+02	5.433390682299596430e-02	1.807604314242386087e-02
1.377378768768768680e+02	5.429598829066997062e-02	1.804070955252837227e-02
1.378980360360360464e+02	5.425813143065476296e-02	1.800538895150734231e-02
1.380581951951951964e+02	5.422033606505582276e-02	1.797008112883174621e-02
1.382183543543543465e+02	5.418260201669670290e-02	1.793478587362062893e-02
1.383785135135135249e+02	5.414492910911537782e-02	1.789950297463142881e-02
1.385386726726726749e+02	5.410731716656049656e-02	1.786423222025017299e-02
1.386988318318318250e+02	5.406976601398768428e-02	1.782897339848164842e-02
1.388589909909910034e+02	5.403227547705591327e-02	1.779372629693932659e-02
1.390191501501501534e+02	5.399484538212383916e-02	1.775849070283546174e-02
1.391793093093093034e+02	5.395747555624621355e-02	1.772326640297081438e-02
1.393394684684684819e+02	5.392016582717024109e-02	1.768805318372450655e-02
1.394996276276276319e+02	5.388291602333208224e-02	1.765285083104365174e-02
1.396597867867867819e+02	5.384572597385323123e-02	1.761765913043297771e-02
1.398199459459459320e+02	5.380859550853705348e-02	1.758247786694428286e-02
1.399801051051051104e+02	5.377152445786521906e-02	1.754730682516581278e-02
1.401402642642642604e+02	5.373451265299428875e-02	1.751214578921161946e-02
1.403004234234234104e+02	5.369755992575220294e-02	1.747699454271066724e-02
1.404605825825825889e+02	5.366066610863487463e-02	1.744185286879593871e-02
1.406207417417417389e+02	5.362383103480276858e-02	1.740672055009346089e-02
1.407809009009008889e+02	5.358705453807747349e-02	1.737159736871112317e-02
1.409410600600600674e+02	5.355033645293837130e-02	1.733648310622745367e-02
1.411012192192192174e+02	5.351367661451928576e-02	1.730137754368028802e-02
1.412613783783783674e+02	5.347707485860512394e-02	1.726628046155528548e-02
1.414215375375375459e+02	5.344053102162854563e-02	1.723119163977434448e-02
1.415816966966966959e+02	5.340404494066674362e-02	1.719611085768396261e-02
1.417418558558558459e+02	5.336761645343812005e-02	1.716103789404333294e-02
1.419020150150150243e+02	5.333124539829901811e-02	1.712597252701247158e-02
1.420621741741741744e+02	5.329493161424059960e-02	1.709091453414014056e-02
1.422223333333333244e+02	5.325867494088547260e-02	1.705586369235164920e-02
1.423824924924925028e+02	5.322247521848464530e-02	1.702081977793651335e-02
1.425426516516516529e+02	5.318633228791427858e-02	1.698578256653607982e-02
1.427028108108108029e+02	5.315024599067256356e-02	1.695075183313084558e-02
1.428629699699699813e+02	5.311421616887657821e-02	1.691572735202780120e-02
1.430231291291291313e+02	5.307824266525919266e-02	1.688070889684755924e-02
1.431832882882882814e+02	5.304232532316594667e-02	1.684569624051134723e-02
1.433434474474474598e+02	5.300646398655198960e-02	1.681068915522783772e-02
1.435036066066066098e+02	5.297065849997908971e-02	1.677568741247988451e-02
1.436637657657657599e+02	5.293490870861245617e-02	1.674069078301110985e-02
1.438239249249249383e+02	5.289921445821783169e-02	1.670569903681219659e-02
1.439840840840840883e+02	5.286357559515850874e-02	1.667071194310727755e-02
1.441442432432432383e+02	5.282799196639224870e-02	1.663572927033992940e-02
1.443044024024023884e+02	5.279246341946838839e-02	1.660075078615913177e-02
1.444645615615615668e+02	5.275698980252489789e-02	1.656577625740501478e-02
1.446247207207207168e+02	5.272157096428543854e-02	1.653080545009451285e-02
1.447848798798798668e+02	5.268620675405643466e-02	1.649583812940672023e-02
1.449450390390390453e+02	5.265089702172422864e-02	1.646087405966816658e-02
1.451051981981981953e+02	5.261564161775213883e-02	1.642591300433791923e-02
1.452653573573573453e+02	5.258044039317770479e-02	1.639095472599244596e-02
1.454255165165165238e+02	5.254529319960971057e-02	1.635599898631033208e-02
1.455856756756756738e+02	5.251019988922551313e-02	1.632104554605683447e-02
1.457458348348348238e+02	5.247516031476812809e-02	1.628609416506814414e-02
1.459059939939940023e+02	5.244017432954347496e-02	1.625114460223560722e-02
1.460661531531531523e+02	5.240524178741762240e-02	1.621619661548961977e-02
1.462263123123123023e+02	5.237036254281400571e-02	1.618124996178335606e-02
1.463864714714714808e+02	5.233553645071071375e-02	1.614630439707633036e-02
1.465466306306306308e+02	5.230076336663775499e-02	1.611135967631770888e-02
1.467067897897897808e+02	5.226604314667434442e-02	1.607641555342941009e-02
1.468669489489489592e+02	5.223137564744623901e-02	1.604147178128898302e-02
1.470271081081081093e+02	5.219676072612305234e-02	1.600652811171233633e-02
1.471872672672672593e+02	5.216219824041556929e-02	1.597158429543610314e-02
1.473474264264264377e+02	5.212768804857314392e-02	1.593664008209990865e-02
1.475075855855855878e+02	5.209323000938108350e-02	1.590169522022831169e-02
1.476677447447447378e+02	5.205882398215798401e-02	1.586674945721257973e-02
1.478279039039039162e+02	5.202446982675316967e-02	1.583180253929211689e-02
1.479880630630630662e+02	5.199016740354413246e-02	1.579685421153580530e-02
1.481482222222222163e+02	5.195591657343394398e-02	1.576190421782289533e-02
1.483083813813813947e+02	5.192171719784868800e-02	1.572695230082380227e-02
1.484685405405405447e+02	5.188756913873499022e-02	1.569199820198055248e-02
1.486286996996996947e+02	5.185347225855742315e-02	1.565704166148699714e-02
1.487888588588588448e+02	5.181942642029606361e-02	1.562208241826868772e-02
1.489490180180180232e+02	5.178543148744397390e-02	1.558712020996259190e-02
1.491091771771771732e+02	5.175148732400472462e-02	1.555215477289639305e-02
1.492693363363363233e+02	5.171759379448996607e-02	1.551718584206760419e-02
1.494294954954955017e+02	5.168375076391696493e-02	1.548221315112230725e-02
1.495896546546546517e+02	5.164995809780614788e-02	1.544723643233363725e-02
1.497498138138138017e+02	5.161621566217872159e-02	1.541225541657996467e-02
1.499099729729729802e+02	5.158252332355425102e-02	1.537726983332268586e-02
1.500701321321321302e+02	5.154888094894830713e-02	1.534227941058383636e-02
1.502302912912912802e+02	5.151528840587003832e-02	1.530728387492319084e-02
1.503904504504504587e+02	5.148174556231984583e-02	1.527228295141519476e-02
1.505506096096096087e+02	5.144825228678703843e-02	1.523727636362549875e-02
1.507107687687687587e+02	5.141480844824746627e-02	1.520226383358708709e-02
1.508709279279279372e+02	5.138141391616123099e-02	1.516724508177611820e-02
1.510310870870870872e+02	5.134806856047041679e-02	1.513221982708743904e-02
1.511912462462462372e+02	5.131477225159669642e-02	1.509718778680958426e-02
1.513514054054054156e+02	5.128152486043914549e-02	1.506214867659956720e-02
1.515115645645645657e+02	5.124832625837195260e-02	1.502710221045719385e-02
1.516717237237237157e+02	5.121517631724214342e-02	1.499204810069899342e-02
1.518318828828828941e+02	5.118207490936735327e-02	1.495698605793175512e-02
1.519920420420420442e+02	5.114902190753360667e-02	1.492191579102570415e-02
1.521522012012011942e+02	5.111601718499311775e-02	1.488683700708714509e-02
1.523123603603603726e+02	5.108306061546205590e-02	1.485174941143081219e-02
1.524725195195195226e+02	5.105015207311838776e-02	1.481665270755171473e-02
1.526326786786786727e+02	5.101729143259966376e-02	1.478154659709651764e-02
1.527928378378378511e+02	5.098447856900091557e-02	1.474643077983453510e-02
1.529529969969970011e+02	5.095171335787244959e-02	1.471130495362824031e-02
1.531131561561561512e+02	5.091899567521773751e-02	1.467616881440324608e-02
1.532733153153153012e+02	5.088632539749127215e-02	1.464102205611788471e-02
1.534334744744744796e+02	5.085370240159647892e-02	1.460586437073223623e-02
1.535936336336336296e+02	5.082112656488359942e-02	1.457069544817674034e-02
1.537537927927927797e+02	5.078859776514759589e-02	1.453551497632012655e-02
1.539139519519519581e+02	5.075611588062606261e-02	1.450032264093703560e-02
1.540741111111111081e+02	5.072368078999722751e-02	1.446511812567493650e-02
1.542342702702702582e+02	5.069129237237780805e-02	1.442990111202056662e-02
1.543944294294294366e+02	5.065895050732101279e-02	1.439467127926578882e-02
1.545545885885885866e+02	5.062665507481452221e-02	1.435942830447296467e-02
1.547147477477477366e+02	5.059440595527844170e-02	1.432417186243956433e-02
1.548749069069069151e+02	5.056220302956332402e-02	1.428890162566238443e-02
1.550350660660660651e+02	5.053004617894814310e-02	1.425361726430099570e-02
1.551952252252252151e+02	5.049793528513833035e-02	1.421831844614067364e-02
1.553553843843843936e+02	5.046587023026378321e-02	1.418300483655461630e-02
1.555155435435435436e+02	5.043385089687691530e-02	1.414767609846559124e-02
1.556757027027026936e+02	5.040187716795071354e-02	1.411233189230683312e-02
1.558358618618618721e+02	5.036994892687676750e-02	1.407697187598232549e-02
1.559960210210210221e+02	5.033806605746338203e-02	1.404159570482636614e-02
1.561561801801801721e+02	5.030622844393362741e-02	1.400620303156240552e-02
1.563163393393393505e+02	5.027443597092341732e-02	1.397079350626117232e-02
1.564764984984985006e+02	5.024268852347966302e-02	1.393536677629809983e-02
1.566366576576576506e+02	5.021098598705835830e-02	1.389992248630988678e-02
1.567968168168168290e+02	5.017932824752267817e-02	1.386446027815038326e-02
1.569569759759759791e+02	5.014771519114116088e-02	1.382897979084565278e-02
1.571171351351351291e+02	5.011614670458582749e-02	1.379348066054816510e-02
1.572772942942943075e+02	5.008462267493032916e-02	1.375796252049024844e-02
1.574374534534534575e+02	5.005314298964814307e-02	1.372242500093662741e-02
1.575976126126126076e+02	5.002170753661071972e-02	1.368686772913610232e-02
1.577577717717717576e+02	4.999031620408567189e-02	1.365129032927235239e-02
1.579179309309309360e+02	4.995896888073499131e-02	1.361569242241380227e-02
1.580780900900900861e+02	4.992766545561323766e-02	1.358007362646259514e-02
1.582382492492492361e+02	4.989640581816576909e-02	1.354443355610254751e-02
1.583984084084084145e+02	4.986518985822692429e-02	1.350877182274619337e-02
1.585585675675675645e+02	4.983401746601833632e-02	1.347308803448078740e-02
1.587187267267267146e+02	4.980288853214712153e-02	1.343738179601328131e-02
1.588788858858858930e+02	4.977180294760412405e-02	1.340165270861424715e-02
1.590390450450450430e+02	4.974076060376224351e-02	1.336590037006079104e-02
1.591992042042041930e+02	4.970976139237465175e-02	1.333012437457823350e-02
1.593593633633633715e+02	4.967880520557309276e-02	1.329432431278080445e-02
1.595195225225225215e+02	4.964789193586617577e-02	1.325849977161107189e-02
1.596796816816816715e+02	4.961702147613771680e-02	1.322265033427826725e-02
1.598398408408408500e+02	4.958619371964498312e-02	1.318677558019532535e-02
1.600000000000000000e+02	4.955540856001706268e-02	1.315087508491474648e-02
