9.999999999999999547e-07	0.000000000000000000e+00	0.000000000000000000e+00
2.002011991991992090e-01	1.891619735802164826e+01	1.289906966386667619e+01
4.004013983983983893e-01	9.751510932263332876e+00	6.448375314825954163e+00
6.006015975975976806e-01	6.615428790331908893e+00	4.298095607244309946e+00
8.008017967967968609e-01	5.022458883512898709e+00	3.222933503706401304e+00
1.001001995995995930e+00	4.055749375494390740e+00	2.577823003718327399e+00
1.201202195195195221e+00	3.405516467952806714e+00	2.147740459555892656e+00
1.401402394394394291e+00	2.937657381222157138e+00	1.840532240778841366e+00
1.601602593593593582e+00	2.584581068729075781e+00	1.610121226493613555e+00
1.801802792792792873e+00	2.308484790380195051e+00	1.430908849790099024e+00
2.002002991991992165e+00	2.086556096158064477e+00	1.287535871585095970e+00
2.202203191191191234e+00	1.904204576959130479e+00	1.170228167895923210e+00
2.402403390390390747e+00	1.751659507210749922e+00	1.072469614242240521e+00
2.602603589589589816e+00	1.622129096127863823e+00	9.897490185173858368e-01
2.802803788788788886e+00	1.510744153313865912e+00	9.188440798698160883e-01
3.003003987987988399e+00	1.413921844364021130e+00	8.573917623877334027e-01
3.203204187187187468e+00	1.328966636673525992e+00	8.036197776284184080e-01
3.403404386386386538e+00	1.253811249827373020e+00	7.561728373585907548e-01
3.603604585585586051e+00	1.186843436354617198e+00	7.139968216076260088e-01
3.803804784784785120e+00	1.126787131087298555e+00	6.762595249288898547e-01
4.004004983983984189e+00	1.072619037398433006e+00	6.422951785714855477e-01
4.204205183183183259e+00	1.023508898979117898e+00	6.115648233090047459e-01
4.404405382382382328e+00	9.787759600540063554e-01	5.836274895685462649e-01
4.604605581581582285e+00	9.378567129372434863e-01	5.581188957054207256e-01
4.804805780780781355e+00	9.002806581484241732e-01	5.347354716478945891e-01
5.005005979979980424e+00	8.656518454666801698e-01	5.132222168205077262e-01
5.205206179179179493e+00	8.336346478161806850e-01	4.933633600490853754e-01
5.405406378378378562e+00	8.039426764575202666e-01	4.749750950143416528e-01
5.605606577577577632e+00	7.763300563808274157e-01	4.578998723718825659e-01
5.805806776776777589e+00	7.505844952712906748e-01	4.420018727953151649e-01
6.006006975975976658e+00	7.265217298149218017e-01	4.271633853966331218e-01
6.206207175175175728e+00	7.039810400180114280e-01	4.132818870860913707e-01
6.406407374374374797e+00	6.828215991891674053e-01	4.002676695428181719e-01
6.606607573573573866e+00	6.629194832872260523e-01	3.880418976376971973e-01
6.806807772772772935e+00	6.441652046291044265e-01	3.765350104812161813e-01
7.007007971971972005e+00	6.264616656569877984e-01	3.656853965721752475e-01
7.207208171171171962e+00	6.097224515396907352e-01	3.554382897505793948e-01
7.407408370370371031e+00	5.938703978560869734e-01	3.457448441815330620e-01
7.607608569569570101e+00	5.788363829655531756e-01	3.365613553912152889e-01
7.807808768768769170e+00	5.645583049625135796e-01	3.278486011408506817e-01
8.008008967967967351e+00	5.509802110895883898e-01	3.195712811673500076e-01
8.208209167167167308e+00	5.380515537240977419e-01	3.116975389112126016e-01
8.408409366366365489e+00	5.257265519625370365e-01	3.041985515673721885e-01
8.608609565565565447e+00	5.139636417015072123e-01	2.970481773368331968e-01
8.808809764764763628e+00	5.027250002236767212e-01	2.902226507791312304e-01
9.009009963963963585e+00	4.919761337533147261e-01	2.837003187834004625e-01
9.209210163163163543e+00	4.816855184617863106e-01	2.774614109770703330e-01
9.409410362362361724e+00	4.718242869998767186e-01	2.714878394432788111e-01
9.609610561561561681e+00	4.623659539586951750e-01	2.657630234728982632e-01
9.809810760760759862e+00	4.532861747279708919e-01	2.602717357748726146e-01
1.001001095995995982e+01	4.445625331001836766e-01	2.549999671407616186e-01
1.021021115915915800e+01	4.361743537012130467e-01	2.499348070306174341e-01
1.041041135835835796e+01	4.281025359193637581e-01	2.450643379369813191e-01
1.061061155755755792e+01	4.203294065144480007e-01	2.403775417072903930e-01
1.081081175675675610e+01	4.128385884937620376e-01	2.358642162745632487e-01
1.101101195595595605e+01	4.056148841999908106e-01	2.315149014717069187e-01
1.121121215515515424e+01	3.986441708429044328e-01	2.273208127940177237e-01
1.141141235435435419e+01	3.919133069563051075e-01	2.232737821338062201e-01
1.161161255355355415e+01	3.854100484669875648e-01	2.193662046457037218e-01
1.181181275275275233e+01	3.791229732440037914e-01	2.155909910152991604e-01
1.201201295195195229e+01	3.730414131437857495e-01	2.119415245007346404e-01
1.221221315115115047e+01	3.671553926939996049e-01	2.084116221995568063e-01
1.241241335035035043e+01	3.614555736737768976e-01	2.049955000637920521e-01
1.261261354954954861e+01	3.559332049370456108e-01	2.016877412467877606e-01
1.281281374874874857e+01	3.505800769078388779e-01	1.984832674174171752e-01
1.301301394794794852e+01	3.453884802503865425e-01	1.953773127220955197e-01
1.321321414714714670e+01	3.403511682700394725e-01	1.923654001137861946e-01
1.341341434634634666e+01	3.354613226601869114e-01	1.894433198007074992e-01
1.361361454554554484e+01	3.307125222513964680e-01	1.866071095965414484e-01
1.381381474474474480e+01	3.260987144595838827e-01	1.838530369792446828e-01
1.401401494394394298e+01	3.216141891668158892e-01	1.811775826876069473e-01
1.421421514314314294e+01	3.172535547931805144e-01	1.785774257039521584e-01
1.441441534234234290e+01	3.130117163506797029e-01	1.760494294882233579e-01
1.461461554154154108e+01	3.088838552887145927e-01	1.735906293434591741e-01
1.481481574074074103e+01	3.048654109629760356e-01	1.711982208056421206e-01
1.501501593993993922e+01	3.009520635771335551e-01	1.688695489623137924e-01
1.521521613913913917e+01	2.971397184622654453e-01	1.666020986144154392e-01
1.541541633833833913e+01	2.934244915732452386e-01	1.643934852046999850e-01
1.561561653753753731e+01	2.898026960939759089e-01	1.622414464439230486e-01
1.581581673673673727e+01	2.862708300520698246e-01	1.601438345729860602e-01
1.601601693593593723e+01	2.828255648576575854e-01	1.580986092053886793e-01
1.621621713513513541e+01	2.794637346846680082e-01	1.561038306998412950e-01
1.641641733433433714e+01	2.761823266246000164e-01	1.541576540177821419e-01
1.661661753353353532e+01	2.729784715467063472e-01	1.522583230249051900e-01
1.681681773273273350e+01	2.698494356075594180e-01	1.504041651996986806e-01
1.701701793193193524e+01	2.667926123552390449e-01	1.485935867154778434e-01
1.721721813113113342e+01	2.638055153812215448e-01	1.468250678655119434e-01
1.741741833033033160e+01	2.608857714756922519e-01	1.450971588036412685e-01
1.761761852952952978e+01	2.580311142461866880e-01	1.434084755752897677e-01
1.781781872872873151e+01	2.552393781639847870e-01	1.417576964160339181e-01
1.801801892792792970e+01	2.525084930046871401e-01	1.401435582969186300e-01
1.821821912712712788e+01	2.498364786524001624e-01	1.385648536975405964e-01
1.841841932632632961e+01	2.472214402414466272e-01	1.370204275895698653e-01
1.861861952552552779e+01	2.446615636091688251e-01	1.355091746148708032e-01
1.881881972472472597e+01	2.421551110363201198e-01	1.340300364437309322e-01
1.901901992392392415e+01	2.397004172561024160e-01	1.325819992999285879e-01
1.921922012312312589e+01	2.372958857097041407e-01	1.311640916404732959e-01
1.941942032232232407e+01	2.349399850325182837e-01	1.297753819788578789e-01
1.961962052152152225e+01	2.326312457542378809e-01	1.284149768415722426e-01
1.981982072072072398e+01	2.303682571974774995e-01	1.270820188484562130e-01
2.002002091991992216e+01	2.281496645605695095e-01	1.257756849082233841e-01
2.022022111911912035e+01	2.259741661741990204e-01	1.244951845211744040e-01
2.042042131831831853e+01	2.238405109162511508e-01	1.232397581817432503e-01
2.062062151751752026e+01	2.217474957781760403e-01	1.220086758740928923e-01
2.082082171671671844e+01	2.196939635693533344e-01	1.208012356544971438e-01
2.102102191591591662e+01	2.176788007527220570e-01	1.196167623147233461e-01
2.122122211511511836e+01	2.157009354017652425e-01	1.184546061210672574e-01
2.142142231431431654e+01	2.137593352713767769e-01	1.173141416240910118e-01
2.162162251351351472e+01	2.118530059748924832e-01	1.161947665344816999e-01
2.182182271271271645e+01	2.099809892613850315e-01	1.150959006607847196e-01
2.202202291191191463e+01	2.081423613859746946e-01	1.140169849050746281e-01
2.222222311111111281e+01	2.063362315675354164e-01	1.129574803129096139e-01
2.242242331031031100e+01	2.045617405286589419e-01	1.119168671741775783e-01
2.262262350950951273e+01	2.028180591126201859e-01	1.108946441716809062e-01
2.282282370870871091e+01	2.011043869726957811e-01	1.098903275745293506e-01
2.302302390790790909e+01	1.994199513294705184e-01	1.089034504736128561e-01
2.322322410710711083e+01	1.977640057914815952e-01	1.079335620566162363e-01
2.342342430630630901e+01	1.961358292368471923e-01	1.069802269202092398e-01
2.362362450550550719e+01	1.945347247506448163e-01	1.060430244172071157e-01
2.382382470470470537e+01	1.929600186157529318e-01	1.051215480366448352e-01
2.402402490390390710e+01	1.914110593539987693e-01	1.042154048148449252e-01
2.422422510310310528e+01	1.898872168141395589e-01	1.033242147756860130e-01
2.442442530230230346e+01	1.883878813048828482e-01	1.024476103983969072e-01
2.462462550150150520e+01	1.869124627696080176e-01	1.015852361113094710e-01
2.482482570070070338e+01	1.854603900008738315e-01	1.007367478101055952e-01
2.502502589989990156e+01	1.840311098921207644e-01	9.990181239918570488e-02
2.522522609909909974e+01	1.826240867253673128e-01	9.908010735487540743e-02
2.542542629829830148e+01	1.812388014915924384e-01	9.827132030926591377e-02
2.562562649749749966e+01	1.798747512434366869e-01	9.747514865356038394e-02
2.582582669669669784e+01	1.785314484773759813e-01	9.669129915986730828e-02
2.602602689589589957e+01	1.772084205445156602e-01	9.591948762044814891e-02
2.622622709509509775e+01	1.759052090876773722e-01	9.515943850348654309e-02
2.642642729429429593e+01	1.746213695048643710e-01	9.441088462450268615e-02
2.662662749349349411e+01	1.733564704355651520e-01	9.367356683258970529e-02
2.682682769269269585e+01	1.721100932709399844e-01	9.294723371069810169e-02
2.702702789189189403e+01	1.708818316850702346e-01	9.223164128923928839e-02
2.722722809109109221e+01	1.696712911870880414e-01	9.152655277232313313e-02
2.742742829029029394e+01	1.684780886921915521e-01	9.083173827598403638e-02
2.762762848948949213e+01	1.673018521120028523e-01	9.014697457778717005e-02
2.782782868868869031e+01	1.661422199620526396e-01	8.947204487724211286e-02
2.802802888788788849e+01	1.649988409857948701e-01	8.880673856648346742e-02
2.822822908708709022e+01	1.638713737949110960e-01	8.815085101070867235e-02
2.842842928628628840e+01	1.627594865246208000e-01	8.750418333789221348e-02
2.862862948548548658e+01	1.616628565031051346e-01	8.686654223732204194e-02
2.882882968468468832e+01	1.605811699348936028e-01	8.623773976652947260e-02
2.902902988388388650e+01	1.595141215971019044e-01	8.561759316620741467e-02
2.922923008308308468e+01	1.584614145482769465e-01	8.500592468273374114e-02
2.942943028228228286e+01	1.574227598487862312e-01	8.440256139793797519e-02
2.962963048148148459e+01	1.563978762926654664e-01	8.380733506576859559e-02
2.982983068068068278e+01	1.553864901499288909e-01	8.322008195553665111e-02
3.003003087987988096e+01	1.543883349197019972e-01	8.264064270142901236e-02
3.023023107907908269e+01	1.534031510922610198e-01	8.206886215800071604e-02
3.043043127827828087e+01	1.524306859211829179e-01	8.150458926137066351e-02
3.063063147747747905e+01	1.514706932038961396e-01	8.094767689586025716e-02
3.083083167667668079e+01	1.505229330708699742e-01	8.039798176582717282e-02
3.103103187587587897e+01	1.495871717829934944e-01	7.985536427246005264e-02
3.123123207507507715e+01	1.486631815365437592e-01	7.931968839531106097e-02
3.143143227427427533e+01	1.477507402756365329e-01	7.879082157835554101e-02
3.163163247347347706e+01	1.468496315118277551e-01	7.826863462037793318e-02
3.183183267267267524e+01	1.459596441501797570e-01	7.775300156949369046e-02
3.203203287187186987e+01	1.450805723223325405e-01	7.724379962162598867e-02
3.223223307107107161e+01	1.442122152252034162e-01	7.674090902276560489e-02
3.243243327027026623e+01	1.433543769661378697e-01	7.624421297485034499e-02
3.263263346946946797e+01	1.425068664129514606e-01	7.575359754510854748e-02
3.283283366866866970e+01	1.416694970505389395e-01	7.526895157871904551e-02
3.303303386786786433e+01	1.408420868415960203e-01	7.479016661464653326e-02
3.323323406706706606e+01	1.400244580930591898e-01	7.431713680451881854e-02
3.343343426626626780e+01	1.392164373268279243e-01	7.384975883441825817e-02
3.363363446546546243e+01	1.384178551554818837e-01	7.338793184946595938e-02
3.383383466466466416e+01	1.376285461621688522e-01	7.293155738108327013e-02
3.403403486386386589e+01	1.368483487845716107e-01	7.248053927682000797e-02
3.423423506306306052e+01	1.360771052032118678e-01	7.203478363264467776e-02
3.443443526226226226e+01	1.353146612335181798e-01	7.159419872759630044e-02
3.463463546146146399e+01	1.345608662215589113e-01	7.115869496070240108e-02
3.483483566066065862e+01	1.338155729432918550e-01	7.072818479007191017e-02
3.503503585985986035e+01	1.330786375073201577e-01	7.030258267407603345e-02
3.523523605905905498e+01	1.323499192611701236e-01	6.988180501453421234e-02
3.543543625825825671e+01	1.316292807002836796e-01	6.946577010182540535e-02
3.563563645745745845e+01	1.309165873802830837e-01	6.905439806184972273e-02
3.583583665665665308e+01	1.302117078323791477e-01	6.864761080476725064e-02
3.603603685585585481e+01	1.295145134809936593e-01	6.824533197544564722e-02
3.623623705505505654e+01	1.288248785647902184e-01	6.784748690554996686e-02
3.643643725425425117e+01	1.281426800598591820e-01	6.745400256721181820e-02
3.663663745345345291e+01	1.274677976053216200e-01	6.706480752821729341e-02
3.683683765265265464e+01	1.268001134318286760e-01	6.667983190865602039e-02
3.703703785185184927e+01	1.261395122918639311e-01	6.629900733897593768e-02
3.723723805105105100e+01	1.254858813923917515e-01	6.592226691939101491e-02
3.743743825025025274e+01	1.248391103301527971e-01	6.554954518059115387e-02
3.763763844944944736e+01	1.241990910280093979e-01	6.518077804570594769e-02
3.783783864864864910e+01	1.235657176743693436e-01	6.481590279347561323e-02
3.803803884784784373e+01	1.229388866638533723e-01	6.445485802258495156e-02
3.823823904704704546e+01	1.223184965399212176e-01	6.409758361711742625e-02
3.843843924624624719e+01	1.217044479393857431e-01	6.374402071308871154e-02
3.863863944544544182e+01	1.210966435386751500e-01	6.339411166602051950e-02
3.883883964464464356e+01	1.204949880016401992e-01	6.304780001951694468e-02
3.903903984384384529e+01	1.198993879289443065e-01	6.270503047480796566e-02
3.923924004304303992e+01	1.193097518089793890e-01	6.236574886122465966e-02
3.943944024224224165e+01	1.187259899705535859e-01	6.202990210757391293e-02
3.963964044144144339e+01	1.181480145364849771e-01	6.169743821438020137e-02
3.983984064064063801e+01	1.175757393791423272e-01	6.136830622696429205e-02
4.004004083983983975e+01	1.170090800768652239e-01	6.104245620932936822e-02
4.024024103903904148e+01	1.164479538718435764e-01	6.071983921882665586e-02
4.044044123823823611e+01	1.158922796294503815e-01	6.040040728157342748e-02
4.064064143743743784e+01	1.153419777983960559e-01	6.008411336859728613e-02
4.084084163663663247e+01	1.147969703721439805e-01	5.977091137268230464e-02
4.104104183583583421e+01	1.142571808517874876e-01	5.946075608589237310e-02
4.124124203503503594e+01	1.137225342095892905e-01	5.915360317774939064e-02
4.144144223423423057e+01	1.131929568536435421e-01	5.884940917404374305e-02
4.164164243343343230e+01	1.126683765937536580e-01	5.854813143625586108e-02
4.184184263263263404e+01	1.121487226081161331e-01	5.824972814156862549e-02
4.204204283183182866e+01	1.116339254109992574e-01	5.795415826345064192e-02
4.224224303103103040e+01	1.111239168212979078e-01	5.766138155279149774e-02
4.244244323023023213e+01	1.106186299320213312e-01	5.737135851957103627e-02
4.264264342942942676e+01	1.101179990806615688e-01	5.708405041504472505e-02
4.284284362862862849e+01	1.096219598202440443e-01	5.679941921442850650e-02
4.304304382782783023e+01	1.091304488913341364e-01	5.651742760006674832e-02
4.324324402702702486e+01	1.086434041947581530e-01	5.623803894506772955e-02
4.344344422622622659e+01	1.081607647650784654e-01	5.596121729739140377e-02
4.364364442542542832e+01	1.076824707448197083e-01	5.568692736437521468e-02
4.384384462462462295e+01	1.072084633592350622e-01	5.541513449768366989e-02
4.404404482382382469e+01	1.067386848921117182e-01	5.514580467866826013e-02
4.424424502302301931e+01	1.062730786617810952e-01	5.487890450412501869e-02
4.444444522222222105e+01	1.058115889981047358e-01	5.461440117243664127e-02
4.464464542142142278e+01	1.053541612200387945e-01	5.435226247008762696e-02
4.484484562062061741e+01	1.049007416135762510e-01	5.409245675854047058e-02
4.504504581981981914e+01	1.044512774105196690e-01	5.383495296146170728e-02
4.524524601901902088e+01	1.040057167676768923e-01	5.357972055228722719e-02
4.544544621821821551e+01	1.035640087467265685e-01	5.332672954211592486e-02
4.564564641741741724e+01	1.031261032943545791e-01	5.307595046792212834e-02
4.584584661661661897e+01	1.026919512233076814e-01	5.282735438107665632e-02
4.604604681581581360e+01	1.022615041934278324e-01	5.258091283616737194e-02
4.624624701501501534e+01	1.018347146938477499e-01	5.233659788011000430e-02
4.644644721421421707e+01	1.014115360247658387e-01	5.209438204154055729e-02
4.664664741341341170e+01	1.009919222806652944e-01	5.185423832048084020e-02
4.684684761261261343e+01	1.005758283330897285e-01	5.161614017826886280e-02
4.704704781181180806e+01	1.001632098144773497e-01	5.138006152774642760e-02
4.724724801101100979e+01	9.975402310202102774e-02	5.114597672369595310e-02
4.744744821021021153e+01	9.934822530222457704e-02	5.091386055351955486e-02
4.764764840940940616e+01	9.894577423548560347e-02	5.068368822815291774e-02
4.784784860860860789e+01	9.854662842155965941e-02	5.045543537320728439e-02
4.804804880780780962e+01	9.815074706472531885e-02	5.022907802033287072e-02
4.824824900700700425e+01	9.775809004014796022e-02	5.000459259879720675e-02
4.844844920620620599e+01	9.736861787968052739e-02	4.978195592727229640e-02
4.864864940540540772e+01	9.698229175881886710e-02	4.956114520582453192e-02
4.884884960460460235e+01	9.659907348334471899e-02	4.934213800810145073e-02
4.904904980380380408e+01	9.621892547674089358e-02	4.912491227370988783e-02
4.924925000300300582e+01	9.584181076761792706e-02	4.890944630077996569e-02
4.944945020220220044e+01	9.546769297761163731e-02	4.869571873870970347e-02
4.964965040140140218e+01	9.509653630959181980e-02	4.848370858108503462e-02
4.984985060060059681e+01	9.472830553584499214e-02	4.827339515877055592e-02
5.005005079979979854e+01	9.436296598710394723e-02	4.806475813316588019e-02
5.025025099899900027e+01	9.400048354116997962e-02	4.785777748962331823e-02
5.045045119819819490e+01	9.364082461247294487e-02	4.765243353102215779e-02
5.065065139739739664e+01	9.328395614123251300e-02	4.744870687149533445e-02
5.085085159659659837e+01	9.292984558342998191e-02	4.724657843030426185e-02
5.105105179579579300e+01	9.257846090060618816e-02	4.704602942585772718e-02
5.125125199499499473e+01	9.222977055023567905e-02	4.684704136987100087e-02
5.145145219419419647e+01	9.188374347595458513e-02	4.664959606166122624e-02
5.165165239339339109e+01	9.154034909836769596e-02	4.645367558257546686e-02
5.185185259259259283e+01	9.119955730578796493e-02	4.625926229054780348e-02
5.205205279179179456e+01	9.086133844548675842e-02	4.606633881478201797e-02
5.225225299099098919e+01	9.052566331474491690e-02	4.587488805055652680e-02
5.245245319019019092e+01	9.019250315247280547e-02	4.568489315414812207e-02
5.265265338938939266e+01	8.986182963088343301e-02	4.549633753787172413e-02
5.285285358858858729e+01	8.953361484733765585e-02	4.530920486523262042e-02
5.305305378778778902e+01	8.920783131627092744e-02	4.512347904618856792e-02
5.325325398698698365e+01	8.888445196157579442e-02	4.493914423251874068e-02
5.345345418618618538e+01	8.856345010888287683e-02	4.475618481329662890e-02
5.365365438538538712e+01	8.824479947816767089e-02	4.457458541046442624e-02
5.385385458458458174e+01	8.792847417652192854e-02	4.439433087450596338e-02
5.405405478378378348e+01	8.761444869095119659e-02	4.421540628021582847e-02
5.425425498298298521e+01	8.730269788139892462e-02	4.403779692256216266e-02
5.445445518218217984e+01	8.699319697407464913e-02	4.386148831264073678e-02
5.465465538138138157e+01	8.668592155474584560e-02	4.368646617371777646e-02
5.485485558058058331e+01	8.638084756212691118e-02	4.351271643735957900e-02
5.505505577977977794e+01	8.607795128162716580e-02	4.334022523964651402e-02
5.525525597897897967e+01	8.577720933910301659e-02	4.316897891746925009e-02
5.545545617817818140e+01	8.547859869467995531e-02	4.299896400490525739e-02
5.565565637737737603e+01	8.518209663687122124e-02	4.283016722967351864e-02
5.585585657657657777e+01	8.488768077675787338e-02	4.266257550966534584e-02
5.605605677577577239e+01	8.459532904216375548e-02	4.249617594954966521e-02
5.625625697497497413e+01	8.430501967213258063e-02	4.233095583745065393e-02
5.645645717417417586e+01	8.401673121145836198e-02	4.216690264169615371e-02
5.665665737337337049e+01	8.373044250531538890e-02	4.200400400763489722e-02
5.685685757257257222e+01	8.344613269396991551e-02	4.184224775452106970e-02
5.705705777177177396e+01	8.316378120771472648e-02	4.168162187246436667e-02
5.725725797097096859e+01	8.288336776181458310e-02	4.152211451944406301e-02
5.745745817017017032e+01	8.260487235149402419e-02	4.136371401838542794e-02
5.765765836936937205e+01	8.232827524726633872e-02	4.120640885429716072e-02
5.785785856856856668e+01	8.205355699004497627e-02	4.105018767146810521e-02
5.805805876776776842e+01	8.178069838670078140e-02	4.089503927072202921e-02
5.825825896696697015e+01	8.150968050532057807e-02	4.074095260672899038e-02
5.845845916616616478e+01	8.124048467095208725e-02	4.058791678537188030e-02
5.865865936536536651e+01	8.097309246111039638e-02	4.043592106116696699e-02
5.885885956456456114e+01	8.070748570162339375e-02	4.028495483473699262e-02
5.905905976376376287e+01	8.044364646243841455e-02	4.013500765033568146e-02
5.925925996296296461e+01	8.018155705342193407e-02	3.998606919342245075e-02
5.945946016216215924e+01	7.992120002045814686e-02	3.983812928828605465e-02
5.965966036136136097e+01	7.966255814154993287e-02	3.969117789571602328e-02
5.985986056056056270e+01	7.940561442286127314e-02	3.954520511072100175e-02
6.006006075975975733e+01	7.915035209500549673e-02	3.940020116029246955e-02
6.026026095895895907e+01	7.889675460934697515e-02	3.925615640121317418e-02
6.046046115815816080e+01	7.864480563431629212e-02	3.911306131790910634e-02
6.066066135735735543e+01	7.839448905193326100e-02	3.897090652034389952e-02
6.086086155655655716e+01	7.814578895430876471e-02	3.882968274195484903e-02
6.106106175575575890e+01	7.789868964017097885e-02	3.868938083762955144e-02
6.126126195495495352e+01	7.765317561154864989e-02	3.854999178172210245e-02
6.146146215415415526e+01	7.740923157051907144e-02	3.841150666610815972e-02
6.166166235335335699e+01	7.716684241591648119e-02	3.827391669827785031e-02
6.186186255255255162e+01	7.692599324020694962e-02	3.813721319946567628e-02
6.206206275175175335e+01	7.668666932645326617e-02	3.800138760281660671e-02
6.226226295095094798e+01	7.644885614513385885e-02	3.786643145158762047e-02
6.246246315015014972e+01	7.621253935127031420e-02	3.773233639738370754e-02
6.266266334934935145e+01	7.597770478149400153e-02	3.759909419842778072e-02
6.286286354854854608e+01	7.574433845113963393e-02	3.746669671786356098e-02
6.306306374774774781e+01	7.551242655139436821e-02	3.733513592209081189e-02
6.326326394694694955e+01	7.528195544664467720e-02	3.720440387913220848e-02
6.346346414614614417e+01	7.505291167174449329e-02	3.707449275703104952e-02
6.366366434534534591e+01	7.482528192923490473e-02	3.694539482227922333e-02
6.386386454454454764e+01	7.459905308681556713e-02	3.681710243827473333e-02
6.406406474374374227e+01	7.437421217489179059e-02	3.668960806380815870e-02
6.426426494294294400e+01	7.415074638384210048e-02	3.656290425157734947e-02
6.446446514214214574e+01	7.392864306173170530e-02	3.643698364672981471e-02
6.466466534134134747e+01	7.370788971181521654e-02	3.631183898543221406e-02
6.486486554054053499e+01	7.348847399012782555e-02	3.618746309346627943e-02
6.506506573973973673e+01	7.327038370326047212e-02	3.606384888485065360e-02
6.526526593893893846e+01	7.305360680595336664e-02	3.594098936048815973e-02
6.546546613813814020e+01	7.283813139891390231e-02	3.581887760683779426e-02
6.566566633733734193e+01	7.262394572659162939e-02	3.569750679461106135e-02
6.586586653653654366e+01	7.241103817499369710e-02	3.557687017749205233e-02
6.606606673573573119e+01	7.219939726960890314e-02	3.545696109088080500e-02
6.626626693493493292e+01	7.198901167325945372e-02	3.533777295065938795e-02
6.646646713413413465e+01	7.177987018406016551e-02	3.521929925198042516e-02
6.666666733333333639e+01	7.157196173344160250e-02	3.510153356807720060e-02
6.686686753253253812e+01	7.136527538407262672e-02	3.498446954909537054e-02
6.706706773173172564e+01	7.115980032810517719e-02	3.486810092094546482e-02
6.726726793093092738e+01	7.095552588500388114e-02	3.475242148417587162e-02
6.746746813013012911e+01	7.075244149988650644e-02	3.463742511286594522e-02
6.766766832932933085e+01	7.055053674163819233e-02	3.452310575353875061e-02
6.786786852852853258e+01	7.034980130093855533e-02	3.440945742409293184e-02
6.806806872772773431e+01	7.015022498873790813e-02	3.429647421275362068e-02
6.826826892692692184e+01	6.995179773429383019e-02	3.418415027704162223e-02
6.846846912612612357e+01	6.975450958358767051e-02	3.407247984276075975e-02
6.866866932532532530e+01	6.955835069754363886e-02	3.396145720300294130e-02
6.886886952452452704e+01	6.936331135046368279e-02	3.385107671717054595e-02
6.906906972372372877e+01	6.916938192829220899e-02	3.374133281001578943e-02
6.926926992292293050e+01	6.897655292714714725e-02	3.363221997069682639e-02
6.946947012212211803e+01	6.878481495158848824e-02	3.352373275185002721e-02
6.966967032132131976e+01	6.859415871319061997e-02	3.341586576867839470e-02
6.986987052052052150e+01	6.840457502895726238e-02	3.330861369805556554e-02
7.007007071971972323e+01	6.821605481990608566e-02	3.320197127764517447e-02
7.027027091891892496e+01	6.802858910949648175e-02	3.309593330503530356e-02
7.047047111811811249e+01	6.784216902222603429e-02	3.299049463688760730e-02
7.067067131731731422e+01	6.765678578222508732e-02	3.288565018810098856e-02
7.087087151651651595e+01	6.747243071188803454e-02	3.278139493098939511e-02
7.107107171571571769e+01	6.728909523042538032e-02	3.267772389447348713e-02
7.127127191491491942e+01	6.710677085254214413e-02	3.257463216328599503e-02
7.147147211411412115e+01	6.692544918717685531e-02	3.247211487719033757e-02
7.167167231331330868e+01	6.674512193604578703e-02	3.237016723021242381e-02
7.187187251251251041e+01	6.656578089257855768e-02	3.226878446988521582e-02
7.207207271171171215e+01	6.638741794042989086e-02	3.216796189650590609e-02
7.227227291091091388e+01	6.621002505235573654e-02	3.206769486240547418e-02
7.247247311011011561e+01	6.603359428900766603e-02	3.196797877123029596e-02
7.267267330930930314e+01	6.585811779769724927e-02	3.186880907723562556e-02
7.287287350850850487e+01	6.568358781118061041e-02	3.177018128459072749e-02
7.307307370770770660e+01	6.550999664656269317e-02	3.167209094669547892e-02
7.327327390690690834e+01	6.533733670412014694e-02	3.157453366550810187e-02
7.347347410610611007e+01	6.516560046615574309e-02	3.147750509088389353e-02
7.367367430530531180e+01	6.499478049597036400e-02	3.138100091992477442e-02
7.387387450450449933e+01	6.482486943666695978e-02	3.128501689633938349e-02
7.407407470370370106e+01	6.465586001015809214e-02	3.118954880981351929e-02
7.427427490290290280e+01	6.448774501607930365e-02	3.109459249539084022e-02
7.447447510210210453e+01	6.432051733079334477e-02	3.100014383286345265e-02
7.467467530130130626e+01	6.415416990625197324e-02	3.090619874617237667e-02
7.487487550050050800e+01	6.398869576917984303e-02	3.081275320281758393e-02
7.507507569969969552e+01	6.382408801995632930e-02	3.071980321327748981e-02
7.527527589889889725e+01	6.366033983158772558e-02	3.062734483043767428e-02
7.547547609809809899e+01	6.349744444897303941e-02	3.053537414902877251e-02
7.567567629729730072e+01	6.333539518767659915e-02	3.044388730507318480e-02
7.587587649649650245e+01	6.317418543327145419e-02	3.035288047534059896e-02
7.607607669569568998e+01	6.301380864023889417e-02	3.026234987681213073e-02
7.627627689489489171e+01	6.285425833111181471e-02	3.017229176615279784e-02
7.647647709409409345e+01	6.269552809569108043e-02	3.008270243919241790e-02
7.667667729329329518e+01	6.253761159001310077e-02	2.999357823041452764e-02
7.687687749249249691e+01	6.238050253560572384e-02	2.990491551245333390e-02
7.707707769169169865e+01	6.222419471863767371e-02	2.981671069559847093e-02
7.727727789089088617e+01	6.206868198905772516e-02	2.972896022730750834e-02
7.747747809009008790e+01	6.191395825975887224e-02	2.964166059172593237e-02
7.767767828928928964e+01	6.176001750577898852e-02	2.955480830921464186e-02
7.787787848848849137e+01	6.160685376360709731e-02	2.946839993588465031e-02
7.807807868768769310e+01	6.145446113025575946e-02	2.938243206313898015e-02
7.827827888688689484e+01	6.130283376255684508e-02	2.929690131722159641e-02
7.847847908608608236e+01	6.115196587647964838e-02	2.921180435877321693e-02
7.867867928528528410e+01	6.100185174618195927e-02	2.912713788239389492e-02
7.887887948448448583e+01	6.085248570354841180e-02	2.904289861621230442e-02
7.907907968368368756e+01	6.070386213721822022e-02	2.895908332146151717e-02
7.927927988288288930e+01	6.055597549202915847e-02	2.887568879206124997e-02
7.947948008208207682e+01	6.040882026825262346e-02	2.879271185420638479e-02
7.967968028128127855e+01	6.026239102091996563e-02	2.871014936596167841e-02
7.987988048048048029e+01	6.011668235910219704e-02	2.862799821686264762e-02
8.008008067967968202e+01	5.997168894534804506e-02	2.854625532752235254e-02
8.028028087887888375e+01	5.982740549486985360e-02	2.846491764924408488e-02
8.048048107807808549e+01	5.968382677500159994e-02	2.838398216363986412e-02
8.068068127727727301e+01	5.954094760452965929e-02	2.830344588225456454e-02
8.088088147647647475e+01	5.939876285307848364e-02	2.822330584619566970e-02
8.108108167567567648e+01	5.925726744042694727e-02	2.814355912576848098e-02
8.128128187487487821e+01	5.911645633593540228e-02	2.806420282011672096e-02
8.148148207407407995e+01	5.897632455800352891e-02	2.798523405686843823e-02
8.168168227327326747e+01	5.883686717334692118e-02	2.790664999178711983e-02
8.188188247247246920e+01	5.869807929649523137e-02	2.782844780842790022e-02
8.208208267167167094e+01	5.855995608919804113e-02	2.775062471779882883e-02
8.228228287087087267e+01	5.842249275985041124e-02	2.767317795802705718e-02
8.248248307007007440e+01	5.828568456292675115e-02	2.759610479402990757e-02
8.268268326926927614e+01	5.814952679844499067e-02	2.751940251719069488e-02
8.288288346846846366e+01	5.801401481139460692e-02	2.744306844503926340e-02
8.308308366766766540e+01	5.787914399120566711e-02	2.736709992093712060e-02
8.328328386686686713e+01	5.774490977126939956e-02	2.729149431376714716e-02
8.348348406606606886e+01	5.761130762829116264e-02	2.721624901762773052e-02
8.368368426526527060e+01	5.747833308191365592e-02	2.714136145153130120e-02
8.388388446446447233e+01	5.734598169415031088e-02	2.706682905910720582e-02
8.408408466366365985e+01	5.721424906888090967e-02	2.699264930830878526e-02
8.428428486286286159e+01	5.708313085132192544e-02	2.691881969112464718e-02
8.448448506206206332e+01	5.695262272762294242e-02	2.684533772329406390e-02
8.468468526126126505e+01	5.682272042435056181e-02	2.677220094402633921e-02
8.488488546046046679e+01	5.669341970796891450e-02	2.669940691572424141e-02
8.508508565965965431e+01	5.656471638446653599e-02	2.662695322371124579e-02
8.528528585885885605e+01	5.643660629879638374e-02	2.655483747596265945e-02
8.548548605805805778e+01	5.630908533446225828e-02	2.648305730284055554e-02
8.568568625725725951e+01	5.618214941314266658e-02	2.641161035683234001e-02
8.588588645645646125e+01	5.605579449411883519e-02	2.634049431229306890e-02
8.608608665565566298e+01	5.593001657396425713e-02	2.626970686519128004e-02
8.628628685485485050e+01	5.580481168602775127e-02	2.619924573285840885e-02
8.648648705405405224e+01	5.568017590001829442e-02	2.612910865374164227e-02
8.668668725325325397e+01	5.555610532166915805e-02	2.605929338716026986e-02
8.688688745245245570e+01	5.543259609222863510e-02	2.598979771306532058e-02
8.708708765165165744e+01	5.530964438811446227e-02	2.592061943180254402e-02
8.728728785085085917e+01	5.518724642047929257e-02	2.585175636387868070e-02
8.748748805005004670e+01	5.506539843486522867e-02	2.578320634973089998e-02
8.768768824924924843e+01	5.494409671071785739e-02	2.571496724949940554e-02
8.788788844844845016e+01	5.482333756112436202e-02	2.564703694280316693e-02
8.808808864764765190e+01	5.470311733236923185e-02	2.557941332851867977e-02
8.828828884684685363e+01	5.458343240352699077e-02	2.551209432456176540e-02
8.848848904604604115e+01	5.446427918617347680e-02	2.544507786767231244e-02
8.868868924524524289e+01	5.434565412397800860e-02	2.537836191320190157e-02
8.888888944444444462e+01	5.422755369231125472e-02	2.531194443490439663e-02
8.908908964364364635e+01	5.410997439798096581e-02	2.524582342472923846e-02
8.928928984284284809e+01	5.399291277881835410e-02	2.517999689261760099e-02
8.948949004204204982e+01	5.387636540331082469e-02	2.511446286630125008e-02
8.968969024124123735e+01	5.376032887034089269e-02	2.504921939110410500e-02
8.988989044044043908e+01	5.364479980878701648e-02	2.498426452974644718e-02
9.009009063963964081e+01	5.352977487720043254e-02	2.491959636215172399e-02
9.029029083883884255e+01	5.341525076353660639e-02	2.485521298525596862e-02
9.049049103803804428e+01	5.330122418472944129e-02	2.479111251281968312e-02
9.069069123723723180e+01	5.318769188646172569e-02	2.472729307524225428e-02
9.089089143643643354e+01	5.307465064281843836e-02	2.466375281937882233e-02
9.109109163563563527e+01	5.296209725599466955e-02	2.460048990835955046e-02
9.129129183483483700e+01	5.285002855594751053e-02	2.453750252141127797e-02
9.149149203403403874e+01	5.273844140013205645e-02	2.447478885368148740e-02
9.169169223323324047e+01	5.262733267317151048e-02	2.441234711606463798e-02
9.189189243243242800e+01	5.251669928664035730e-02	2.435017553503069851e-02
9.209209263163162973e+01	5.240653817866280234e-02	2.428827235245595989e-02
9.229229283083083146e+01	5.229684631370364739e-02	2.422663582545604710e-02
9.249249303003003320e+01	5.218762068225373668e-02	2.416526422622107539e-02
9.269269322922923493e+01	5.207885830059793414e-02	2.410415584185294710e-02
9.289289342842843666e+01	5.197055621043926432e-02	2.404330897420480645e-02
9.309309362762762419e+01	5.186271147875262666e-02	2.398272193972245461e-02
9.329329382682682592e+01	5.175532119740636899e-02	2.392239306928789500e-02
9.349349402602602765e+01	5.164838248298334045e-02	2.386232070806489428e-02
9.369369422522522939e+01	5.154189247644889310e-02	2.380250321534644470e-02
9.389389442442443112e+01	5.143584834295874403e-02	2.374293896440425600e-02
9.409409462362361865e+01	5.133024727152429856e-02	2.368362634234011735e-02
9.429429482282282038e+01	5.122508647484619315e-02	2.362456374993916058e-02
9.449449502202202211e+01	5.112036318901528459e-02	2.356574960152502812e-02
9.469469522122122385e+01	5.101607467326534084e-02	2.350718232481683809e-02
9.489489542042042558e+01	5.091221820974811685e-02	2.344886036078794311e-02
9.509509561961962731e+01	5.080879110330165094e-02	2.339078216352652104e-02
9.529529581881881484e+01	5.070579068118336030e-02	2.333294620009788989e-02
9.549549601801801657e+01	5.060321429289214856e-02	2.327535095040856802e-02
9.569569621721721830e+01	5.050105930981223235e-02	2.321799490707203081e-02
9.589589641641642004e+01	5.039932312519333768e-02	2.316087657527615348e-02
9.609609661561562177e+01	5.029800315370523689e-02	2.310399447265229500e-02
9.629629681481482351e+01	5.019709683137566630e-02	2.304734712914606465e-02
9.649649701401401103e+01	5.009660161528393246e-02	2.299093308688961862e-02
9.669669721321321276e+01	4.999651498337119582e-02	2.293475090007559419e-02
9.689689741241241450e+01	4.989683443425314835e-02	2.287879913483262251e-02
9.709709761161161623e+01	4.979755748694127127e-02	2.282307636910231932e-02
9.729729781081081796e+01	4.969868168074519088e-02	2.276758119251785090e-02
9.749749801001000549e+01	4.960020457490569440e-02	2.271231220628396746e-02
9.769769820920920722e+01	4.950212374855805786e-02	2.265726802305849732e-02
9.789789840840840895e+01	4.940443680040790264e-02	2.260244726683534669e-02
9.809809860760761069e+01	4.930714134863344034e-02	2.254784857282887689e-02
9.829829880680681242e+01	4.921023503056691506e-02	2.249347058735972488e-02
9.849849900600601416e+01	4.911371550261998953e-02	2.243931196774198375e-02
9.869869920520520168e+01	4.901758044002572229e-02	2.238537138217183350e-02
9.889889940440440341e+01	4.892182753667564943e-02	2.233164750961738956e-02
9.909909960360360515e+01	4.882645450492217876e-02	2.227813903971003276e-02
9.929929980280280688e+01	4.873145907536496901e-02	2.222484467263695362e-02
9.949950000200200861e+01	4.863683899672222727e-02	2.217176311903502894e-02
9.969970020120119614e+01	4.854259203565791658e-02	2.211889309988598548e-02
9.989990040040039787e+01	4.844871597650176470e-02	2.206623334641278494e-02
1.001001005995995996e+02	4.835520862118167229e-02	2.201378259997729611e-02
1.003003007987988013e+02	4.826206778903901345e-02	2.196153961197918128e-02
1.005005009979980031e+02	4.816929131656467328e-02	2.190950314375597271e-02
1.007007011971972048e+02	4.807687705735504136e-02	2.185767196648434607e-02
1.009009013963963923e+02	4.798482288185215716e-02	2.180604486108258036e-02
1.011011015955955941e+02	4.789312667721291189e-02	2.175462061811415243e-02
1.013013017947947958e+02	4.780178634713492386e-02	2.170339803769253881e-02
1.015015019939939975e+02	4.771079981172027945e-02	2.165237592938703756e-02
1.017017021931931993e+02	4.762016500726933693e-02	2.160155311212979060e-02
1.019019023923924010e+02	4.752987988616627635e-02	2.155092841412387800e-02
1.021021025915915885e+02	4.743994241670358714e-02	2.150050067275247057e-02
1.023023027907907903e+02	4.735035058291746368e-02	2.145026873448905441e-02
1.025025029899899920e+02	4.726110238447852469e-02	2.140023145480876229e-02
1.027027031891891937e+02	4.717219583649506776e-02	2.135038769810063825e-02
1.029029033883883955e+02	4.708362896931874569e-02	2.130073633758102630e-02
1.031031035875875830e+02	4.699539982856416886e-02	2.125127625520792374e-02
1.033033037867867847e+02	4.690750647478490049e-02	2.120200634159629532e-02
1.035035039859859864e+02	4.681994698340811306e-02	2.115292549593444232e-02
1.037037041851851882e+02	4.673271944457344645e-02	2.110403262590129433e-02
1.039039043843843899e+02	4.664582196306128054e-02	2.105532664758467606e-02
1.041041045835835916e+02	4.655925265803844554e-02	2.100680648540047268e-02
1.043043047827827792e+02	4.647300966299856145e-02	2.095847107201279438e-02
1.045045049819819809e+02	4.638709112559003672e-02	2.091031934825502217e-02
1.047047051811811826e+02	4.630149520750680148e-02	2.086235026305173837e-02
1.049049053803803844e+02	4.621622008435428280e-02	2.081456277334159041e-02
1.051051055795795861e+02	4.613126394549094816e-02	2.076695584400101505e-02
1.053053057787787878e+02	4.604662499394939629e-02	2.071952844776883684e-02
1.055055059779779754e+02	4.596230144620319646e-02	2.067227956517171672e-02
1.057057061771771771e+02	4.587829153221163053e-02	2.062520818445046436e-02
1.059059063763763788e+02	4.579459349512054328e-02	2.057831330148716595e-02
1.061061065755755806e+02	4.571120559120648436e-02	2.053159391973315151e-02
1.063063067747747823e+02	4.562812608983005808e-02	2.048504905013777064e-02
1.065065069739739698e+02	4.554535327315070020e-02	2.043867771107798353e-02
1.067067071731731716e+02	4.546288543619414479e-02	2.039247892828868758e-02
1.069069073723723733e+02	4.538072088656180253e-02	2.034645173479392860e-02
1.071071075715715750e+02	4.529885794442362057e-02	2.030059517083879217e-02
1.073073077707707768e+02	4.521729494237540503e-02	2.025490828382209632e-02
1.075075079699699785e+02	4.513603022529773939e-02	2.020939012822983022e-02
1.077077081691691660e+02	4.505506215029250749e-02	2.016403976556932834e-02
1.079079083683683677e+02	4.497438908649360745e-02	2.011885626430419752e-02
1.081081085675675695e+02	4.489400941504817499e-02	2.007383869978994484e-02
1.083083087667667712e+02	4.481392152894667774e-02	2.002898615421031675e-02
1.085085089659659729e+02	4.473412383290535643e-02	1.998429771651436676e-02
1.087087091651651605e+02	4.465461474334187636e-02	1.993977248235420663e-02
1.089089093643643622e+02	4.457539268814249972e-02	1.989540955402341327e-02
1.091091095635635639e+02	4.449645610664861028e-02	1.985120804039618159e-02
1.093093097627627657e+02	4.441780344955175569e-02	1.980716705686707407e-02
1.095095099619619674e+02	4.433943317874843026e-02	1.976328572529147468e-02
1.097097101611611691e+02	4.426134376725437275e-02	1.971956317392668107e-02
1.099099103603603567e+02	4.418353369911987710e-02	1.967599853737363874e-02
1.101101105595595584e+02	4.410600146929640614e-02	1.963259095651931005e-02
1.103103107587587601e+02	4.402874558360368035e-02	1.958933957847969198e-02
1.105105109579579619e+02	4.395176455851595998e-02	1.954624355654339951e-02
1.107107111571571636e+02	4.387505692121361489e-02	1.950330205011593585e-02
1.109109113563563653e+02	4.379862120936350856e-02	1.946051422466449007e-02
1.111111115555555529e+02	4.372245597109813975e-02	1.941787925166340092e-02
1.113113117547547546e+02	4.364655976488888978e-02	1.937539630854013054e-02
1.115115119539539563e+02	4.357093115946952117e-02	1.933306457862191477e-02
1.117117121531531581e+02	4.349556873373607024e-02	1.929088325108290966e-02
1.119119123523523598e+02	4.342047107663968980e-02	1.924885152089191379e-02
1.121121125515515473e+02	4.334563678713745233e-02	1.920696858876071861e-02
1.123123127507507490e+02	4.327106447410315054e-02	1.916523366109290638e-02
1.125125129499499508e+02	4.319675275617441274e-02	1.912364594993328296e-02
1.127127131491491525e+02	4.312270026174668675e-02	1.908220467291779979e-02
1.129129133483483542e+02	4.304890562883034733e-02	1.904090905322404145e-02
1.131131135475475560e+02	4.297536750499775238e-02	1.899975831952219890e-02
1.133133137467467435e+02	4.290208454729880355e-02	1.895875170592659434e-02
1.135135139459459452e+02	4.282905542216132455e-02	1.891788845194770224e-02
1.137137141451451470e+02	4.275627880532451019e-02	1.887716780244470816e-02
1.139139143443443487e+02	4.268375338171718353e-02	1.883658900757850113e-02
1.141141145435435504e+02	4.261147784547283240e-02	1.879615132276523520e-02
1.143143147427427522e+02	4.253945089973762417e-02	1.875585400863034186e-02
1.145145149419419397e+02	4.246767125665513315e-02	1.871569633096301435e-02
1.147147151411411414e+02	4.239613763727201334e-02	1.867567756067118473e-02
1.149149153403403432e+02	4.232484877149206987e-02	1.863579697373698996e-02
1.151151155395395449e+02	4.225380339792816214e-02	1.859605385117265447e-02
1.153153157387387466e+02	4.218300026392910601e-02	1.855644747897686880e-02
1.155155159379379342e+02	4.211243812537803638e-02	1.851697714809163314e-02
1.157157161371371359e+02	4.204211574674428936e-02	1.847764215435948251e-02
1.159159163363363376e+02	4.197203190091512714e-02	1.843844179848124279e-02
1.161161165355355394e+02	4.190218536920151809e-02	1.839937538597416489e-02
1.163163167347347411e+02	4.183257494119523717e-02	1.836044222713049609e-02
1.165165169339339428e+02	4.176319941474455899e-02	1.832164163697650935e-02
1.167167171331331303e+02	4.169405759586788940e-02	1.828297293523191772e-02
1.169169173323323321e+02	4.162514829866044430e-02	1.824443544626972585e-02
1.171171175315315338e+02	4.155647034529515865e-02	1.820602849907650145e-02
1.173173177307307355e+02	4.148802256586842097e-02	1.816775142721301431e-02
1.175175179299299373e+02	4.141980379842551824e-02	1.812960356877533000e-02
1.177177181291291248e+02	4.135181288878483907e-02	1.809158426635626427e-02
1.179179183283283265e+02	4.128404869057213794e-02	1.805369286700722609e-02
1.181181185275275283e+02	4.121651006508514348e-02	1.801592872220049435e-02
1.183183187267267300e+02	4.114919588129006822e-02	1.797829118779181723e-02
1.185185189259259317e+02	4.108210501568783368e-02	1.794077962398341747e-02
1.187187191251251335e+02	4.101523635231179438e-02	1.790339339528740359e-02
1.189189193243243210e+02	4.094858878262611079e-02	1.786613187048948295e-02
1.191191195235235227e+02	4.088216120550144939e-02	1.782899442261309461e-02
1.193193197227227245e+02	4.081595252710716604e-02	1.779198042888388911e-02
1.195195199219219262e+02	4.074996166087297561e-02	1.775508927069456566e-02
1.197197201211211279e+02	4.068418752744343281e-02	1.771832033357002845e-02
1.199199203203203297e+02	4.061862905459496381e-02	1.768167300713295934e-02
1.201201205195195172e+02	4.055328517719916648e-02	1.764514668506967851e-02
1.203203207187187189e+02	4.048815483712595725e-02	1.760874076509635205e-02
1.205205209179179207e+02	4.042323698323074810e-02	1.757245464892557424e-02
1.207207211171171224e+02	4.035853057127390675e-02	1.753628774223324124e-02
1.209209213163163241e+02	4.029403456387112975e-02	1.750023945462576488e-02
1.211211215155155116e+02	4.022974793041425579e-02	1.746430919960762287e-02
1.213213217147147134e+02	4.016566964706032306e-02	1.742849639454921787e-02
1.215215219139139151e+02	4.010179869661598812e-02	1.739280046065506610e-02
1.217217221131131168e+02	4.003813406857249790e-02	1.735722082293227747e-02
1.219219223123123186e+02	3.997467475895383204e-02	1.732175691015937907e-02
1.221221225115115203e+02	3.991141977030038951e-02	1.728640815485539897e-02
1.223223227107107078e+02	3.984836811166028031e-02	1.725117399324933160e-02
1.225225229099099096e+02	3.978551879846934508e-02	1.721605386524978354e-02
1.227227231091091113e+02	3.972287085252129007e-02	1.718104721441504265e-02
1.229229233083083130e+02	3.966042330196770105e-02	1.714615348792335181e-02
1.231231235075075148e+02	3.959817518117771107e-02	1.711137213654351577e-02
1.233233237067067165e+02	3.953612553075391139e-02	1.707670261460577515e-02
1.235235239059059040e+02	3.947427339746711200e-02	1.704214437997296494e-02
1.237237241051051058e+02	3.941261783414762299e-02	1.700769689401195398e-02
1.239239243043043075e+02	3.935115789977574469e-02	1.697335962156539327e-02
1.241241245035035092e+02	3.928989265929298813e-02	1.693913203092366204e-02
1.243243247027027110e+02	3.922882118361255277e-02	1.690501359379717461e-02
1.245245249019018985e+02	3.916794254956405819e-02	1.687100378528888153e-02
1.247247251011011002e+02	3.910725583987519766e-02	1.683710208386706916e-02
1.249249253003003020e+02	3.904676014306626697e-02	1.680330797133844020e-02
1.251251254994995037e+02	3.898645455345468164e-02	1.676962093282139202e-02
1.253253256986987054e+02	3.892633817110142253e-02	1.673604045671962109e-02
1.255255258978979072e+02	3.886641010175074379e-02	1.670256603469590789e-02
1.257257260970970947e+02	3.880666945675600304e-02	1.666919716164623477e-02
1.259259262962962964e+02	3.874711535311448074e-02	1.663593333567407392e-02
1.261261264954954981e+02	3.868774691335051530e-02	1.660277405806495979e-02
1.263263266946946999e+02	3.862856326552930458e-02	1.656971883326131129e-02
1.265265268938939016e+02	3.856956354313396257e-02	1.653676716883744832e-02
1.267267270930930891e+02	3.851074688513042577e-02	1.650391857547490321e-02
1.269269272922922909e+02	3.845211243582383892e-02	1.647117256693791595e-02
1.271271274914914926e+02	3.839365934486665272e-02	1.643852866004918631e-02
1.273273276906906943e+02	3.833538676723797362e-02	1.640598637466585824e-02
1.275275278898898961e+02	3.827729386313759308e-02	1.637354523365571954e-02
1.277277280890890978e+02	3.821937979800200252e-02	1.634120476287361651e-02
1.279279282882882853e+02	3.816164374244924995e-02	1.630896449113810459e-02
1.281281284874874871e+02	3.810408487221001589e-02	1.627682395020832451e-02
1.283283286866866888e+02	3.804670236812318640e-02	1.624478267476107615e-02
1.285285288858858905e+02	3.798949541609610708e-02	1.621284020236811105e-02
1.287287290850850923e+02	3.793246320704390245e-02	1.618099607347364688e-02
1.289289292842842940e+02	3.787560493685771662e-02	1.614924983137209016e-02
1.291291294834834957e+02	3.781891980636609835e-02	1.611760102218593588e-02
1.293293296826826975e+02	3.776240702131789667e-02	1.608604919484393075e-02
1.295295298818818992e+02	3.770606579229510147e-02	1.605459390105938577e-02
1.297297300810810725e+02	3.764989533473862143e-02	1.602323469530870723e-02
1.299299302802802742e+02	3.759389486887584203e-02	1.599197113481012900e-02
1.301301304794794760e+02	3.753806361968386324e-02	1.596080277950265303e-02
1.303303306786786777e+02	3.748240081682503722e-02	1.592972919202515283e-02
1.305305308778778794e+02	3.742690569471560785e-02	1.589874993769570602e-02
1.307307310770770812e+02	3.737157749234316928e-02	1.586786458449106901e-02
1.309309312762762829e+02	3.731641545336373406e-02	1.583707270302640163e-02
1.311311314754754846e+02	3.726141882598284910e-02	1.580637386653511306e-02
1.313313316746746864e+02	3.720658686294168321e-02	1.577576765084895763e-02
1.315315318738738881e+02	3.715191882150328806e-02	1.574525363437824163e-02
1.317317320730730899e+02	3.709741396339748948e-02	1.571483139809226603e-02
1.319319322722722632e+02	3.704307155480770358e-02	1.568450052549993576e-02
1.321321324714714649e+02	3.698889086630276213e-02	1.565426060263051117e-02
1.323323326706706666e+02	3.693487117283123650e-02	1.562411121801458337e-02
1.325325328698698684e+02	3.688101175369524337e-02	1.559405196266519522e-02
1.327327330690690701e+02	3.682731189249015963e-02	1.556408243005912018e-02
1.329329332682682718e+02	3.677377087708602610e-02	1.553420221611835281e-02
1.331331334674674736e+02	3.672038799959535804e-02	1.550441091919170684e-02
1.333333336666666753e+02	3.666716255638226979e-02	1.547470814003664916e-02
1.335335338658658770e+02	3.661409384793521543e-02	1.544509348180123087e-02
1.337337340650650788e+02	3.656118117891773989e-02	1.541556655000621799e-02
1.339339342642642805e+02	3.650842385811011587e-02	1.538612695252738506e-02
1.341341344634634538e+02	3.645582119839897023e-02	1.535677429957794590e-02
1.343343346626626555e+02	3.640337251670601459e-02	1.532750820369113871e-02
1.345345348618618573e+02	3.635107713397161405e-02	1.529832827970300894e-02
1.347347350610610590e+02	3.629893437517889287e-02	1.526923414473529278e-02
1.349349352602602607e+02	3.624694356922939648e-02	1.524022541817849144e-02
1.351351354594594625e+02	3.619510404901497835e-02	1.521130172167506518e-02
1.353353356586586642e+02	3.614341515128755011e-02	1.518246267910280251e-02
1.355355358578578659e+02	3.609187621671774981e-02	1.515370791655832640e-02
1.357357360570570677e+02	3.604048658979906727e-02	1.512503706234074284e-02
1.359359362562562694e+02	3.598924561890665813e-02	1.509644974693542807e-02
1.361361364554554712e+02	3.593815265616191745e-02	1.506794560299799281e-02
1.363363366546546445e+02	3.588720705745835488e-02	1.503952426533833320e-02
1.365365368538538462e+02	3.583640818245387161e-02	1.501118537090486219e-02
1.367367370530530479e+02	3.578575539451001736e-02	1.498292855876888832e-02
1.369369372522522497e+02	3.573524806069807574e-02	1.495475347010907265e-02
1.371371374514514514e+02	3.568488555171894783e-02	1.492665974819610414e-02
1.373373376506506531e+02	3.563466724192967255e-02	1.489864703837742374e-02
1.375375378498498549e+02	3.558459250929035811e-02	1.487071498806215135e-02
1.377377380490490566e+02	3.553466073533802227e-02	1.484286324670611515e-02
1.379379382482482583e+02	3.548487130518038213e-02	1.481509146579699891e-02
1.381381384474474601e+02	3.543522360746341471e-02	1.478739929883963675e-02
1.383383386466466618e+02	3.538571703429974069e-02	1.475978640134143968e-02
1.385385388458458635e+02	3.533635098132889563e-02	1.473225243079793155e-02
1.387387390450450368e+02	3.528712484762636797e-02	1.470479704667841843e-02
1.389389392442442386e+02	3.523803803569187931e-02	1.467741991041177259e-02
1.391391394434434403e+02	3.518908995145094559e-02	1.465012068537237602e-02
1.393393396426426420e+02	3.514028000419761738e-02	1.462289903686612644e-02
1.395395398418418438e+02	3.509160760658985856e-02	1.459575463211661497e-02
1.397397400410410455e+02	3.504307217462546836e-02	1.456868714025138373e-02
1.399399402402402472e+02	3.499467312759865084e-02	1.454169623228833592e-02
1.401401404394394490e+02	3.494640988810898685e-02	1.451478158112224325e-02
1.403403406386386507e+02	3.489828188199891462e-02	1.448794286151135549e-02
1.405405408378378525e+02	3.485028853837595503e-02	1.446117975006416118e-02
1.407407410370370542e+02	3.480242928955717963e-02	1.443449192522623485e-02
1.409409412362362275e+02	3.475470357104641639e-02	1.440787906726719546e-02
1.411411414354354292e+02	3.470711082153742078e-02	1.438134085826777570e-02
1.413413416346346310e+02	3.465965048285909317e-02	1.435487698210702497e-02
1.415415418338338327e+02	3.461232199997262698e-02	1.432848712444960079e-02
1.417417420330330344e+02	3.456512482094934585e-02	1.430217097273316085e-02
1.419419422322322362e+02	3.451805839694879752e-02	1.427592821615587121e-02
1.421421424314314379e+02	3.447112218219697960e-02	1.424975854566402737e-02
1.423423426306306396e+02	3.442431563395201982e-02	1.422366165393977935e-02
1.425425428298298414e+02	3.437763821248926432e-02	1.419763723538893310e-02
1.427427430290290431e+02	3.433108938109919600e-02	1.417168498612888378e-02
1.429429432282282448e+02	3.428466860604729993e-02	1.414580460397665308e-02
1.431431434274274181e+02	3.423837535653413006e-02	1.411999578843700122e-02
1.433433436266266199e+02	3.419220910475097297e-02	1.409425824069064810e-02
1.435435438258258216e+02	3.414616932574498359e-02	1.406859166358261602e-02
1.437437440250250233e+02	3.410025549750046736e-02	1.404299576161063649e-02
1.439439442242242251e+02	3.405446710088060047e-02	1.401747024091367505e-02
1.441441444234234268e+02	3.400880361956954562e-02	1.399201480926053412e-02
1.443443446226226285e+02	3.396326454014110541e-02	1.396662917603858078e-02
1.445445448218218303e+02	3.391784935193805500e-02	1.394131305224252312e-02
1.447447450210210320e+02	3.387255754714094125e-02	1.391606615046333227e-02
1.449449452202202338e+02	3.382738862067947994e-02	1.389088818487720610e-02
1.451451454194194355e+02	3.378234207026371144e-02	1.386577887123466649e-02
1.453453456186186088e+02	3.373741739634607273e-02	1.384073792684971209e-02
1.455455458178178105e+02	3.369261410209006824e-02	1.381576507058907693e-02
1.457457460170170123e+02	3.364793169337657042e-02	1.379086002286158963e-02
1.459459462162162140e+02	3.360336967876653008e-02	1.376602250560760021e-02
1.461461464154154157e+02	3.355892756948258837e-02	1.374125224228849723e-02
1.463463466146146175e+02	3.351460487940953470e-02	1.371654895787631154e-02
1.465465468138138192e+02	3.347040112505748205e-02	1.369191237884341550e-02
1.467467470130130209e+02	3.342631582555017494e-02	1.366734223315229681e-02
1.469469472122122227e+02	3.338234850260718423e-02	1.364283825024541902e-02
1.471471474114114244e+02	3.333849868053859883e-02	1.361840016103515322e-02
1.473473476106106261e+02	3.329476588619657146e-02	1.359402769789382244e-02
1.475475478098098279e+02	3.325114964899506670e-02	1.356972059464378079e-02
1.477477480090090012e+02	3.320764950086171202e-02	1.354547858654762613e-02
1.479479482082082029e+02	3.316426497624537506e-02	1.352130141029843705e-02
1.481481484074074046e+02	3.312099561208073362e-02	1.349718880401015210e-02
1.483483486066066064e+02	3.307784094778987161e-02	1.347314050720795249e-02
1.485485488058058081e+02	3.303480052522880794e-02	1.344915626081879222e-02
1.487487490050050098e+02	3.299187388873833782e-02	1.342523580716196464e-02
1.489489492042042116e+02	3.294906058503577900e-02	1.340137888993974367e-02
1.491491494034034133e+02	3.290636016330876490e-02	1.337758525422813247e-02
1.493493496026026151e+02	3.286377217508298920e-02	1.335385464646764511e-02
1.495495498018018168e+02	3.282129617430994128e-02	1.333018681445419934e-02
1.497497500010010185e+02	3.277893171725958232e-02	1.330658150733004912e-02
1.499499502002001918e+02	3.273667836259586128e-02	1.328303847557482653e-02
1.501501503993993936e+02	3.269453567128805666e-02	1.325955747099660798e-02
1.503503505985985953e+02	3.265250320662567429e-02	1.323613824672310001e-02
1.505505507977977970e+02	3.261058053419700620e-02	1.321278055719287726e-02
1.507507509969969988e+02	3.256876722188587620e-02	1.318948415814666549e-02
1.509509511961962005e+02	3.252706283984443947e-02	1.316624880661873033e-02
1.511511513953954022e+02	3.248546696047206750e-02	1.314307426092831826e-02
1.513513515945946040e+02	3.244397915843059282e-02	1.311996028067116508e-02
1.515515517937938057e+02	3.240259901057532949e-02	1.309690662671107383e-02
1.517517519929930074e+02	3.236132609601251320e-02	1.307391306117155344e-02
1.519519521921922092e+02	3.232015999602463885e-02	1.305097934742754234e-02
1.521521523913913825e+02	3.227910029408005699e-02	1.302810525009717030e-02
1.523523525905905842e+02	3.223814657581258736e-02	1.300529053503359303e-02
1.525525527897897859e+02	3.219729842900740518e-02	1.298253496931692751e-02
1.527527529889889877e+02	3.215655544362854001e-02	1.295983832124618373e-02
1.529529531881881894e+02	3.211591721170950486e-02	1.293720036033131626e-02
1.531531533873873911e+02	3.207538332744074711e-02	1.291462085728531904e-02
1.533533535865865929e+02	3.203495338708434864e-02	1.289209958401636193e-02
1.535535537857857946e+02	3.199462698901388291e-02	1.286963631362003126e-02
1.537537539849849964e+02	3.195440373365921599e-02	1.284723082037159472e-02
1.539539541841841981e+02	3.191428322351680391e-02	1.282488287971833389e-02
1.541541543833833998e+02	3.187426506311854396e-02	1.280259226827195826e-02
1.543543545825825731e+02	3.183434885904216222e-02	1.278035876380104706e-02
1.545545547817817749e+02	3.179453421987441658e-02	1.275818214522356393e-02
1.547547549809809766e+02	3.175482075622160921e-02	1.273606219259944619e-02
1.549549551801801783e+02	3.171520808066134040e-02	1.271399868712321836e-02
1.551551553793793801e+02	3.167569580779424493e-02	1.269199141111668379e-02
1.553553555785785818e+02	3.163628355413729970e-02	1.267004014802168219e-02
1.555555557777777835e+02	3.159697093819920782e-02	1.264814468239286623e-02
1.557557559769769853e+02	3.155775758041501344e-02	1.262630479989058051e-02
1.559559561761761870e+02	3.151864310316875722e-02	1.260452028727374919e-02
1.561561563753753887e+02	3.147962713073437779e-02	1.258279093239287119e-02
1.563563565745745905e+02	3.144070928933341558e-02	1.256111652418300841e-02
1.565565567737737922e+02	3.140188920704121978e-02	1.253949685265687460e-02
1.567567569729729655e+02	3.136316651383315446e-02	1.251793170889796067e-02
1.569569571721721672e+02	3.132454084155505275e-02	1.249642088505371028e-02
1.571571573713713690e+02	3.128601182392871244e-02	1.247496417432874746e-02
1.573573575705705707e+02	3.124757909647636611e-02	1.245356137097816847e-02
1.575575577697697724e+02	3.120924229660159213e-02	1.243221227030086307e-02
1.577577579689689742e+02	3.117100106352550457e-02	1.241091666863290525e-02
1.579579581681681759e+02	3.113285503824643821e-02	1.238967436334098733e-02
1.581581583673673777e+02	3.109480386360346030e-02	1.236848515281590254e-02
1.583583585665665794e+02	3.105684718420155879e-02	1.234734883646607974e-02
1.585585587657657811e+02	3.101898464644064699e-02	1.232626521471116322e-02
1.587587589649649829e+02	3.098121589847559892e-02	1.230523408897564626e-02
1.589589591641641562e+02	3.094354059021665188e-02	1.228425526168255150e-02
1.591591593633633579e+02	3.090595837334119550e-02	1.226332853624714954e-02
1.593593595625625596e+02	3.086846890121422438e-02	1.224245371707074342e-02
1.595595597617617614e+02	3.083107182898602722e-02	1.222163060953448607e-02
1.597597599609609631e+02	3.079376681346714453e-02	1.220085901999324283e-02
1.599599601601601648e+02	3.075655351319759104e-02	1.218013875576951302e-02
1.601601603593593666e+02	3.071943158840195406e-02	1.215946962514737571e-02
1.603603605585585683e+02	3.068240070098457103e-02	1.213885143736651191e-02
1.605605607577577700e+02	3.064546051453604508e-02	1.211828400261623709e-02
1.607607609569569718e+02	3.060861069427181502e-02	1.209776713202960312e-02
1.609609611561561735e+02	3.057185090709552480e-02	1.207730063767753839e-02
1.611611613553553468e+02	3.053518082153209787e-02	1.205688433256301567e-02
1.613613615545545485e+02	3.049860010773456850e-02	1.203651803061528934e-02
1.615615617537537503e+02	3.046210843748528574e-02	1.201620154668415867e-02
1.617617619529529520e+02	3.042570548418019327e-02	1.199593469653427794e-02
1.619619621521521537e+02	3.038939092278516302e-02	1.197571729683950467e-02
1.621621623513513555e+02	3.035316442989921190e-02	1.195554916517730000e-02
1.623623625505505572e+02	3.031702568366601708e-02	1.193543012002315669e-02
1.625625627497497590e+02	3.028097436382035448e-02	1.191535998074508620e-02
1.627627629489489607e+02	3.024501015166153328e-02	1.189533856759812137e-02
1.629629631481481624e+02	3.020913273002706970e-02	1.187536570171888496e-02
1.631631633473473642e+02	3.017334178329436969e-02	1.185544120512018254e-02
1.633633635465465375e+02	3.013763699738801830e-02	1.183556490068564046e-02
1.635635637457457392e+02	3.010201805974249342e-02	1.181573661216437851e-02
1.637637639449449409e+02	3.006648465932070663e-02	1.179595616416573983e-02
1.639639641441441427e+02	3.003103648658805164e-02	1.177622338215402083e-02
1.641641643433433444e+02	2.999567323349766612e-02	1.175653809244329301e-02
1.643643645425425461e+02	2.996039459348694145e-02	1.173690012219220750e-02
1.645645647417417479e+02	2.992520026148504791e-02	1.171730929939887415e-02
1.647647649409409496e+02	2.989008993389284663e-02	1.169776545289577530e-02
1.649649651401401513e+02	2.985506330853535811e-02	1.167826841234469171e-02
1.651651653393393531e+02	2.982012008474674986e-02	1.165881800823169619e-02
1.653653655385385548e+02	2.978525996325119204e-02	1.163941407186216449e-02
1.655655657377377565e+02	2.975048264623687475e-02	1.162005643535582097e-02
1.657657659369369298e+02	2.971578783731421841e-02	1.160074493164184664e-02
1.659659661361361316e+02	2.968117524150182956e-02	1.158147939445396991e-02
1.661661663353353333e+02	2.964664456522350319e-02	1.156225965832565622e-02
1.663663665345345350e+02	2.961219551632707572e-02	1.154308555858528894e-02
1.665665667337337368e+02	2.957782780402129844e-02	1.152395693135139718e-02
1.667667669329329385e+02	2.954354113892761896e-02	1.150487361352791824e-02
1.669669671321321403e+02	2.950933523302272377e-02	1.148583544279949305e-02
1.671671673313313420e+02	2.947520979964672605e-02	1.146684225762680670e-02
1.673673675305305437e+02	2.944116455351674863e-02	1.144789389724193591e-02
1.675675677297297455e+02	2.940719921069156681e-02	1.142899020164376417e-02
1.677677679289289472e+02	2.937331348856901322e-02	1.141013101159339162e-02
1.679679681281281205e+02	2.933950710588885055e-02	1.139131616860962135e-02
1.681681683273273222e+02	2.930577978271392547e-02	1.137254551496443174e-02
1.683683685265265240e+02	2.927213124043855433e-02	1.135381889367851477e-02
1.685685687257257257e+02	2.923856120173742856e-02	1.133513614851684032e-02
1.687687689249249274e+02	2.920506939062807866e-02	1.131649712398423435e-02
1.689689691241241292e+02	2.917165553239294690e-02	1.129790166532101264e-02
1.691691693233233309e+02	2.913831935363104739e-02	1.127934961849862486e-02
1.693693695225225326e+02	2.910506058219110986e-02	1.126084083021534031e-02
1.695695697217217344e+02	2.907187894720710680e-02	1.124237514789197014e-02
1.697697699209209361e+02	2.903877417909068656e-02	1.122395241966759813e-02
1.699699701201201378e+02	2.900574600951293797e-02	1.120557249439536884e-02
1.701701703193193111e+02	2.897279417137026830e-02	1.118723522163828782e-02
1.703703705185185129e+02	2.893991839883056430e-02	1.116894045166504264e-02
1.705705707177177146e+02	2.890711842728843975e-02	1.115068803544588816e-02
1.707707709169169163e+02	2.887439399336334464e-02	1.113247782464853175e-02
1.709709711161161181e+02	2.884174483489241117e-02	1.111430967163404282e-02
1.711711713153153198e+02	2.880917069095519090e-02	1.109618342945281784e-02
1.713713715145145216e+02	2.877667130180273924e-02	1.107809895184054885e-02
1.715715717137137233e+02	2.874424640891967003e-02	1.106005609321423361e-02
1.717717719129129250e+02	2.871189575496403343e-02	1.104205470866821519e-02
1.719719721121121268e+02	2.867961908379220923e-02	1.102409465397023204e-02
1.721721723113113285e+02	2.864741614043081475e-02	1.100617578555751833e-02
1.723723725105105018e+02	2.861528667109101629e-02	1.098829796053291119e-02
1.725725727097097035e+02	2.858323042313529183e-02	1.097046103666100662e-02
1.727727729089089053e+02	2.855124714510236250e-02	1.095266487236431531e-02
1.729729731081081070e+02	2.851933658668461338e-02	1.093490932671947226e-02
1.731731733073073087e+02	2.848749849871090936e-02	1.091719425945345857e-02
1.733733735065065105e+02	2.845573263316101414e-02	1.089951953093983711e-02
1.735735737057057122e+02	2.842403874313277276e-02	1.088188500219505056e-02
1.737737739049049139e+02	2.839241658286705342e-02	1.086429053487470223e-02
1.739739741041041157e+02	2.836086590771504101e-02	1.084673599126989921e-02
1.741741743033033174e+02	2.832938647416318942e-02	1.082922123430358347e-02
1.743743745025025191e+02	2.829797803977454271e-02	1.081174612752693748e-02
1.745745747017017209e+02	2.826664036322945259e-02	1.079431053511576040e-02
1.747747749009008942e+02	2.823537320430876893e-02	1.077691432186691362e-02
1.749749751001000959e+02	2.820417632388233856e-02	1.075955735319475415e-02
1.751751752992992976e+02	2.817304948389241781e-02	1.074223949512762531e-02
1.753753754984984994e+02	2.814199244736309558e-02	1.072496061430435431e-02
1.755755756976977011e+02	2.811100497840967119e-02	1.070772057797076543e-02
1.757757758968969029e+02	2.808008684216516462e-02	1.069051925397624357e-02
1.759759760960961046e+02	2.804923780487274254e-02	1.067335651077028734e-02
1.761761762952953063e+02	2.801845763378647824e-02	1.065623221739911766e-02
1.763763764944945081e+02	2.798774609725327225e-02	1.063914624350229161e-02
1.765765766936937098e+02	2.795710296460880012e-02	1.062209845930933531e-02
1.767767768928929115e+02	2.792652800626451923e-02	1.060508873563641499e-02
1.769769770920920848e+02	2.789602099363991047e-02	1.058811694388303234e-02
1.771771772912912866e+02	2.786558169918245537e-02	1.057118295602870080e-02
1.773773774904904883e+02	2.783520989637721862e-02	1.055428664462971372e-02
1.775775776896896900e+02	2.780490535968977578e-02	1.053742788281587274e-02
1.777777778888888918e+02	2.777466786460162582e-02	1.052060654428727850e-02
1.779779780880880935e+02	2.774449718761469799e-02	1.050382250331110580e-02
1.781781782872872952e+02	2.771439310620477103e-02	1.048707563471844642e-02
1.783783784864864970e+02	2.768435539884151961e-02	1.047036581390113109e-02
1.785785786856856987e+02	2.765438384499311480e-02	1.045369291680859659e-02
1.787787788848849004e+02	2.762447822508504180e-02	1.043705681994476324e-02
1.789789790840841022e+02	2.759463832052012205e-02	1.042045740036495229e-02
1.791791792832832755e+02	2.756486391370354533e-02	1.040389453567278598e-02
1.793793794824824772e+02	2.753515478794090268e-02	1.038736810401714485e-02
1.795795796816816789e+02	2.750551072755475293e-02	1.037087798408913714e-02
1.797797798808808807e+02	2.747593151778282908e-02	1.035442405511907173e-02
1.799799800800800824e+02	2.744641694483357375e-02	1.033800619687347266e-02
1.801801802792792842e+02	2.741696679582523652e-02	1.032162428965209544e-02
1.803803804784784859e+02	2.738758085884637067e-02	1.030527821428497796e-02
1.805805806776776876e+02	2.735825892289505193e-02	1.028896785212950020e-02
1.807807808768768894e+02	2.732900077790905227e-02	1.027269308506747331e-02
1.809809810760760911e+02	2.729980621473049665e-02	1.025645379550223571e-02
1.811811812752752928e+02	2.727067502514103278e-02	1.024024986635578387e-02
1.813813814744744661e+02	2.724160700182152658e-02	1.022408118106590477e-02
1.815815816736736679e+02	2.721260193834210833e-02	1.020794762358333621e-02
1.817817818728728696e+02	2.718365962919731121e-02	1.019184907836895651e-02
1.819819820720720713e+02	2.715477986977097788e-02	1.017578543039097082e-02
1.821821822712712731e+02	2.712596245633638187e-02	1.015975656512213381e-02
1.823823824704704748e+02	2.709720718604636050e-02	1.014376236853698106e-02
1.825825826696696765e+02	2.706851385695338910e-02	1.012780272710907606e-02
1.827827828688688783e+02	2.703988226796982808e-02	1.011187752780829188e-02
1.829829830680680800e+02	2.701131221888310174e-02	1.009598665809809115e-02
1.831831832672672817e+02	2.698280351035588567e-02	1.008013000593284240e-02
1.833833834664664835e+02	2.695435594391139972e-02	1.006430745975512263e-02
1.835835836656656852e+02	2.692596932191385767e-02	1.004851890849308392e-02
1.837837838648648585e+02	2.689764344761833362e-02	1.003276424155779938e-02
1.839839840640640602e+02	2.686937812507690301e-02	1.001704334884063324e-02
1.841841842632632620e+02	2.684117315923311570e-02	1.000135612071064925e-02
1.843843844624624637e+02	2.681302835583327174e-02	9.985702448012006779e-03
1.845845846616616655e+02	2.678494352150090352e-02	9.970082222061395216e-03
1.847847848608608672e+02	2.675691846364344761e-02	9.954495334645475230e-03
1.849849850600600689e+02	2.672895299051682161e-02	9.938941678018337403e-03
1.851851852592592707e+02	2.670104691120609927e-02	9.923421144898986884e-03
1.853853854584584724e+02	2.667320003560632799e-02	9.907933628468819365e-03
1.855855856576576741e+02	2.664541217441816420e-02	9.892479022369149097e-03
1.857857858568568759e+02	2.661768313915329615e-02	9.877057220698723036e-03
1.859859860560560492e+02	2.659001274213500590e-02	9.861668118011264472e-03
1.861861862552552509e+02	2.656240079648888169e-02	9.846311609313027069e-03
1.863863864544544526e+02	2.653484711611415331e-02	9.830987590060373191e-03
1.865865866536536544e+02	2.650735151573799242e-02	9.815695956157364371e-03
1.867867868528528561e+02	2.647991381082347162e-02	9.800436603953351783e-03
1.869869870520520578e+02	2.645253381768231798e-02	9.785209430240611808e-03
1.871871872512512596e+02	2.642521135334408716e-02	9.770014332251969469e-03
1.873873874504504613e+02	2.639794623563965908e-02	9.754851207658451345e-03
1.875875876496496630e+02	2.637073828318243704e-02	9.739719954566954108e-03
1.877877878488488648e+02	2.634358731533512077e-02	9.724620471517914783e-03
1.879879880480480665e+02	2.631649315222020502e-02	9.709552657483015714e-03
1.881881882472472398e+02	2.628945561473047116e-02	9.694516411862889524e-03
1.883883884464464415e+02	2.626247452450554756e-02	9.679511634484834481e-03
1.885885886456456433e+02	2.623554970393279784e-02	9.664538225600571505e-03
1.887887888448448450e+02	2.620868097615779851e-02	9.649596085883978616e-03
1.889889890440440468e+02	2.618186816506588160e-02	9.634685116428868754e-03
1.891891892432432485e+02	2.615511109527340894e-02	9.619805218746758924e-03
1.893893894424424502e+02	2.612840959213353145e-02	9.604956294764687916e-03
1.895895896416416520e+02	2.610176348172268956e-02	9.590138246822999327e-03
1.897897898408408537e+02	2.607517259087992201e-02	9.575350977673176625e-03
1.899899900400400554e+02	2.604863674711670532e-02	9.560594390475685156e-03
1.901901902392392572e+02	2.602215577869946075e-02	9.545868388797815879e-03
1.903903904384384305e+02	2.599572951459784564e-02	9.531172876611542985e-03
1.905905906376376322e+02	2.596935778449534216e-02	9.516507758291412739e-03
1.907907908368368339e+02	2.594304041878554498e-02	9.501872938612427114e-03
1.909909910360360357e+02	2.591677724856841780e-02	9.487268322747956922e-03
1.911911912352352374e+02	2.589056810563233196e-02	9.472693816267646269e-03
1.913913914344344391e+02	2.586441282248372678e-02	9.458149325135346494e-03
1.915915916336336409e+02	2.583831123229590049e-02	9.443634755707063996e-03
1.917917918328328426e+02	2.581226316896715473e-02	9.429150014728916729e-03
1.919919920320320443e+02	2.578626846705544401e-02	9.414695009335095899e-03
1.921921922312312461e+02	2.576032696179860609e-02	9.400269647045851953e-03
1.923923924304304478e+02	2.573443848913918239e-02	9.385873835765485770e-03
1.925925926296296495e+02	2.570860288567352464e-02	9.371507483780364134e-03
1.927927928288288228e+02	2.568281998867672292e-02	9.357170499756926538e-03
1.929929930280280246e+02	2.565708963610848284e-02	9.342862792739716274e-03
1.931931932272272263e+02	2.563141166656724562e-02	9.328584272149442747e-03
1.933933934264264281e+02	2.560578591931976511e-02	9.314334847781014295e-03
1.935935936256256298e+02	2.558021223431647048e-02	9.300114429801617857e-03
1.937937938248248315e+02	2.555469045213160789e-02	9.285922928748795158e-03
1.939939940240240333e+02	2.552922041400689998e-02	9.271760255528537983e-03
1.941941942232232350e+02	2.550380196184342738e-02	9.257626321413386927e-03
1.943943944224224367e+02	2.547843493816080371e-02	9.243521038040547477e-03
1.945945946216216385e+02	2.545311918613606117e-02	9.229444317410019985e-03
1.947947948208208402e+02	2.542785454958158484e-02	9.215396071882733103e-03
1.949949950200200135e+02	2.540264087296053089e-02	9.201376214178699775e-03
1.951951952192192152e+02	2.537747800135549056e-02	9.187384657375162814e-03
1.953953954184184170e+02	2.535236578045605912e-02	9.173421314904794260e-03
1.955955956176176187e+02	2.532730405661614767e-02	9.159486100553851373e-03
1.957957958168168204e+02	2.530229267680413757e-02	9.145578928460391596e-03
1.959959960160160222e+02	2.527733148859046680e-02	9.131699713112463243e-03
1.961961962152152239e+02	2.525242034016773190e-02	9.117848369346334345e-03
1.963963964144144256e+02	2.522755908034752734e-02	9.104024812344712822e-03
1.965965966136136274e+02	2.520274755855264961e-02	9.090228957634982274e-03
1.967967968128128291e+02	2.517798562481863428e-02	9.076460721087463782e-03
1.969969970120120308e+02	2.515327312976291252e-02	9.062720018913665576e-03
1.971971972112112041e+02	2.512860992461878398e-02	9.049006767664553516e-03
1.973973974104104059e+02	2.510399586122765564e-02	9.035320884228831978e-03
1.975975976096096076e+02	2.507943079200837533e-02	9.021662285831243827e-03
1.977977978088088094e+02	2.505491456997267774e-02	9.008030890030861715e-03
1.979979980080080111e+02	2.503044704874516843e-02	8.994426614719405397e-03
1.981981982072072128e+02	2.500602808249598186e-02	8.980849378119564255e-03
1.983983984064064146e+02	2.498165752601595735e-02	8.967299098783326761e-03
1.985985986056056163e+02	2.495733523465397397e-02	8.953775695590322076e-03
1.987987988048048180e+02	2.493306106434617017e-02	8.940279087746180742e-03
1.989989990040040198e+02	2.490883487160385629e-02	8.926809194780888426e-03
1.991991992032032215e+02	2.488465651350147551e-02	8.913365936547158752e-03
1.993993994024023948e+02	2.486052584768747020e-02	8.899949233218823474e-03
1.995995996016015965e+02	2.483644273237228806e-02	8.886559005289213983e-03
1.997997998008007983e+02	2.481240702634833137e-02	8.873195173569567093e-03
2.000000000000000000e+02	2.478841858893247180e-02	8.859857659187442974e-03
