1.000000000000000021e-03	4.112716357904761111e+01	2.713192027834022113e+01
1.611591591591591544e-01	3.238262990250927675e+00	2.137103624709546068e+00
3.213183183183183078e-01	2.292358616353598944e+00	1.513414456289832621e+00
4.814774774774774890e-01	1.871857734594678968e+00	1.236261010089621415e+00
6.416366366366366147e-01	1.620789477777229148e+00	1.070843784782093966e+00
8.017957957957957404e-01	1.449270629824826795e+00	9.578805234221741127e-01
9.619549549549549772e-01	1.322555900623951786e+00	8.744568653307610573e-01
1.122114114114113992e+00	1.224003764814019624e+00	8.095986462097246594e-01
1.282273273273273118e+00	1.144512828813991190e+00	7.573044577667876753e-01
1.442432432432432243e+00	1.078630627655182472e+00	7.139792464230589886e-01
1.602591591591591369e+00	1.022865232961426285e+00	6.773208008794154855e-01
1.762750750750750495e+00	9.748629952363089268e-01	6.457774876969887279e-01
1.922909909909909842e+00	9.329719681689115918e-01	6.182603495864099630e-01
2.083069069069068746e+00	8.959939668834608906e-01	5.939796060657965837e-01
2.243228228228228094e+00	8.630359323317924325e-01	5.723466433346826587e-01
2.403387387387386998e+00	8.334167775759904195e-01	5.529125914077618331e-01
2.563546546546546345e+00	8.066067918240145129e-01	5.353283705584960250e-01
2.723705705705705693e+00	7.821869555512857008e-01	5.193178671265465951e-01
2.883864864864864597e+00	7.598208693832224636e-01	5.046594265501747056e-01
3.044024024024023944e+00	7.392349209787858477e-01	4.911727781620298106e-01
3.204183183183182848e+00	7.202039771164977511e-01	4.787096029279582776e-01
3.364342342342342196e+00	7.025408693612184008e-01	4.671466023299310488e-01
3.524501501501501100e+00	6.860885391393142241e-01	4.563803205627246506e-01
3.684660660660660447e+00	6.707140821349439896e-01	4.463232188860353222e-01
3.844819819819819795e+00	6.563041720482029051e-01	4.369006593103496594e-01
4.004978978978979143e+00	6.427615013758312124e-01	4.280485587244223233e-01
4.165138138138138046e+00	6.300019824432993021e-01	4.197115441786749557e-01
4.325297297297297838e+00	6.179525239277894322e-01	4.118414875179963186e-01
4.485456456456456742e+00	6.065492480578649204e-01	4.043963304879110154e-01
4.645615615615615646e+00	5.957360488510122787e-01	3.973391346292917126e-01
4.805774774774774549e+00	5.854634168730815658e-01	3.906373068399047743e-01
4.965933933933934341e+00	5.756874741804951512e-01	3.842619634645165760e-01
5.126093093093093245e+00	5.663691764158294006e-01	3.781874045497577441e-01
5.286252252252252148e+00	5.574736488821321334e-01	3.723906763965599831e-01
5.446411411411411940e+00	5.489696307938488617e-01	3.668512054030838021e-01
5.606570570570570844e+00	5.408290074711944451e-01	3.615504898621331176e-01
5.766729729729729748e+00	5.330264144895697775e-01	3.564718391751476867e-01
5.926888888888888651e+00	5.255389010585400644e-01	3.516001520956826831e-01
6.087048048048048443e+00	5.183456424330723511e-01	3.469217272817456399e-01
6.247207207207207347e+00	5.114276931333276988e-01	3.424241007372352263e-01
6.407366366366366250e+00	5.047677743008627260e-01	3.380959057453911676e-01
6.567525525525526042e+00	4.983500897470179991e-01	3.339267517064964941e-01
6.727684684684684946e+00	4.921601662271977151e-01	3.299071189366132306e-01
6.887843843843843850e+00	4.861847142582365056e-01	3.260282670005097971e-01
7.048003003003002753e+00	4.804115064273194458e-01	3.222821545679842581e-01
7.208162162162162545e+00	4.748292706523015161e-01	3.186613691198014742e-01
7.368321321321321449e+00	4.694275962696323190e-01	3.151590651038601587e-01
7.528480480480480352e+00	4.641968511667693420e-01	3.117689093667092570e-01
7.688639639639640144e+00	4.591281084559911685e-01	3.084850328700717292e-01
7.848798798798799048e+00	4.542130814177322007e-01	3.053019878543950516e-01
8.008957957957957063e+00	4.494440656332706618e-01	3.022147097377770875e-01
8.169117117117115967e+00	4.448138873862072518e-01	2.992184831437853521e-01
8.329276276276274871e+00	4.403158575455607959e-01	2.963089115395836082e-01
8.489435435435433774e+00	4.359437302552096605e-01	2.934818900395111396e-01
8.649594594594594454e+00	4.316916658486126823e-01	2.907335809913323965e-01
8.809753753753753358e+00	4.275541974873257045e-01	2.880603920148090413e-01
8.969912912912912262e+00	4.235262010892807405e-01	2.854589562066874864e-01
9.130072072072071165e+00	4.196028681701438612e-01	2.829261142639791227e-01
9.290231231231230069e+00	4.157796812699763311e-01	2.804588983096329979e-01
9.450390390390388973e+00	4.120523916792601105e-01	2.780545172322615999e-01
9.610549549549547876e+00	4.084169992142289152e-01	2.757103433752211563e-01
9.770708708708708556e+00	4.048697338223140596e-01	2.734239004306799892e-01
9.930867867867867460e+00	4.014070388251275157e-01	2.711928524118410455e-01
1.009102702702702636e+01	3.980255556294167718e-01	2.690149935916461565e-01
1.025118618618618527e+01	3.947221097563710090e-01	2.668882393094239580e-01
1.041134534534534417e+01	3.914936980569824199e-01	2.648106175583595512e-01
1.057150450450450307e+01	3.883374769962547601e-01	2.627802612765983703e-01
1.073166366366366198e+01	3.852507519022155824e-01	2.607954012734714500e-01
1.089182282282282266e+01	3.822309670872055531e-01	2.588543597299124421e-01
1.105198198198198156e+01	3.792756967590057426e-01	2.569555442187833050e-01
1.121214114114114047e+01	3.763826366482292962e-01	2.550974421966615280e-01
1.137230030030029937e+01	3.735495962861981600e-01	2.532786159237788715e-01
1.153245945945945827e+01	3.707744918744007578e-01	2.514976977733268115e-01
1.169261861861861718e+01	3.680553396926974363e-01	2.497533858953430441e-01
1.185277777777777608e+01	3.653902499988096464e-01	2.480444402039301000e-01
1.201293693693693676e+01	3.627774213763934053e-01	2.463696786596934474e-01
1.217309609609609566e+01	3.602151354932195959e-01	2.447279738220679290e-01
1.233325525525525457e+01	3.577017522347456513e-01	2.431182496486783140e-01
1.249341441441441347e+01	3.552357051817093825e-01	2.415394785210828454e-01
1.265357357357357238e+01	3.528154974033625990e-01	2.399906784782165348e-01
1.281373273273273128e+01	3.504396975406303127e-01	2.384709106406065482e-01
1.297389189189189018e+01	3.481069361558690178e-01	2.369792768100054958e-01
1.313405105105105086e+01	3.458159023280366617e-01	2.355149172304958072e-01
1.329421021021020977e+01	3.435653404740066086e-01	2.340770084983832544e-01
1.345436936936936867e+01	3.413540473784830165e-01	2.326647616093325821e-01
1.361452852852852757e+01	3.391808694165262539e-01	2.312774201322208012e-01
1.377468768768768648e+01	3.370446999540957500e-01	2.299142585001030248e-01
1.393484684684684538e+01	3.349444769132784994e-01	2.285745804095173916e-01
1.409500600600600428e+01	3.328791804900112505e-01	2.272577173201042744e-01
1.425516516516516496e+01	3.308478310131320876e-01	2.259630270471936486e-01
1.441532432432432387e+01	3.288494869345334748e-01	2.246898924406286469e-01
1.457548348348348277e+01	3.268832429410290508e-01	2.234377201436486271e-01
1.473564264264264168e+01	3.249482281793187322e-01	2.222059394261609033e-01
1.489580180180180058e+01	3.230436045861279082e-01	2.209940010871886407e-01
1.505596096096095948e+01	3.211685653162350551e-01	2.198013764216985855e-01
1.521612012012011839e+01	3.193223332616736965e-01	2.186275562473934120e-01
1.537627927927927907e+01	3.175041596559253776e-01	2.174720499873976642e-01
1.553643843843843797e+01	3.157133227573951650e-01	2.163343848050829632e-01
1.569659759759759687e+01	3.139491266069010522e-01	2.152141047875656688e-01
1.585675675675675578e+01	3.122108998543091651e-01	2.141107701746737813e-01
1.601691591591591646e+01	3.104979946498103160e-01	2.130239566304203414e-01
1.617707507507507714e+01	3.088097855956713489e-01	2.119532545542410495e-01
1.633723423423423426e+01	3.071456687545991993e-01	2.108982684294569143e-01
1.649739339339339494e+01	3.055050607111391425e-01	2.098586162066064242e-01
1.665755255255255207e+01	3.038873976827868861e-01	2.088339287194635741e-01
1.681771171171171275e+01	3.022921346777302509e-01	2.078238491317134506e-01
1.697787087087086988e+01	3.007187446963579536e-01	2.068280324124013025e-01
1.713803003003003056e+01	2.991667179738706772e-01	2.058461448384030779e-01
1.729818918918919124e+01	2.976355612615171342e-01	2.048778635222880395e-01
1.745834834834834837e+01	2.961247971441481330e-01	2.039228759640553112e-01
1.761850750750750905e+01	2.946339633919387024e-01	2.029808796253310677e-01
1.777866666666666617e+01	2.931626123442745979e-01	2.020515815247082847e-01
1.793882582582582685e+01	2.917103103239329642e-01	2.011346978529989782e-01
1.809898498498498398e+01	2.902766370798128270e-01	2.002299536072517372e-01
1.825914414414414466e+01	2.888611852565841631e-01	1.993370822424617994e-01
1.841930330330330534e+01	2.874635598897324340e-01	1.984558253399721639e-01
1.857946246246246247e+01	2.860833779245728903e-01	1.975859322916281857e-01
1.873962162162162315e+01	2.847202677579014352e-01	1.967271599988085762e-01
1.889978078078078028e+01	2.833738688010334905e-01	1.958792725855124095e-01
1.905993993993994096e+01	2.820438310630604684e-01	1.950420411247317243e-01
1.922009909909909808e+01	2.807298147532277799e-01	1.942152433773901010e-01
1.938025825825825876e+01	2.794314899014048725e-01	1.933986635431694245e-01
1.954041741741741944e+01	2.781485359956837877e-01	1.925920920225913380e-01
1.970057657657657657e+01	2.768806416361976885e-01	1.917953251897566991e-01
1.986073573573573725e+01	2.756275042043098145e-01	1.910081651751840970e-01
2.002089489489489438e+01	2.743888295463718374e-01	1.902304196582204898e-01
2.018105405405405506e+01	2.731643316712989988e-01	1.894619016685297475e-01
2.034121321321321219e+01	2.719537324612543716e-01	1.887024293961935273e-01
2.050137237237237287e+01	2.707567613947752250e-01	1.879518260099863336e-01
2.066153153153153355e+01	2.695731552817147159e-01	1.872099194834120350e-01
2.082169069069069067e+01	2.684026580094063252e-01	1.864765424281132067e-01
2.098184984984985135e+01	2.672450202994942070e-01	1.857515319342867566e-01
2.114200900900900848e+01	2.660999994749040365e-01	1.850347294177602797e-01
2.130216816816816916e+01	2.649673592364570895e-01	1.843259804734029006e-01
2.146232732732732629e+01	2.638468694486602595e-01	1.836251347345631002e-01
2.162248648648648697e+01	2.627383059342293659e-01	1.829320457382425102e-01
2.178264564564564765e+01	2.616414502769280337e-01	1.822465707957311443e-01
2.194280480480480477e+01	2.605560896323268483e-01	1.815685708684448008e-01
2.210296396396396545e+01	2.594820165461100281e-01	1.808979104487186684e-01
2.226312312312312258e+01	2.584190287795756213e-01	1.802344574453256243e-01
2.242328228228228326e+01	2.573669291419951599e-01	1.795780830734988176e-01
2.258344144144144039e+01	2.563255253295170233e-01	1.789286617492512332e-01
2.274360060060060107e+01	2.552946297703119205e-01	1.782860709877946148e-01
2.290375975975976175e+01	2.542740594756783268e-01	1.776501913058716464e-01
2.306391891891891888e+01	2.532636358968378687e-01	1.770209061278239238e-01
2.322407807807807956e+01	2.522631847871647515e-01	1.763981016952285708e-01
2.338423723723723668e+01	2.512725360696084764e-01	1.757816669799439346e-01
2.354439639639639736e+01	2.502915237090787004e-01	1.751714936004135637e-01
2.370455555555555449e+01	2.493199855895747441e-01	1.745674757410850819e-01
2.386471471471471517e+01	2.483577633958528874e-01	1.739695100748079315e-01
2.402487387387387585e+01	2.474047024994336930e-01	1.733774956880808071e-01
2.418503303303303298e+01	2.464606518487635900e-01	1.727913340090254934e-01
2.434519219219219366e+01	2.455254638633519448e-01	1.722109287379709197e-01
2.450535135135135079e+01	2.445989943317151694e-01	1.716361857805359936e-01
2.466551051051051147e+01	2.436811023129667186e-01	1.710670131831057150e-01
2.482566966966966859e+01	2.427716500419006274e-01	1.705033210706000668e-01
2.498582882882882927e+01	2.418705028374215638e-01	1.699450215864398150e-01
2.514598798798798995e+01	2.409775290141846216e-01	1.693920288346187353e-01
2.530614714714714708e+01	2.400925997973110126e-01	1.688442588237945019e-01
2.546630630630630776e+01	2.392155892400548434e-01	1.683016294133165836e-01
2.562646546546546489e+01	2.383463741443007378e-01	1.677640602611117915e-01
2.578662462462462557e+01	2.374848339837776767e-01	1.672314727733523188e-01
2.594678378378378270e+01	2.366308508298808622e-01	1.667037900558351882e-01
2.610694294294294338e+01	2.357843092799960516e-01	1.661809368670040810e-01
2.626710210210210406e+01	2.349450963882286636e-01	1.656628395725488756e-01
2.642726126126126118e+01	2.341131015984422858e-01	1.651494261015205300e-01
2.658742042042042186e+01	2.332882166795153256e-01	1.646406259039015496e-01
2.674757957957957899e+01	2.324703356627309814e-01	1.641363699095760853e-01
2.690773873873873967e+01	2.316593547812164922e-01	1.636365904886444567e-01
2.706789789789789680e+01	2.308551724113538928e-01	1.631412214130312233e-01
2.722805705705705748e+01	2.300576890160858090e-01	1.626501978193365949e-01
2.738821621621621816e+01	2.292668070900455435e-01	1.621634561728843849e-01
2.754837537537537528e+01	2.284824311064410085e-01	1.616809342329207089e-01
2.770853453453453596e+01	2.277044674656278356e-01	1.612025710189208261e-01
2.786869369369369309e+01	2.269328244453078514e-01	1.607283067779617935e-01
2.802885285285285377e+01	2.261674121522924685e-01	1.602580829531221607e-01
2.818901201201201090e+01	2.254081424757737873e-01	1.597918421528701505e-01
2.834917117117117158e+01	2.246549290420472578e-01	1.593295281214040793e-01
2.850933033033033226e+01	2.239076871706335292e-01	1.588710857099106810e-01
2.866948948948948939e+01	2.231663338317481926e-01	1.584164608487069748e-01
2.882964864864865007e+01	2.224307876050707622e-01	1.579656005202349500e-01
2.898980780780780719e+01	2.217009686397669321e-01	1.575184527328772899e-01
2.914996696696696787e+01	2.209767986157179509e-01	1.570749664955655434e-01
2.931012612612612500e+01	2.202582007059158409e-01	1.566350917931522146e-01
2.947028528528528568e+01	2.195450995399818028e-01	1.561987795625198738e-01
2.963044444444444636e+01	2.188374211687695581e-01	1.557659816694011434e-01
2.979060360360360349e+01	2.181350930300146596e-01	1.553366508858851913e-01
2.995076276276276417e+01	2.174380439149941335e-01	1.549107408685860832e-01
3.011092192192192130e+01	2.167462039361613413e-01	1.544882061374510396e-01
3.027108108108108198e+01	2.160595044957221988e-01	1.540690020551853667e-01
3.043124024024023910e+01	2.153778782551209192e-01	1.536530848072744648e-01
3.059139939939939978e+01	2.147012591054042463e-01	1.532404113825807657e-01
3.075155855855856046e+01	2.140295821384342323e-01	1.528309395544979743e-01
3.091171771771771759e+01	2.133627836189210814e-01	1.524246278626421869e-01
3.107187687687687827e+01	2.127008009572488589e-01	1.520214355950631202e-01
3.123203603603603540e+01	2.120435726830671719e-01	1.516213227709572731e-01
3.139219519519519608e+01	2.113910384196235337e-01	1.512242501238668935e-01
3.155235435435435321e+01	2.107431388588124066e-01	1.508301790853482371e-01
3.171251351351351389e+01	2.100998157369166619e-01	1.504390717690941015e-01
3.187267267267267101e+01	2.094610118110196151e-01	1.500508909554957304e-01
3.203283183183182814e+01	2.088266708360650703e-01	1.496656000766293515e-01
3.219299099099098527e+01	2.081967375425450295e-01	1.492831632016542176e-01
3.235315015015014950e+01	2.075711576147946102e-01	1.489035450226084134e-01
3.251330930930930663e+01	2.069498776698747711e-01	1.485267108405901593e-01
3.267346846846846375e+01	2.063328452370239152e-01	1.481526265523116226e-01
3.283362762762762088e+01	2.057200087376607756e-01	1.477812586370141346e-01
3.299378678678678511e+01	2.051113174659207061e-01	1.474125741437330439e-01
3.315394594594594224e+01	2.045067215697091989e-01	1.470465406789011331e-01
3.331410510510509937e+01	2.039061720322554727e-01	1.466831263942802444e-01
3.347426426426426360e+01	2.033096206541519513e-01	1.463222999752106512e-01
3.363442342342342073e+01	2.027170200358633934e-01	1.459640306291687673e-01
3.379458258258257786e+01	2.021283235606918804e-01	1.456082880746228658e-01
3.395474174174173498e+01	2.015434853781833402e-01	1.452550425301788184e-01
3.411490090090089922e+01	2.009624603879624216e-01	1.449042647040057474e-01
3.427506006006005634e+01	2.003852042239825104e-01	1.445559257835341560e-01
3.443521921921921347e+01	1.998116732391783945e-01	1.442099974254175687e-01
3.459537837837837770e+01	1.992418244905093117e-01	1.438664517457499958e-01
3.475553753753753483e+01	1.986756157243812493e-01	1.435252613105317820e-01
3.491569669669669196e+01	1.981130053624362564e-01	1.431863991263758740e-01
3.507585585585584909e+01	1.975539524876986641e-01	1.428498386314480117e-01
3.523601501501501332e+01	1.969984168310675576e-01	1.425155536866333505e-01
3.539617417417417045e+01	1.964463587581448123e-01	1.421835185669233226e-01
3.555633333333332757e+01	1.958977392563894526e-01	1.418537079530158007e-01
3.571649249249249181e+01	1.953525199225884801e-01	1.415260969231228461e-01
3.587665165165164893e+01	1.948106629506353438e-01	1.412006609449797390e-01
3.603681081081080606e+01	1.942721311196064504e-01	1.408773758680492982e-01
3.619696996996996319e+01	1.937368877821280810e-01	1.405562179159162983e-01
3.635712912912912742e+01	1.932048968530246380e-01	1.402371636788662113e-01
3.651728828828828455e+01	1.926761227982408398e-01	1.399201901066431386e-01
3.667744744744744168e+01	1.921505306240292588e-01	1.396052745013817986e-01
3.683760660660660591e+01	1.916280858663965414e-01	1.392923945107086281e-01
3.699776576576576304e+01	1.911087545808008159e-01	1.389815281210074471e-01
3.715792492492492016e+01	1.905925033320925999e-01	1.386726536508445518e-01
3.731808408408407729e+01	1.900792991846935454e-01	1.383657497445494877e-01
3.747824324324324152e+01	1.895691096930053332e-01	1.380607953659466480e-01
3.763840240240239865e+01	1.890619028920433042e-01	1.377577697922336697e-01
3.779856156156155578e+01	1.885576472882875276e-01	1.374566526080027440e-01
3.795872072072072001e+01	1.880563118507466436e-01	1.371574236994004270e-01
3.811887987987987714e+01	1.875578660022277078e-01	1.368600632484230639e-01
3.827903903903903426e+01	1.870622796108066532e-01	1.365645517273430809e-01
3.843919819819819139e+01	1.865695229814941514e-01	1.362708698932632856e-01
3.859935735735735562e+01	1.860795668480915710e-01	1.359789987827957347e-01
3.875951651651651275e+01	1.855923823652316229e-01	1.356889197068611996e-01
3.891967567567566988e+01	1.851079411005990827e-01	1.354006142456068429e-01
3.907983483483483411e+01	1.846262150273267899e-01	1.351140642434382200e-01
3.923999399399399124e+01	1.841471765165619556e-01	1.348292518041631916e-01
3.940015315315314837e+01	1.836707983301985869e-01	1.345461592862440547e-01
3.956031231231230549e+01	1.831970536137716155e-01	1.342647692981559504e-01
3.972047147147146973e+01	1.827259158895083446e-01	1.339850646938479106e-01
3.988063063063062685e+01	1.822573590495333573e-01	1.337070285683045201e-01
4.004078978978978398e+01	1.817913573492224988e-01	1.334306442532049719e-01
4.020094894894894821e+01	1.813278854007025487e-01	1.331558953126774913e-01
4.036110810810810534e+01	1.808669181664925851e-01	1.328827655391466578e-01
4.052126726726726247e+01	1.804084309532831831e-01	1.326112389492705990e-01
4.068142642642641960e+01	1.799523994058504772e-01	1.323412997799667257e-01
4.084158558558558383e+01	1.794987995011011195e-01	1.320729324845227592e-01
4.100174474474474096e+01	1.790476075422450519e-01	1.318061217287918863e-01
4.116190390390389808e+01	1.785988001530930125e-01	1.315408523874688485e-01
4.132206306306306232e+01	1.781523542724749443e-01	1.312771095404459132e-01
4.148222222222221944e+01	1.777082471487776427e-01	1.310148784692460044e-01
4.164238138138137657e+01	1.772664563345969502e-01	1.307541446535314400e-01
4.180254054054053370e+01	1.768269596815028599e-01	1.304948937676862486e-01
4.196269969969969793e+01	1.763897353349145325e-01	1.302371116774704018e-01
4.212285885885885506e+01	1.759547617290821431e-01	1.299807844367437959e-01
4.228301801801801219e+01	1.755220175821730344e-01	1.297258982842587893e-01
4.244317717717717642e+01	1.750914818914599824e-01	1.294724396405191325e-01
4.260333633633633355e+01	1.746631339286086604e-01	1.292203951047042054e-01
4.276349549549549067e+01	1.742369532350620254e-01	1.289697514516561505e-01
4.292365465465464780e+01	1.738129196175193791e-01	1.287204956289293434e-01
4.308381381381381203e+01	1.733910131435076607e-01	1.284726147539000107e-01
4.324397297297296916e+01	1.729712141370430001e-01	1.282260961109347452e-01
4.340413213213212629e+01	1.725535031743798409e-01	1.279809271486166133e-01
4.356429129129129052e+01	1.721378610798462439e-01	1.277370954770273292e-01
4.372445045045044765e+01	1.717242689217628737e-01	1.274945888650841352e-01
4.388460960960960477e+01	1.713127080084436149e-01	1.272533952379303335e-01
4.404476876876876190e+01	1.709031598842763178e-01	1.270135026743780260e-01
4.420492792792792613e+01	1.704956063258812327e-01	1.267748994044015087e-01
4.436508708708708326e+01	1.700900293383460771e-01	1.265375738066811251e-01
4.452524624624624039e+01	1.696864111515347662e-01	1.263015144061948314e-01
4.468540540540540462e+01	1.692847342164694735e-01	1.260667098718583068e-01
4.484556456456456175e+01	1.688849812017833574e-01	1.258331490142104991e-01
4.500572372372371888e+01	1.684871349902424820e-01	1.256008207831451062e-01
4.516588288288287600e+01	1.680911786753357118e-01	1.253697142656860497e-01
4.532604204204204024e+01	1.676970955579306088e-01	1.251398186838063031e-01
4.548620120120119736e+01	1.673048691429941115e-01	1.249111233922889919e-01
4.564636036036035449e+01	1.669144831363763015e-01	1.246836178766296127e-01
4.580651951951951872e+01	1.665259214416558442e-01	1.244572917509789711e-01
4.596667867867867585e+01	1.661391681570460743e-01	1.242321347561251704e-01
4.612683783783783298e+01	1.657542075723596187e-01	1.240081367575143895e-01
4.628699699699699011e+01	1.653710241660312497e-01	1.237852877433093246e-01
4.644715615615615434e+01	1.649896026021964168e-01	1.235635778224843662e-01
4.660731531531531147e+01	1.646099277278257611e-01	1.233429972229569682e-01
4.676747447447446859e+01	1.642319845699124481e-01	1.231235362897540042e-01
4.692763363363363283e+01	1.638557583327133194e-01	1.229051854832127894e-01
4.708779279279278995e+01	1.634812343950406421e-01	1.226879353772156178e-01
4.724795195195194708e+01	1.631083983076048183e-01	1.224717766574572458e-01
4.740811111111110421e+01	1.627372357904061650e-01	1.222567001197447101e-01
4.756827027027026844e+01	1.623677327301749074e-01	1.220426966683284681e-01
4.772842942942942557e+01	1.619998751778584933e-01	1.218297573142645002e-01
4.788858858858858270e+01	1.616336493461546786e-01	1.216178731738063873e-01
4.804874774774774693e+01	1.612690416070902133e-01	1.214070354668271151e-01
4.820890690690690406e+01	1.609060384896434104e-01	1.211972355152694941e-01
4.836906606606606118e+01	1.605446266774098185e-01	1.209884647416249737e-01
4.852922522522521831e+01	1.601847930063106384e-01	1.207807146674400034e-01
4.868938438438438254e+01	1.598265244623418846e-01	1.205739769118494287e-01
4.884954354354353967e+01	1.594698081793647637e-01	1.203682431901363648e-01
4.900970270270269680e+01	1.591146314369349668e-01	1.201635053123180363e-01
4.916986186186186103e+01	1.587609816581713185e-01	1.199597551817567637e-01
4.933002102102101816e+01	1.584088464076623126e-01	1.197569847937960119e-01
4.949018018018017528e+01	1.580582133894093966e-01	1.195551862344205185e-01
4.965033933933933241e+01	1.577090704448074199e-01	1.193543516789403458e-01
4.981049849849849664e+01	1.573614055506599441e-01	1.191544733906981374e-01
4.997065765765765377e+01	1.570152068172301352e-01	1.189555437197991894e-01
5.013081681681681090e+01	1.566704624863253237e-01	1.187575551018638514e-01
5.029097597597597513e+01	1.563271609294153153e-01	1.185605000568017986e-01
5.045113513513513226e+01	1.559852906457834809e-01	1.183643711876077032e-01
5.061129429429428939e+01	1.556448402607098491e-01	1.181691611791778479e-01
5.077145345345344651e+01	1.553057985236855898e-01	1.179748627971473479e-01
5.093161261261261075e+01	1.549681543066586120e-01	1.177814688867473980e-01
5.109177177177176787e+01	1.546318966023090824e-01	1.175889723716823793e-01
5.125193093093092500e+01	1.542970145223544476e-01	1.173973662530260059e-01
5.141209009009008923e+01	1.539634972958837111e-01	1.172066436081367347e-01
5.157224924924924636e+01	1.536313342677200211e-01	1.170167975895914508e-01
5.173240840840840349e+01	1.533005148968107356e-01	1.168278214241373764e-01
5.189256756756756062e+01	1.529710287546452996e-01	1.166397084116618660e-01
5.205272672672672485e+01	1.526428655236993781e-01	1.164524519241795092e-01
5.221288588588588198e+01	1.523160149959053855e-01	1.162660454048364544e-01
5.237304504504503910e+01	1.519904670711487715e-01	1.160804823669314145e-01
5.253320420420420334e+01	1.516662117557890654e-01	1.158957563929530199e-01
5.269336336336336046e+01	1.513432391612060945e-01	1.157118611336335062e-01
5.285352252252251759e+01	1.510215395023701002e-01	1.155287903070179034e-01
5.301368168168167472e+01	1.507011030964353626e-01	1.153465376975488788e-01
5.317384084084083895e+01	1.503819203613574740e-01	1.151650971551666791e-01
5.333399999999999608e+01	1.500639818145333149e-01	1.149844625944239362e-01
5.349415915915915321e+01	1.497472780714628748e-01	1.148046279936150993e-01
5.365431831831831744e+01	1.494317998444336382e-01	1.146255873939201059e-01
5.381447747747747457e+01	1.491175379412262303e-01	1.144473348985621253e-01
5.397463663663663169e+01	1.488044832638408255e-01	1.142698646719790406e-01
5.413479579579578882e+01	1.484926268072445654e-01	1.140931709390083509e-01
5.429495495495495305e+01	1.481819596581392950e-01	1.139172479840854096e-01
5.445511411411411018e+01	1.478724729937488380e-01	1.137420901504546250e-01
5.461527327327326731e+01	1.475641580806260900e-01	1.135676918393932061e-01
5.477543243243243154e+01	1.472570062734790131e-01	1.133940475094476763e-01
5.493559159159158867e+01	1.469510090140156711e-01	1.132211516756824604e-01
5.509575075075074579e+01	1.466461578298073609e-01	1.130489989089404623e-01
5.525590990990990292e+01	1.463424443331700076e-01	1.128775838351155358e-01
5.541606906906906715e+01	1.460398602200634055e-01	1.127069011344365157e-01
5.557622822822822428e+01	1.457383972690074747e-01	1.125369455407624758e-01
5.573638738738738141e+01	1.454380473400159746e-01	1.123677118408893116e-01
5.589654654654654564e+01	1.451388023735467603e-01	1.121991948738671058e-01
5.605670570570570277e+01	1.448406543894686094e-01	1.120313895303282903e-01
5.621686486486485990e+01	1.445435954860440630e-01	1.118642907518263285e-01
5.637702402402401702e+01	1.442476178389281438e-01	1.116978935301847220e-01
5.653718318318318126e+01	1.439527137001827273e-01	1.115321929068561618e-01
5.669734234234233838e+01	1.436588753973060684e-01	1.113671839722917278e-01
5.685750150150149551e+01	1.433660953322774267e-01	1.112028618653196355e-01
5.701766066066065974e+01	1.430743659806161250e-01	1.110392217725338637e-01
5.717781981981981687e+01	1.427836798904555393e-01	1.108762589276920119e-01
5.733797897897897400e+01	1.424940296816307184e-01	1.107139686111225235e-01
5.749813813813813113e+01	1.422054080447804070e-01	1.105523461491408205e-01
5.765829729729729536e+01	1.419178077404624483e-01	1.103913869134746234e-01
5.781845645645645249e+01	1.416312215982827860e-01	1.102310863206977798e-01
5.797861561561560961e+01	1.413456425160374286e-01	1.100714398316728904e-01
5.813877477477477385e+01	1.410610634588676804e-01	1.099124429510021650e-01
5.829893393393393097e+01	1.407774774584278077e-01	1.097540912264868690e-01
5.845909309309308810e+01	1.404948776120654719e-01	1.095963802485946104e-01
5.861925225225224523e+01	1.402132570820141255e-01	1.094393056499348565e-01
5.877941141141140946e+01	1.399326090945977041e-01	1.092828631047422228e-01
5.893957057057056659e+01	1.396529269394471695e-01	1.091270483283674902e-01
5.909972972972972372e+01	1.393742039687284329e-01	1.089718570767762157e-01
5.925988888888888795e+01	1.390964335963819909e-01	1.088172851460547375e-01
5.942004804804804508e+01	1.388196092973737195e-01	1.086633283719237314e-01
5.958020720720720220e+01	1.385437246069565753e-01	1.085099826292586084e-01
5.974036636636635933e+01	1.382687731199432613e-01	1.083572438316172809e-01
5.990052552552552356e+01	1.379947484899895493e-01	1.082051079307747438e-01
6.006068468468468069e+01	1.377216444288880404e-01	1.080535709162645103e-01
6.022084384384383782e+01	1.374494547058721650e-01	1.079026288149266960e-01
6.038100300300300205e+01	1.371781731469303989e-01	1.077522776904628610e-01
6.054116216216215918e+01	1.369077936341303592e-01	1.076025136429971385e-01
6.070132132132131630e+01	1.366383101049526150e-01	1.074533328086438172e-01
6.086148048048047343e+01	1.363697165516341847e-01	1.073047313590812651e-01
6.102163963963963766e+01	1.361020070205215537e-01	1.071567055011317798e-01
6.118179879879879479e+01	1.358351756114327402e-01	1.070092514763477803e-01
6.134195795795795192e+01	1.355692164770285479e-01	1.068623655606037448e-01
6.150211711711711615e+01	1.353041238221929510e-01	1.067160440636939767e-01
6.166227627627627328e+01	1.350398919034222212e-01	1.065702833289362828e-01
6.182243543543543041e+01	1.347765150282224933e-01	1.064250797327811471e-01
6.198259459459458753e+01	1.345139875545161290e-01	1.062804296844265112e-01
6.214275375375375177e+01	1.342523038900564347e-01	1.061363296254380362e-01
6.230291291291290889e+01	1.339914584918504570e-01	1.059927760293747634e-01
6.246307207207206602e+01	1.337314458655899929e-01	1.058497654014198819e-01
6.262323123123122315e+01	1.334722605650905669e-01	1.057072942780169500e-01
6.278339039039038738e+01	1.332138971917380676e-01	1.055653592265110297e-01
6.294354954954954451e+01	1.329563503939435731e-01	1.054239568447949138e-01
6.310370870870870164e+01	1.326996148666050312e-01	1.052830837609602249e-01
6.326386786786786587e+01	1.324436853505769618e-01	1.051427366329535512e-01
6.342402702702702300e+01	1.321885566321474026e-01	1.050029121482371347e-01
6.358418618618618012e+01	1.319342235425217669e-01	1.048636070234544165e-01
6.374434534534533725e+01	1.316806809573141390e-01	1.047248180041000926e-01
6.390450450450450148e+01	1.314279237960453151e-01	1.045865418641948735e-01
6.406466366366366572e+01	1.311759470216479206e-01	1.044487754059645057e-01
6.422482282282282995e+01	1.309247456399780241e-01	1.043115154595234267e-01
6.438498198198197997e+01	1.306743146993336324e-01	1.041747588825625709e-01
6.454514114114114420e+01	1.304246492899794607e-01	1.040385025600414487e-01
6.470530030030030844e+01	1.301757445436785010e-01	1.039027434038845565e-01
6.486545945945945846e+01	1.299275956332296422e-01	1.037674783526818245e-01
6.502561861861862269e+01	1.296801977720113963e-01	1.036327043713929918e-01
6.518577777777778692e+01	1.294335462135322301e-01	1.034984184510562982e-01
6.534593693693693695e+01	1.291876362509864762e-01	1.033646176085007418e-01
6.550609609609610118e+01	1.289424632168163776e-01	1.032312988860624586e-01
6.566625525525525120e+01	1.286980224822798502e-01	1.030984593513047942e-01
6.582641441441441543e+01	1.284543094570242405e-01	1.029660960967421629e-01
6.598657357357357967e+01	1.282113195886653567e-01	1.028342062395675854e-01
6.614673273273272969e+01	1.279690483623725783e-01	1.027027869213838485e-01
6.630689189189189392e+01	1.277274913004588230e-01	1.025718353079381889e-01
6.646705105105105815e+01	1.274866439619765368e-01	1.024413485888606423e-01
6.662721021021020817e+01	1.272465019423185129e-01	1.023113239774056799e-01
6.678736936936937241e+01	1.270070608728241512e-01	1.021817587101973290e-01
6.694752852852853664e+01	1.267683164203909363e-01	1.020526500469776804e-01
6.710768768768768666e+01	1.265302642870907435e-01	1.019239952703586277e-01
6.726784684684685089e+01	1.262929002097913089e-01	1.017957916855768974e-01
6.742800600600601513e+01	1.260562199597826949e-01	1.016680366202523250e-01
6.758816516516516515e+01	1.258202193424083903e-01	1.015407274241491298e-01
6.774832432432432938e+01	1.255848941967010468e-01	1.014138614689404777e-01
6.790848348348347940e+01	1.253502403950235711e-01	1.012874361479760010e-01
6.806864264264264364e+01	1.251162538427138260e-01	1.011614488760523012e-01
6.822880180180180787e+01	1.248829304777348270e-01	1.010358970891864910e-01
6.838896096096095789e+01	1.246502662703289077e-01	1.009107782443926377e-01
6.854912012012012212e+01	1.244182572226762706e-01	1.007860898194609667e-01
6.870927927927928636e+01	1.241868993685581041e-01	1.006618293127401198e-01
6.886943843843843638e+01	1.239561887730238759e-01	1.005379942429219381e-01
6.902959759759760061e+01	1.237261215320628466e-01	1.004145821488292012e-01
6.918975675675676484e+01	1.234966937722796754e-01	1.002915905892059756e-01
6.934991591591591487e+01	1.232679016505741632e-01	1.001690171425105996e-01
6.951007507507507910e+01	1.230397413538250745e-01	1.000468594067114025e-01
6.967023423423424333e+01	1.228122090985777765e-01	9.992511499908481032e-02
6.983039339339339335e+01	1.225853011307360130e-01	9.980378155601632439e-02
6.999055255255255759e+01	1.223590137252571208e-01	9.968285673280354031e-02
7.015071171171170761e+01	1.221333431858516588e-01	9.956233820346215013e-02
7.031087087087087184e+01	1.219082858446860901e-01	9.944222366053397100e-02
7.047103003003003607e+01	1.216838380620896554e-01	9.932251081489761046e-02
7.063118918918918610e+01	1.214599962262645633e-01	9.920319739558135230e-02
7.079134834834835033e+01	1.212367567529999690e-01	9.908428114957848476e-02
7.095150750750751456e+01	1.210141160853893255e-01	9.896575984166483542e-02
7.111166666666666458e+01	1.207920706935511901e-01	9.884763125421862362e-02
7.127182582582582882e+01	1.205706170743535699e-01	9.872989318704247785e-02
7.143198498498499305e+01	1.203497517511415565e-01	9.861254345718777070e-02
7.159214414414414307e+01	1.201294712734683051e-01	9.849557989878088282e-02
7.175230330330330730e+01	1.199097722168291080e-01	9.837900036285188166e-02
7.191246246246247154e+01	1.196906511823991326e-01	9.826280271716511527e-02
7.207262162162162156e+01	1.194721047967737954e-01	9.814698484605194340e-02
7.223278078078078579e+01	1.192541297117126198e-01	9.803154465024541131e-02
7.239293993993993581e+01	1.190367226038860637e-01	9.791648004671713035e-02
7.255309909909910004e+01	1.188198801746253863e-01	9.780178896851590697e-02
7.271325825825826428e+01	1.186035991496755537e-01	9.768746936460859231e-02
7.287341741741741430e+01	1.183878762789510319e-01	9.757351919972255538e-02
7.303357657657657853e+01	1.181727083362944797e-01	9.745993645419025186e-02
7.319373573573574276e+01	1.179580921192385085e-01	9.734671912379568026e-02
7.335389489489489279e+01	1.177440244487699822e-01	9.723386521962253115e-02
7.351405405405405702e+01	1.175305021690972035e-01	9.712137276790433482e-02
7.367421321321322125e+01	1.173175221474200558e-01	9.700923980987619100e-02
7.383437237237237127e+01	1.171050812737025465e-01	9.689746440162852470e-02
7.399453153153153551e+01	1.168931764604481949e-01	9.678604461396232705e-02
7.415469069069069974e+01	1.166818046424780431e-01	9.667497853224629734e-02
7.431484984984984976e+01	1.164709627767112621e-01	9.656426425627565036e-02
7.447500900900901399e+01	1.162606478419481171e-01	9.645389990013240877e-02
7.463516816816816402e+01	1.160508568386559997e-01	9.634388359204770769e-02
7.479532732732732825e+01	1.158415867887571254e-01	9.623421347426525108e-02
7.495548648648649248e+01	1.156328347354195762e-01	9.612488770290689155e-02
7.511564564564564250e+01	1.154245977428500353e-01	9.601590444783936196e-02
7.527580480480480674e+01	1.152168728960893535e-01	9.590726189254274170e-02
7.543596396396397097e+01	1.150096573008102946e-01	9.579895823398046351e-02
7.559612312312312099e+01	1.148029480831176258e-01	9.569099168247088838e-02
7.575628228228228522e+01	1.145967423893504422e-01	9.558336046156011567e-02
7.591644144144144946e+01	1.143910373858868929e-01	9.547606280789670830e-02
7.607660060060059948e+01	1.141858302589511265e-01	9.536909697110737549e-02
7.623675975975976371e+01	1.139811182144220697e-01	9.526246121367447361e-02
7.639691891891892794e+01	1.137768984776449666e-01	9.515615381081472812e-02
7.655707807807807797e+01	1.135731682932446113e-01	9.505017305035942665e-02
7.671723723723724220e+01	1.133699249249407182e-01	9.494451723263591658e-02
7.687739639639639222e+01	1.131671656553657340e-01	9.483918467035055977e-02
7.703755555555555645e+01	1.129648877858841910e-01	9.473417368847289466e-02
7.719771471471472069e+01	1.127630886364144602e-01	9.462948262412128331e-02
7.735787387387387071e+01	1.125617655452523375e-01	9.452510982644972415e-02
7.751803303303303494e+01	1.123609158688965992e-01	9.442105365653599702e-02
7.767819219219219917e+01	1.121605369818766684e-01	9.431731248727107109e-02
7.783835135135134919e+01	1.119606262765818760e-01	9.421388470324983111e-02
7.799851051051051343e+01	1.117611811630928181e-01	9.411076870066287237e-02
7.815866966966967766e+01	1.115621990690147530e-01	9.400796288718975269e-02
7.831882882882882768e+01	1.113636774393123446e-01	9.390546568189320209e-02
7.847898798798799191e+01	1.111656137361467789e-01	9.380327551511469242e-02
7.863914714714715615e+01	1.109680054387142262e-01	9.370139082837106170e-02
7.879930630630630617e+01	1.107708500430863163e-01	9.359981007425242916e-02
7.895946546546547040e+01	1.105741450620522925e-01	9.349853171632108162e-02
7.911962462462462042e+01	1.103778880249628447e-01	9.339755422901166448e-02
7.927978378378378466e+01	1.101820764775757466e-01	9.329687609753224697e-02
7.943994294294294889e+01	1.099867079819030202e-01	9.319649581776678904e-02
7.960010210210209891e+01	1.097917801160599033e-01	9.309641189617842705e-02
7.976026126126126314e+01	1.095972904741152748e-01	9.299662284971391135e-02
7.992042042042042738e+01	1.094032366659438565e-01	9.289712720570918181e-02
8.008057957957957740e+01	1.092096163170800244e-01	9.279792350179588700e-02
8.024073873873874163e+01	1.090164270685728548e-01	9.269901028580887492e-02
8.040089789789790586e+01	1.088236665768431977e-01	9.260038611569486322e-02
8.056105705705705589e+01	1.086313325135419561e-01	9.250204955942205320e-02
8.072121621621622012e+01	1.084394225654098376e-01	9.240399919489056257e-02
8.088137537537538435e+01	1.082479344341389232e-01	9.230623360984405168e-02
8.104153453453453437e+01	1.080568658362353884e-01	9.220875140178225182e-02
8.120169369369369861e+01	1.078662145028836672e-01	9.211155117787436786e-02
8.136185285285284863e+01	1.076759781798123788e-01	9.201463155487346612e-02
8.152201201201201286e+01	1.074861546271611845e-01	9.191799115903179218e-02
8.168217117117117709e+01	1.072967416193495449e-01	9.182162862601703224e-02
8.184233033033032712e+01	1.071077369449464217e-01	9.172554260082943500e-02
8.200248948948949135e+01	1.069191384065415751e-01	9.162973173771975233e-02
8.216264864864865558e+01	1.067309438206181377e-01	9.153419470010824843e-02
8.232280780780780560e+01	1.065431510174265489e-01	9.143893016050436140e-02
8.248296696696696984e+01	1.063557578408596688e-01	9.134393680042740549e-02
8.264312612612613407e+01	1.061687621483293625e-01	9.124921331032800897e-02
8.280328528528528409e+01	1.059821618106442515e-01	9.115475838951041243e-02
8.296344444444444832e+01	1.057959547118886845e-01	9.106057074605558577e-02
8.312360360360359834e+01	1.056101387493030425e-01	9.096664909674519184e-02
8.328376276276276258e+01	1.054247118331652217e-01	9.087299216698629944e-02
8.344392192192192681e+01	1.052396718866733388e-01	9.077959869073699839e-02
8.360408108108107683e+01	1.050550168458295880e-01	9.068646741043262516e-02
8.376424024024024106e+01	1.048707446593252907e-01	9.059359707691296004e-02
8.392439939939940530e+01	1.046868532884272507e-01	9.050098644934997938e-02
8.408455855855855532e+01	1.045033407068650111e-01	9.040863429517660699e-02
8.424471771771771955e+01	1.043202049007193183e-01	9.031653939001595133e-02
8.440487687687688378e+01	1.041374438683119602e-01	9.022470051761152798e-02
8.456503603603603381e+01	1.039550556200963399e-01	9.013311646975798175e-02
8.472519519519519804e+01	1.037730381785492845e-01	9.004178604623273852e-02
8.488535435435436227e+01	1.035913895780641580e-01	8.995070805472818454e-02
8.504551351351351229e+01	1.034101078648445998e-01	8.985988131078466445e-02
8.520567267267267653e+01	1.032291910967996634e-01	8.976930463772414548e-02
8.536583183183182655e+01	1.030486373434399000e-01	8.967897686658454770e-02
8.552599099099099078e+01	1.028684446857743573e-01	8.958889683605471277e-02
8.568615015015015501e+01	1.026886112162088138e-01	8.949906339241016362e-02
8.584630930930930504e+01	1.025091350384447486e-01	8.940947538944946094e-02
8.600646846846846927e+01	1.023300142673794766e-01	8.932013168843105921e-02
8.616662762762763350e+01	1.021512470290072555e-01	8.923103115801107876e-02
8.632678678678678352e+01	1.019728314603212949e-01	8.914217267418157731e-02
8.648694594594594776e+01	1.017947657092166114e-01	8.905355512020936282e-02
8.664710510510511199e+01	1.016170479343941474e-01	8.896517738657561125e-02
8.680726426426426201e+01	1.014396763052655137e-01	8.887703837091597003e-02
8.696742342342342624e+01	1.012626490018586622e-01	8.878913697796125826e-02
8.712758258258259048e+01	1.010859642147247661e-01	8.870147211947887467e-02
8.728774174174174050e+01	1.009096201448455576e-01	8.861404271421473300e-02
8.744790090090090473e+01	1.007336150035419153e-01	8.852684768783572467e-02
8.760806006006005475e+01	1.005579470123831032e-01	8.843988597287287534e-02
8.776821921921921899e+01	1.003826144030969536e-01	8.835315650866497339e-02
8.792837837837838322e+01	1.002076154174809247e-01	8.826665824130283666e-02
8.808853753753753324e+01	1.000329483073139625e-01	8.818039012357406503e-02
8.824869669669669747e+01	9.985861133426918168e-02	8.809435111490843129e-02
8.840885585585586171e+01	9.968460276982732404e-02	8.800854018132371615e-02
8.856901501501501173e+01	9.951092089519122941e-02	8.792295629537215385e-02
8.872917417417417596e+01	9.933756400120072327e-02	8.783759843608741902e-02
8.888933333333334019e+01	9.916453038824880883e-02	8.775246558893202986e-02
8.904949249249249021e+01	9.899181836619816433e-02	8.766755674574545909e-02
8.920965165165165445e+01	9.881942625429862570e-02	8.758287090469252245e-02
8.936981081081081868e+01	9.864735238110548809e-02	8.749840707021254438e-02
8.952996996996996870e+01	9.847559508439850118e-02	8.741416425296870407e-02
8.969012912912913293e+01	9.830415271110140574e-02	8.733014146979821424e-02
8.985028828828828296e+01	9.813302361720259437e-02	8.724633774366277739e-02
9.001044744744744719e+01	9.796220616767617462e-02	8.716275210359951398e-02
9.017060660660661142e+01	9.779169873640389254e-02	8.707938358467252893e-02
9.033076576576576144e+01	9.762149970609777794e-02	8.699623122792482510e-02
9.049092492492492568e+01	9.745160746822330300e-02	8.691329408033067472e-02
9.065108408408408991e+01	9.728202042292359575e-02	8.683057119474851815e-02
9.081124324324323993e+01	9.711273697894391710e-02	8.674806162987433455e-02
9.097140240240240416e+01	9.694375555355708163e-02	8.666576445019537334e-02
9.113156156156156840e+01	9.677507457248941958e-02	8.658367872594439907e-02
9.129172072072071842e+01	9.660669246984758540e-02	8.650180353305439440e-02
9.145187987987988265e+01	9.643860768804568551e-02	8.642013795311359603e-02
9.161203903903904688e+01	9.627081867773334967e-02	8.633868107332108577e-02
9.177219819819819691e+01	9.610332389772435757e-02	8.625743198644281184e-02
9.193235735735736114e+01	9.593612181492570945e-02	8.617638979076781836e-02
9.209251651651651116e+01	9.576921090426764038e-02	8.609555359006522413e-02
9.225267567567567539e+01	9.560258964863391218e-02	8.601492249354132646e-02
9.241283483483483963e+01	9.543625653879295179e-02	8.593449561579723228e-02
9.257299399399398965e+01	9.527021007332954483e-02	8.585427207678700268e-02
9.273315315315315388e+01	9.510444875857688996e-02	8.577425100177586692e-02
9.289331231231231811e+01	9.493897110854959687e-02	8.569443152129929686e-02
9.305347147147146813e+01	9.477377564487707295e-02	8.561481277112198418e-02
9.321363063063063237e+01	9.460886089673729848e-02	8.553539389219760869e-02
9.337378978978979660e+01	9.444422540079157324e-02	8.545617403062870376e-02
9.353394894894894662e+01	9.427986770111951298e-02	8.537715233762710465e-02
9.369410810810811086e+01	9.411578634915457320e-02	8.529832796947454943e-02
9.385426726726727509e+01	9.395197990362030849e-02	8.521970008748389058e-02
9.401442642642642511e+01	9.378844693046713143e-02	8.514126785796051478e-02
9.417458558558558934e+01	9.362518600280937686e-02	8.506303045216413727e-02
9.433474474474473936e+01	9.346219570086319872e-02	8.498498704627104050e-02
9.449490390390390360e+01	9.329947461188474456e-02	8.490713682133647910e-02
9.465506306306306783e+01	9.313702133010891282e-02	8.482947896325773729e-02
9.481522222222221785e+01	9.297483445668876245e-02	8.475201266273718614e-02
9.497538138138138208e+01	9.281291259963507512e-02	8.467473711524590996e-02
9.513554054054054632e+01	9.265125437375681949e-02	8.459765152098766561e-02
9.529569969969969634e+01	9.248985840060174046e-02	8.452075508486300848e-02
9.545585885885886057e+01	9.232872330839764219e-02	8.444404701643390410e-02
9.561601801801802480e+01	9.216784773199412917e-02	8.436752652988865897e-02
9.577617717717717483e+01	9.200723031280469422e-02	8.429119284400708734e-02
9.593633633633633906e+01	9.184686969874933382e-02	8.421504518212599710e-02
9.609649549549550329e+01	9.168676454419769084e-02	8.413908277210514763e-02
9.625665465465465331e+01	9.152691350991262742e-02	8.406330484629336020e-02
9.641681381381381755e+01	9.136731526299401995e-02	8.398771064149494758e-02
9.657697297297296757e+01	9.120796847682335895e-02	8.391229939893653234e-02
9.673713213213213180e+01	9.104887183100843218e-02	8.383707036423412862e-02
9.689729129129129603e+01	9.089002401132871556e-02	8.376202278736048779e-02
9.705745045045044606e+01	9.073142370968108328e-02	8.368715592261280478e-02
9.721760960960961029e+01	9.057306962402575379e-02	8.361246902858066044e-02
9.737776876876877452e+01	9.041496045833305462e-02	8.353796136811428297e-02
9.753792792792792454e+01	9.025709492253014554e-02	8.346363220829310092e-02
9.769808708708708878e+01	9.009947173244847729e-02	8.338948082039453202e-02
9.785824624624625301e+01	8.994208960977145839e-02	8.331550647986317448e-02
9.801840540540540303e+01	8.978494728198267716e-02	8.324170846628005382e-02
9.817856456456456726e+01	8.962804348231423468e-02	8.316808606333242482e-02
9.833872372372373150e+01	8.947137694969586885e-02	8.309463855878358729e-02
9.849888288288288152e+01	8.931494642870400902e-02	8.302136524444318766e-02
9.865904204204204575e+01	8.915875066951156613e-02	8.294826541613756210e-02
9.881920120120119577e+01	8.900278842783791722e-02	8.287533837368059320e-02
9.897936036036036000e+01	8.884705846489913961e-02	8.280258342084459433e-02
9.913951951951952424e+01	8.869155954735906400e-02	8.272999986533161043e-02
9.929967867867867426e+01	8.853629044727998054e-02	8.265758701874491299e-02
9.945983783783783849e+01	8.838124994207437191e-02	8.258534419656073100e-02
9.961999699699700273e+01	8.822643681445657693e-02	8.251327071810028724e-02
9.978015615615615275e+01	8.807184985239491226e-02	8.244136590650201490e-02
9.994031531531531698e+01	8.791748784906408543e-02	8.236962908869406574e-02
1.001004744744744812e+02	8.776334960279817687e-02	8.229805959536705406e-02
1.002606336336336312e+02	8.760943391704355265e-02	8.222665676094703668e-02
1.004207927927927955e+02	8.745573960031240157e-02	8.215541992356870105e-02
1.005809519519519597e+02	8.730226546613646665e-02	8.208434842504881701e-02
1.007411111111111097e+02	8.714901033302119293e-02	8.201344161085993845e-02
1.009012702702702740e+02	8.699597302440001401e-02	8.194269883010429911e-02
1.010614294294294240e+02	8.684315236858916598e-02	8.187211943548794446e-02
1.012215885885885882e+02	8.669054719874254300e-02	8.180170278329511324e-02
1.013817477477477524e+02	8.653815635280712182e-02	8.173144823336278564e-02
1.015419069069069025e+02	8.638597867347848347e-02	8.166135514905550896e-02
1.017020660660660667e+02	8.623401300815670967e-02	8.159142289724044539e-02
1.018622252252252309e+02	8.608225820890255675e-02	8.152165084826254460e-02
1.020223843843843810e+02	8.593071313239390718e-02	8.145203837592006335e-02
1.021825435435435452e+02	8.577937663988248473e-02	8.138258485744020998e-02
1.023427027027027094e+02	8.562824759715086109e-02	8.131328967345496928e-02
1.025028618618618594e+02	8.547732487446976779e-02	8.124415220797728820e-02
1.026630210210210237e+02	8.532660734655558854e-02	8.117517184837722000e-02
1.028231801801801879e+02	8.517609389252817076e-02	8.110634798535852619e-02
1.029833393393393379e+02	8.502578339586901179e-02	8.103768001293537582e-02
1.031434984984985022e+02	8.487567474437932025e-02	8.096916732840907238e-02
1.033036576576576522e+02	8.472576683013885446e-02	8.090080933234537752e-02
1.034638168168168164e+02	8.457605854946458057e-02	8.083260542855158493e-02
1.036239759759759806e+02	8.442654880286987185e-02	8.076455502405410769e-02
1.037841351351351307e+02	8.427723649502370795e-02	8.069665752907612122e-02
1.039442942942942949e+02	8.412812053471024898e-02	8.062891235701540038e-02
1.041044534534534591e+02	8.397919983478865924e-02	8.056131892442233711e-02
1.042646126126126092e+02	8.383047331215309761e-02	8.049387665097827715e-02
1.044247717717717734e+02	8.368193988769297154e-02	8.042658495947377362e-02
1.045849309309309376e+02	8.353359848625335760e-02	8.035944327578729840e-02
1.047450900900900876e+02	8.338544803659574123e-02	8.029245102886396757e-02
1.049052492492492519e+02	8.323748747135890913e-02	8.022560765069450261e-02
1.050654084084084161e+02	8.308971572702009145e-02	8.015891257629433053e-02
1.052255675675675661e+02	8.294213174385621501e-02	8.009236524368293364e-02
1.053857267267267304e+02	8.279473446590547570e-02	8.002596509386328272e-02
1.055458858858858804e+02	8.264752284092913293e-02	7.995971157080150604e-02
1.057060450450450446e+02	8.250049582037338736e-02	7.989360412140668333e-02
1.058662042042042088e+02	8.235365235933156391e-02	7.982764219551084783e-02
1.060263633633633589e+02	8.220699141650637809e-02	7.976182524584912725e-02
1.061865225225225231e+02	8.206051195417250754e-02	7.969615272804006501e-02
1.063466816816816873e+02	8.191421293813937188e-02	7.963062410056608031e-02
1.065068408408408374e+02	8.176809333771387078e-02	7.956523882475412257e-02
1.066670000000000016e+02	8.162215212566353850e-02	7.949999636475645060e-02
1.068271591591591658e+02	8.147638827817983709e-02	7.943489618753162007e-02
1.069873183183183158e+02	8.133080077484163006e-02	7.936993776282558199e-02
1.071474774774774801e+02	8.118538859857858669e-02	7.930512056315291991e-02
1.073076366366366443e+02	8.104015073563511362e-02	7.924044406377829530e-02
1.074677957957957943e+02	8.089508617553425873e-02	7.917590774269807341e-02
1.076279549549549586e+02	8.075019391104183708e-02	7.911151108062194903e-02
1.077881141141141086e+02	8.060547293813061231e-02	7.904725356095489153e-02
1.079482732732732728e+02	8.046092225594476954e-02	7.898313466977914532e-02
1.081084324324324371e+02	8.031654086676448534e-02	7.891915389583639695e-02
1.082685915915915871e+02	8.017232777597058102e-02	7.885531073051008089e-02
1.084287507507507513e+02	8.002828199200948123e-02	7.879160466780787964e-02
1.085889099099099155e+02	7.988440252635820027e-02	7.872803520434423774e-02
1.087490690690690656e+02	7.974068839348945337e-02	7.866460183932319494e-02
1.089092282282282298e+02	7.959713861083692055e-02	7.860130407452119161e-02
1.090693873873873940e+02	7.945375219876080197e-02	7.853814141427016560e-02
1.092295465465465441e+02	7.931052818051326225e-02	7.847511336544060745e-02
1.093897057057057083e+02	7.916746558220409680e-02	7.841221943742494871e-02
1.095498648648648725e+02	7.902456343276664796e-02	7.834945914212088081e-02
1.097100240240240225e+02	7.888182076392370734e-02	7.828683199391504866e-02
1.098701831831831868e+02	7.873923661015351516e-02	7.822433750966661936e-02
1.100303423423423368e+02	7.859681000865602341e-02	7.816197520869114235e-02
1.101905015015015010e+02	7.845453999931906175e-02	7.809974461274454827e-02
1.103506606606606653e+02	7.831242562468489210e-02	7.803764524600710628e-02
1.105108198198198153e+02	7.817046592991663823e-02	7.797567663506778379e-02
1.106709789789789795e+02	7.802865996276484029e-02	7.791383830890842577e-02
1.108311381381381437e+02	7.788700677353432855e-02	7.785212979888833651e-02
1.109912972972972938e+02	7.774550541505094448e-02	7.779055063872877818e-02
1.111514564564564580e+02	7.760415494262840053e-02	7.772910036449766358e-02
1.113116156156156222e+02	7.746295441403545923e-02	7.766777851459444326e-02
1.114717747747747723e+02	7.732190288946287626e-02	7.760658462973500649e-02
1.116319339339339365e+02	7.718099943149066278e-02	7.754551825293669320e-02
1.117920930930931007e+02	7.704024310505538931e-02	7.748457892950358361e-02
1.119522522522522507e+02	7.689963297741751747e-02	7.742376620701170442e-02
1.121124114114114150e+02	7.675916811812881491e-02	7.736307963529444331e-02
1.122725705705705650e+02	7.661884759899988129e-02	7.730251876642811604e-02
1.124327297297297292e+02	7.647867049406779916e-02	7.724208315471753350e-02
1.125928888888888935e+02	7.633863587956371544e-02	7.718177235668187419e-02
1.127530480480480435e+02	7.619874283388067271e-02	7.712158593104040394e-02
1.129132072072072077e+02	7.605899043754127398e-02	7.706152343869851484e-02
1.130733663663663719e+02	7.591937777316565272e-02	7.700158444273381975e-02
1.132335255255255220e+02	7.577990392543938747e-02	7.694176850838230219e-02
1.133936846846846862e+02	7.564056798108138857e-02	7.688207520302463294e-02
1.135538438438438504e+02	7.550136902881204870e-02	7.682250409617258358e-02
1.137140030030030005e+02	7.536230615932124066e-02	7.676305475945550960e-02
1.138741621621621647e+02	7.522337846523644012e-02	7.670372676660695832e-02
1.140343213213213289e+02	7.508458504109098708e-02	7.664451969345138782e-02
1.141944804804804789e+02	7.494592498329229191e-02	7.658543311789102470e-02
1.143546396396396432e+02	7.480739739008991640e-02	7.652646661989272181e-02
1.145147987987987932e+02	7.466900136154418222e-02	7.646761978147503802e-02
1.146749579579579574e+02	7.453073599949418260e-02	7.640889218669526251e-02
1.148351171171171217e+02	7.439260040752637693e-02	7.635028342163675819e-02
1.149952762762762717e+02	7.425459369094285222e-02	7.629179307439618030e-02
1.151554354354354359e+02	7.411671495672975118e-02	7.623342073507093086e-02
1.153155945945946002e+02	7.397896331352574184e-02	7.617516599574665481e-02
1.154757537537537502e+02	7.384133787159047335e-02	7.611702845048483324e-02
1.156359129129129144e+02	7.370383774277294853e-02	7.605900769531051542e-02
1.157960720720720786e+02	7.356646204048017390e-02	7.600110332820009251e-02
1.159562312312312287e+02	7.342920987964550450e-02	7.594331494906915447e-02
1.161163903903903929e+02	7.329208037669715514e-02	7.588564215976051353e-02
1.162765495495495571e+02	7.315507264952680888e-02	7.582808456403222763e-02
1.164367087087087071e+02	7.301818581745803116e-02	7.577064176754580438e-02
1.165968678678678714e+02	7.288141900121472561e-02	7.571331337785440485e-02
1.167570270270270214e+02	7.274477132288977022e-02	7.565609900439121405e-02
1.169171861861861856e+02	7.260824190591334826e-02	7.559899825845781129e-02
1.170773453453453499e+02	7.247182987502151508e-02	7.554201075321276271e-02
1.172375045045044999e+02	7.233553435622469552e-02	7.548513610366014426e-02
1.173976636636636641e+02	7.219935447677598706e-02	7.542837392663825913e-02
1.175578228228228284e+02	7.206328936513968497e-02	7.537172384080838283e-02
1.177179819819819784e+02	7.192733815095965488e-02	7.531518546664366098e-02
1.178781411411411426e+02	7.179149996502764974e-02	7.525875842641795155e-02
1.180383003003003068e+02	7.165577393925173788e-02	7.520244234419498630e-02
1.181984594594594569e+02	7.152015920662455062e-02	7.514623684581731022e-02
1.183586186186186211e+02	7.138465490119150214e-02	7.509014155889555397e-02
1.185187777777777853e+02	7.124926015801910650e-02	7.503415611279769248e-02
1.186789369369369354e+02	7.111397411316311423e-02	7.497828013863837293e-02
1.188390960960960996e+02	7.097879590363662117e-02	7.492251326926828436e-02
1.189992552552552496e+02	7.084372466737816343e-02	7.486685513926372160e-02
1.191594144144144138e+02	7.070875954321975687e-02	7.481130538491616300e-02
1.193195735735735781e+02	7.057389967085485327e-02	7.475586364422184826e-02
1.194797327327327281e+02	7.043914419080628264e-02	7.470052955687157825e-02
1.196398918918918923e+02	7.030449224439401512e-02	7.464530276424048705e-02
1.198000510510510566e+02	7.016994297370299227e-02	7.459018290937792506e-02
1.199602102102102066e+02	7.003549552155090285e-02	7.453516963699743925e-02
1.201203693693693708e+02	6.990114903145563940e-02	7.448026259346671174e-02
1.202805285285285350e+02	6.976690264760294913e-02	7.442546142679777599e-02
1.204406876876876851e+02	6.963275551481391823e-02	7.437076578663710802e-02
1.206008468468468493e+02	6.949870677851228973e-02	7.431617532425587036e-02
1.207610060060060135e+02	6.936475558469178126e-02	7.426168969254030860e-02
1.209211651651651636e+02	6.923090107988333353e-02	7.420730854598203696e-02
1.210813243243243278e+02	6.909714241112206723e-02	7.415303154066853197e-02
1.212414834834834778e+02	6.896347872591443440e-02	7.409885833427366786e-02
1.214016426426426420e+02	6.882990917220495330e-02	7.404478858604829350e-02
1.215618018018018063e+02	6.869643289834319322e-02	7.399082195681089269e-02
1.217219609609609563e+02	6.856304905305023178e-02	7.393695810893836928e-02
1.218821201201201205e+02	6.842975678538529283e-02	7.388319670635670744e-02
1.220422792792792848e+02	6.829655524471223149e-02	7.382953741453197882e-02
1.222024384384384348e+02	6.816344358066574183e-02	7.377597990046122489e-02
1.223625975975975990e+02	6.803042094311757826e-02	7.372252383266336695e-02
1.225227567567567633e+02	6.789748648214256888e-02	7.366916888117037987e-02
1.226829159159159133e+02	6.776463934798458710e-02	7.361591471751838256e-02
1.228430750750750775e+02	6.763187869102216254e-02	7.356276101473875617e-02
1.230032342342342417e+02	6.749920366173428610e-02	7.350970744734947049e-02
1.231633933933933918e+02	6.736661341066572939e-02	7.345675369134636867e-02
1.233235525525525560e+02	6.723410708839239192e-02	7.340389942419453528e-02
1.234837117117117060e+02	6.710168384548644005e-02	7.335114432481976143e-02
1.236438708708708702e+02	6.696934283248129338e-02	7.329848807359995444e-02
1.238040300300300345e+02	6.683708319983647228e-02	7.324593035235679728e-02
1.239641891891891845e+02	6.670490409790216790e-02	7.319347084434733863e-02
1.241243483483483487e+02	6.657280467688374281e-02	7.314110923425561073e-02
1.242845075075075130e+02	6.644078408680596792e-02	7.308884520818439978e-02
1.244446666666666630e+02	6.630884147747723167e-02	7.303667845364708588e-02
1.246048258258258272e+02	6.617697599845320799e-02	7.298460865955942733e-02
1.247649849849849915e+02	6.604518679900082956e-02	7.293263551623148377e-02
1.249251441441441415e+02	6.591347302806151165e-02	7.288075871535960870e-02
1.250853033033033057e+02	6.578183383421465358e-02	7.282897795001842811e-02
1.252454624624624557e+02	6.565026836564055723e-02	7.277729291465297179e-02
1.254056216216216200e+02	6.551877577008333176e-02	7.272570330507076297e-02
1.255657807807807842e+02	6.538735519481360392e-02	7.267420881843403291e-02
1.257259399399399342e+02	6.525600578659077056e-02	7.262280915325194930e-02
1.258860990990990985e+02	6.512472669162525096e-02	7.257150400937292800e-02
1.260462582582582627e+02	6.499351705554040626e-02	7.252029308797695861e-02
1.262064174174174127e+02	6.486237602333415342e-02	7.246917609156804108e-02
1.263665765765765769e+02	6.473130273934048218e-02	7.241815272396660841e-02
1.265267357357357412e+02	6.460029634719055558e-02	7.236722269030210208e-02
1.266868948948948912e+02	6.446935598977361626e-02	7.231638569700543639e-02
1.268470540540540554e+02	6.433848080919761514e-02	7.226564145180169874e-02
1.270072132132132197e+02	6.420766994674963202e-02	7.221498966370279438e-02
1.271673723723723697e+02	6.407692254285587974e-02	7.216443004300011899e-02
1.273275315315315339e+02	6.394623773704144476e-02	7.211396230125735607e-02
1.274876906906906839e+02	6.381561466788998604e-02	7.206358615130331602e-02
1.276478498498498482e+02	6.368505247300261518e-02	7.201330130722474743e-02
1.278080090090090124e+02	6.355455028895705405e-02	7.196310748435934268e-02
1.279681681681681624e+02	6.342410725126604309e-02	7.191300439928856314e-02
1.281283273273273267e+02	6.329372249433566633e-02	7.186299176983081127e-02
1.282884864864864767e+02	6.316339515142320449e-02	7.181306931503432522e-02
1.284486456456456551e+02	6.303312435459476615e-02	7.176323675517043421e-02
1.286088048048048051e+02	6.290290923468251638e-02	7.171349381172663351e-02
1.287689639639639552e+02	6.277274892124153072e-02	7.166384020739979821e-02
1.289291231231231336e+02	6.264264254250635766e-02	7.161427566608941087e-02
1.290892822822822836e+02	6.251258922534722040e-02	7.156479991289094178e-02
1.292494414414414337e+02	6.238258809522573278e-02	7.151541267408906277e-02
1.294096006006006121e+02	6.225263827615033080e-02	7.146611367715112462e-02
1.295697597597597621e+02	6.212273889063144733e-02	7.141690265072055122e-02
1.297299189189189121e+02	6.199288905963586810e-02	7.136777932461031704e-02
1.298900780780780906e+02	6.186308790254117090e-02	7.131874342979649395e-02
1.300502372372372406e+02	6.173333453708955421e-02	7.126979469841174253e-02
1.302103963963963906e+02	6.160362807934105511e-02	7.122093286373902543e-02
1.303705555555555691e+02	6.147396764362660776e-02	7.117215766020512646e-02
1.305307147147147191e+02	6.134435234250067842e-02	7.112346882337447496e-02
1.306908738738738691e+02	6.121478128669314428e-02	7.107486608994277588e-02
1.308510330330330191e+02	6.108525358506103342e-02	7.102634919773084810e-02
1.310111921921921976e+02	6.095576834453965420e-02	7.097791788567840710e-02
1.311713513513513476e+02	6.082632467009332911e-02	7.092957189383797267e-02
1.313315105105104976e+02	6.069692166466549715e-02	7.088131096336867942e-02
1.314916696696696761e+02	6.056755842912842774e-02	7.083313483653033704e-02
1.316518288288288261e+02	6.043823406223253203e-02	7.078504325667732411e-02
1.318119879879879761e+02	6.030894766055491796e-02	7.073703596825263451e-02
1.319721471471471546e+02	6.017969831844760531e-02	7.068911271678196551e-02
1.321323063063063046e+02	6.005048512798517174e-02	7.064127324886777803e-02
1.322924654654654546e+02	5.992130717891172575e-02	7.059351731218346804e-02
1.324526246246246330e+02	5.979216355858755355e-02	7.054584465546752392e-02
1.326127837837837831e+02	5.966305335193504422e-02	7.049825502851780890e-02
1.327729429429429331e+02	5.953397564138397657e-02	7.045074818218570456e-02
1.329331021021021115e+02	5.940492950681638962e-02	7.040332386837050427e-02
1.330932612612612616e+02	5.927591402551077304e-02	7.035598184001369548e-02
1.332534204204204116e+02	5.914692827208554299e-02	7.030872185109338091e-02
1.334135795795795900e+02	5.901797131844201821e-02	7.026154365661860246e-02
1.335737387387387400e+02	5.888904223370681340e-02	7.021444701262385957e-02
1.337338978978978901e+02	5.876014008417333040e-02	7.016743167616358579e-02
1.338940570570570685e+02	5.863126393324283314e-02	7.012049740530659769e-02
1.340542162162162185e+02	5.850241284136481479e-02	7.007364395913075195e-02
1.342143753753753685e+02	5.837358586597638649e-02	7.002687109771742191e-02
1.343745345345345470e+02	5.824478206144141634e-02	6.998017858214621023e-02
1.345346936936936970e+02	5.811600047898862753e-02	6.993356617448959200e-02
1.346948528528528470e+02	5.798724016664900949e-02	6.988703363780754407e-02
1.348550120120120255e+02	5.785850016919256988e-02	6.984058073614236861e-02
1.350151711711711755e+02	5.772977952806432334e-02	6.979420723451339181e-02
1.351753303303303255e+02	5.760107728131930865e-02	6.974791289891180135e-02
1.353354894894894755e+02	5.747239246355711345e-02	6.970169749629542832e-02
1.354956486486486540e+02	5.734372410585530239e-02	6.965556079458364025e-02
1.356558078078078040e+02	5.721507123570231806e-02	6.960950256265227565e-02
1.358159669669669540e+02	5.708643287692913293e-02	6.956352257032852315e-02
1.359761261261261325e+02	5.695780804964045707e-02	6.951762058838589775e-02
1.361362852852852825e+02	5.682919577014491214e-02	6.947179638853923089e-02
1.362964444444444325e+02	5.670059505088412277e-02	6.942604974343975777e-02
1.364566036036036110e+02	5.657200490036115581e-02	6.938038042667006577e-02
1.366167627627627610e+02	5.644342432306804352e-02	6.933478821273930670e-02
1.367769219219219110e+02	5.631485231941200237e-02	6.928927287707827010e-02
1.369370810810810895e+02	5.618628788564113130e-02	6.924383419603447054e-02
1.370972402402402395e+02	5.605773001376890274e-02	6.919847194686748471e-02
1.372573993993993895e+02	5.592917769149752250e-02	6.915318590774402474e-02
1.374175585585585679e+02	5.580062990214050556e-02	6.910797585773328922e-02
1.375777177177177180e+02	5.567208562454415560e-02	6.906284157680218916e-02
1.377378768768768680e+02	5.554354383300777465e-02	6.901778284581065737e-02
1.378980360360360464e+02	5.541500349720294982e-02	6.897279944650699934e-02
1.380581951951951964e+02	5.528646358209184791e-02	6.892789116152327200e-02
1.382183543543543465e+02	5.515792304784400413e-02	6.888305777437064847e-02
1.383785135135135249e+02	5.502938084975227823e-02	6.883829906943489396e-02
1.385386726726726749e+02	5.490083593814754775e-02	6.879361483197179994e-02
1.386988318318318250e+02	5.477228725831204126e-02	6.874900484810263224e-02
1.388589909909910034e+02	5.464373375039159597e-02	6.870446890480969016e-02
1.390191501501501534e+02	5.451517434930671507e-02	6.866000678993187945e-02
1.391793093093093034e+02	5.438660798466209145e-02	6.861561829216017427e-02
1.393394684684684819e+02	5.425803358065497961e-02	6.857130320103332899e-02
1.394996276276276319e+02	5.412945005598233938e-02	6.852706130693342335e-02
1.396597867867867819e+02	5.400085632374633515e-02	6.848289240108158815e-02
1.398199459459459320e+02	5.387225129135864155e-02	6.843879627553363376e-02
1.399801051051051104e+02	5.374363386044324342e-02	6.839477272317573409e-02
1.401402642642642604e+02	5.361500292673795215e-02	6.835082153772026325e-02
1.403004234234234104e+02	5.348635737999399981e-02	6.830694251370146575e-02
1.404605825825825889e+02	5.335769610387466194e-02	6.826313544647126530e-02
1.406207417417417389e+02	5.322901797585201378e-02	6.821940013219510157e-02
1.407809009009008889e+02	5.310032186710202801e-02	6.817573636784776681e-02
1.409410600600600674e+02	5.297160664239836808e-02	6.813214395120924249e-02
1.411012192192192174e+02	5.284287116000425250e-02	6.808862268086066094e-02
1.412613783783783674e+02	5.271411427156275781e-02	6.804517235618010029e-02
1.414215375375375459e+02	5.258533482198533837e-02	6.800179277733867100e-02
1.415816966966966959e+02	5.245653164933875706e-02	6.795848374529642189e-02
1.417418558558558459e+02	5.232770358472989269e-02	6.791524506179827392e-02
1.419020150150150243e+02	5.219884945218900008e-02	6.787207652937014835e-02
1.420621741741741744e+02	5.206996806855112431e-02	6.782897795131495600e-02
1.422223333333333244e+02	5.194105824333518362e-02	6.778594913170862823e-02
1.423824924924925028e+02	5.181211877862162973e-02	6.774298987539631445e-02
1.425426516516516529e+02	5.168314846892779063e-02	6.770009998798837136e-02
1.427028108108108029e+02	5.155414610108120105e-02	6.765727927585661605e-02
1.428629699699699813e+02	5.142511045409080273e-02	6.761452754613038463e-02
1.430231291291291313e+02	5.129604029901638912e-02	6.757184460669286852e-02
1.431832882882882814e+02	5.116693439883516353e-02	6.752923026617713154e-02
1.433434474474474598e+02	5.103779150830669437e-02	6.748668433396248778e-02
1.435036066066066098e+02	5.090861037383537929e-02	6.744420662017074075e-02
1.436637657657657599e+02	5.077938973333039757e-02	6.740179693566240859e-02
1.438239249249249383e+02	5.065012831606352517e-02	6.735945509203306036e-02
1.439840840840840883e+02	5.052082484252448658e-02	6.731718090160968004e-02
1.441442432432432383e+02	5.039147802427353801e-02	6.727497417744694730e-02
1.443044024024023884e+02	5.026208656379192730e-02	6.723283473332361537e-02
1.444645615615615668e+02	5.013264915432932844e-02	6.719076238373895837e-02
1.446247207207207168e+02	5.000316447974895856e-02	6.714875694390916305e-02
1.447848798798798668e+02	4.987363121436970415e-02	6.710681822976370670e-02
1.449450390390390453e+02	4.974404802280555510e-02	6.706494605794191544e-02
1.451051981981981953e+02	4.961441355980225620e-02	6.702314024578936991e-02
1.452653573573573453e+02	4.948472647007084307e-02	6.698140061135443579e-02
1.454255165165165238e+02	4.935498538811836089e-02	6.693972697338476663e-02
1.455856756756756738e+02	4.922518893807557167e-02	6.689811915132387599e-02
1.457458348348348238e+02	4.909533573352121982e-02	6.685657696530768190e-02
1.459059939939940023e+02	4.896542437730335567e-02	6.681510023616106519e-02
1.460661531531531523e+02	4.883545346135741150e-02	6.677368878539456654e-02
1.462263123123123023e+02	4.870542156652069021e-02	6.673234243520090314e-02
1.463864714714714808e+02	4.857532726234353726e-02	6.669106100845165197e-02
1.465466306306306308e+02	4.844516910689715405e-02	6.664984432869397457e-02
1.467067897897897808e+02	4.831494564657740770e-02	6.660869222014721702e-02
1.468669489489489592e+02	4.818465541590531698e-02	6.656760450769964865e-02
1.470271081081081093e+02	4.805429693732363172e-02	6.652658101690524239e-02
1.471872672672672593e+02	4.792386872098945705e-02	6.648562157398031636e-02
1.473474264264264377e+02	4.779336926456291545e-02	6.644472600580036969e-02
1.475075855855855878e+02	4.766279705299201336e-02	6.640389413989687684e-02
1.476677447447447378e+02	4.753215055829286551e-02	6.636312580445401232e-02
1.478279039039039162e+02	4.740142823932609606e-02	6.632242082830556995e-02
1.479880630630630662e+02	4.727062854156859756e-02	6.628177904093175699e-02
1.481482222222222163e+02	4.713974989688089062e-02	6.624120027245603004e-02
1.483083813813813947e+02	4.700879072326993868e-02	6.620068435364198645e-02
1.484685405405405447e+02	4.687774942464714711e-02	6.616023111589033889e-02
1.486286996996996947e+02	4.674662439058153290e-02	6.611984039123572354e-02
1.487888588588588448e+02	4.661541399604811342e-02	6.607951201234367467e-02
1.489490180180180232e+02	4.648411660117097999e-02	6.603924581250755765e-02
1.491091771771771732e+02	4.635273055096141709e-02	6.599904162564562693e-02
1.492693363363363233e+02	4.622125417505039413e-02	6.595889928629790344e-02
1.494294954954955017e+02	4.608968578741578365e-02	6.591881862962320482e-02
1.495896546546546517e+02	4.595802368610397287e-02	6.587879949139621716e-02
1.497498138138138017e+02	4.582626615294559114e-02	6.583884170800452518e-02
1.499099729729729802e+02	4.569441145326527676e-02	6.579894511644558686e-02
1.500701321321321302e+02	4.556245783558569157e-02	6.575910955432393012e-02
1.502302912912912802e+02	4.543040353132487413e-02	6.571933485984816914e-02
1.503904504504504587e+02	4.529824675448748672e-02	6.567962087182811770e-02
1.505506096096096087e+02	4.516598570134951890e-02	6.563996742967193043e-02
1.507107687687687587e+02	4.503361855013591347e-02	6.560037437338328559e-02
1.508709279279279372e+02	4.490114346069174617e-02	6.556084154355844296e-02
1.510310870870870872e+02	4.476855857414593909e-02	6.552136878138353770e-02
1.511912462462462372e+02	4.463586201256784097e-02	6.548195592863167991e-02
1.513514054054054156e+02	4.450305187861618855e-02	6.544260282766020675e-02
1.515115645645645657e+02	4.437012625518062248e-02	6.540330932140792086e-02
1.516717237237237157e+02	4.423708320501491126e-02	6.536407525339228697e-02
1.518318828828828941e+02	4.410392077036229957e-02	6.532490046770671188e-02
1.519920420420420442e+02	4.397063697257259235e-02	6.528578480901786607e-02
1.521522012012011942e+02	4.383722981171030847e-02	6.524672812256286647e-02
1.523123603603603726e+02	4.370369726615428579e-02	6.520773025414668134e-02
1.524725195195195226e+02	4.357003729218818233e-02	6.516879105013939633e-02
1.526326786786786727e+02	4.343624782358147113e-02	6.512991035747354995e-02
1.527928378378378511e+02	4.330232677116097745e-02	6.509108802364153845e-02
1.529529969969970011e+02	4.316827202237260436e-02	6.505232389669290960e-02
1.531131561561561512e+02	4.303408144083274711e-02	6.501361782523179533e-02
1.532733153153153012e+02	4.289975286586928532e-02	6.497496965841426109e-02
1.534334744744744796e+02	4.276528411205193086e-02	6.493637924594575228e-02
1.535936336336336296e+02	4.263067296871143885e-02	6.489784643807858244e-02
1.537537927927927797e+02	4.249591719944745966e-02	6.485937108560919928e-02
1.539139519519519581e+02	4.236101454162452540e-02	6.482095303987581159e-02
1.540741111111111081e+02	4.222596270585628891e-02	6.478259215275578020e-02
1.542342702702702582e+02	4.209075937547698126e-02	6.474428827666313391e-02
1.543944294294294366e+02	4.195540220600026127e-02	6.470604126454600202e-02
1.545545885885885866e+02	4.181988882456492973e-02	6.466785096988424131e-02
1.547147477477477366e+02	4.168421682936678668e-02	6.462971724668684081e-02
1.548749069069069151e+02	4.154838378907688146e-02	6.459163994948954879e-02
1.550350660660660651e+02	4.141238724224510087e-02	6.455361893335238854e-02
1.551952252252252151e+02	4.127622469668882493e-02	6.451565405385728535e-02
1.553553843843843936e+02	4.113989362886644185e-02	6.447774516710549908e-02
1.555155435435435436e+02	4.100339148323511179e-02	6.443989212971545921e-02
1.556757027027026936e+02	4.086671567159190499e-02	6.440209479882011423e-02
1.558358618618618721e+02	4.072986357239849475e-02	6.436435303206476666e-02
1.559960210210210221e+02	4.059283253008835746e-02	6.432666668760458895e-02
1.561561801801801721e+02	4.045561985435610491e-02	6.428903562410230588e-02
1.563163393393393505e+02	4.031822281942825520e-02	6.425145970072587698e-02
1.564764984984985006e+02	4.018063866331532397e-02	6.421393877714616505e-02
1.566366576576576506e+02	4.004286458704374441e-02	6.417647271353459082e-02
1.567968168168168290e+02	3.990489775386781707e-02	6.413906137056087087e-02
1.569569759759759791e+02	3.976673528846075972e-02	6.410170460939076942e-02
1.571171351351351291e+02	3.962837427608376095e-02	6.406440229168372524e-02
1.572772942942943075e+02	3.948981176173295415e-02	6.402715427959068673e-02
1.574374534534534575e+02	3.935104474926334056e-02	6.398996043575179427e-02
1.575976126126126076e+02	3.921207020048846775e-02	6.395282062329422923e-02
1.577577717717717576e+02	3.907288503425576653e-02	6.391573470582992411e-02
1.579179309309309360e+02	3.893348612549617227e-02	6.387870254745335596e-02
1.580780900900900861e+02	3.879387030424760741e-02	6.384172401273940922e-02
1.582382492492492361e+02	3.865403435465069454e-02	6.380479896674111362e-02
1.583984084084084145e+02	3.851397501391679024e-02	6.376792727498753477e-02
1.585585675675675645e+02	3.837368897126641754e-02	6.373110880348158147e-02
1.587187267267267146e+02	3.823317286683752814e-02	6.369434341869785465e-02
1.588788858858858930e+02	3.809242329056260201e-02	6.365763098758053795e-02
1.590390450450450430e+02	3.795143678101334239e-02	6.362097137754124665e-02
1.591992042042041930e+02	3.781020982421146037e-02	6.358436445645693214e-02
1.593593633633633715e+02	3.766873885240522996e-02	6.354781009266774472e-02
1.595195225225225215e+02	3.752702024280971105e-02	6.351130815497503523e-02
1.596796816816816715e+02	3.738505031630956488e-02	6.347485851263916234e-02
1.598398408408408500e+02	3.724282533612351120e-02	6.343846103537748027e-02
1.600000000000000000e+02	3.710034150642851219e-02	6.340211559336232650e-02
