0.0000000000	1.0000000000	1.0000000000
0.2002002002	0.6908761793	0.5277393691
0.4004004004	0.6124553837	0.4413950921
0.6006006006	0.5633852781	0.3921617045
0.8008008008	0.5277393691	0.3584551254
1.0010010010	0.4998749375	0.3332221759
1.2012012012	0.4771007734	0.3132845333
1.4014014014	0.4579157124	0.2969459686
1.6016016016	0.4413950921	0.2831988337
1.8018018018	0.4269285872	0.2713980965
2.0020020020	0.4140921865	0.2611073500
2.2022022022	0.4025794272	0.2520184315
2.4024024024	0.3921617045	0.2439061849
2.6026026026	0.3826640364	0.2366014514
2.8028028028	0.3739495746	0.2299741562
3.0030030030	0.3659093281	0.2239222917
3.2032032032	0.3584551254	0.2183644998
3.4034034034	0.3515146632	0.2132349348
3.6036036036	0.3450279414	0.2084796173
3.8038038038	0.3389446432	0.2040537914
4.0040040040	0.3332221759	0.1999199720
4.2042042042	0.3278241805	0.1960464783
4.4044044044	0.3227193841	0.1924063159
4.6046046046	0.3178807026	0.1889763129
4.8048048048	0.3132845333	0.1857364443
5.0050050050	0.3089101884	0.1826692978
5.2052052052	0.3047394405	0.1797596475
5.4054054054	0.3007561514	0.1769941092
5.6056056056	0.2969459686	0.1743608618
5.8058058058	0.2932960748	0.1718494172
6.0060060060	0.2897949793	0.1694504319
6.2062062062	0.2864323434	0.1671555496
6.4064064064	0.2831988337	0.1649572701
6.6066066066	0.2800859974	0.1628488383
6.8068068068	0.2770861568	0.1608241514
7.0070070070	0.2741923187	0.1588776789
7.2072072072	0.2713980965	0.1570043953
7.4074074074	0.2686976433	0.1551997213
7.6076076076	0.2660855932	0.1534594742
7.8078078078	0.2635570115	0.1517798242
8.0080080080	0.2611073500	0.1501572567
8.2082082082	0.2587324083	0.1485885395
8.4084084084	0.2564283001	0.1470706941
8.6086086086	0.2541914229	0.1456009703
8.8088088088	0.2520184315	0.1441768243
9.0090090090	0.2499062148	0.1427958987
9.2092092092	0.2478518746	0.1414560053
9.4094094094	0.2458527067	0.1401551099
9.6096096096	0.2439061849	0.1388913182
9.8098098098	0.2420099454	0.1376628638
10.0100100100	0.2401617738	0.1364680970
10.2102102102	0.2383595928	0.1353054754
10.4104104104	0.2366014514	0.1341735546
10.6106106106	0.2348855150	0.1330709804
10.8108108108	0.2332100568	0.1319964819
11.0110110110	0.2315734490	0.1309488646
11.2112112112	0.2299741562	0.1299270048
11.4114114114	0.2284107285	0.1289298440
11.6116116116	0.2268817950	0.1279563846
11.8118118118	0.2253860588	0.1270056848
12.0120120120	0.2239222917	0.1260768550
12.2122122122	0.2224893293	0.1251690541
12.4124124124	0.2210860670	0.1242814860
12.6126126126	0.2197114561	0.1234133966
12.8128128128	0.2183644998	0.1225640709
13.0130130130	0.2170442504	0.1217328307
13.2132132132	0.2157498058	0.1209190317
13.4134134134	0.2144803068	0.1201220618
13.6136136136	0.2132349348	0.1193413387
13.8138138138	0.2120129085	0.1185763083
14.0140140140	0.2108134828	0.1178264428
14.2142142142	0.2096359458	0.1170912392
14.4144144144	0.2084796173	0.1163702179
14.6146146146	0.2073438468	0.1156629208
14.8148148148	0.2062280119	0.1149689109
15.0150150150	0.2051315170	0.1142877704
15.2152152152	0.2040537914	0.1136190997
15.4154154154	0.2029942880	0.1129625168
15.6156156156	0.2019524824	0.1123176559
15.8158158158	0.2009278714	0.1116841667
16.0160160160	0.1999199720	0.1110617133
16.2162162162	0.1989283202	0.1104499740
16.4164164164	0.1979524702	0.1098486399
16.6166166166	0.1969919937	0.1092574148
16.8168168168	0.1960464783	0.1086760141
17.0170170170	0.1951155276	0.1081041643
17.2172172172	0.1941987598	0.1075416029
17.4174174174	0.1932958073	0.1069880770
17.6176176176	0.1924063159	0.1064433438
17.8178178178	0.1915299442	0.1059071692
18.0180180180	0.1906663629	0.1053793281
18.2182182182	0.1898152546	0.1048596035
18.4184184184	0.1889763129	0.1043477864
18.6186186186	0.1881492418	0.1038436753
18.8188188188	0.1873337558	0.1033470758
19.0190190190	0.1865295789	0.1028578005
19.2192192192	0.1857364443	0.1023756684
19.4194194194	0.1849540942	0.1019005049
19.6196196196	0.1841822792	0.1014321411
19.8198198198	0.1834207583	0.1009704141
20.0200200200	0.1826692978	0.1005151663
20.2202202202	0.1819276719	0.1000662455
20.4204204204	0.1811956617	0.0996235043
20.6206206206	0.1804730554	0.0991868001
20.8208208208	0.1797596475	0.0987559952
21.0210210210	0.1790552389	0.0983309559
21.2212212212	0.1783596369	0.0979115530
21.4214214214	0.1776726541	0.0974976612
21.6216216216	0.1769941092	0.0970891592
21.8218218218	0.1763238260	0.0966859295
22.0220220220	0.1756616335	0.0962878580
22.2222222222	0.1750073658	0.0958948341
22.4224224224	0.1743608618	0.0955067505
22.6226226226	0.1737219648	0.0951235034
22.8228228228	0.1730905229	0.0947449915
23.0230230230	0.1724663882	0.0943711170
23.2232232232	0.1718494172	0.0940017845
23.4234234234	0.1712394700	0.0936369017
23.6236236236	0.1706364108	0.0932763787
23.8238238238	0.1700401077	0.0929201281
24.0240240240	0.1694504319	0.0925680652
24.2242242242	0.1688672583	0.0922201075
24.4244244244	0.1682904653	0.0918761748
24.6246246246	0.1677199342	0.0915361889
24.8248248248	0.1671555496	0.0912000741
25.0250250250	0.1665971991	0.0908677564
25.2252252252	0.1660447730	0.0905391640
25.4254254254	0.1654981647	0.0902142268
25.6256256256	0.1649572701	0.0898928768
25.8258258258	0.1644219878	0.0895750476
26.0260260260	0.1638922190	0.0892606745
26.2262262262	0.1633678671	0.0889496945
26.4264264264	0.1628488383	0.0886420463
26.6266266266	0.1623350408	0.0883376700
26.8268268268	0.1618263850	0.0880365074
27.0270270270	0.1613227836	0.0877385014
27.2272272272	0.1608241514	0.0874435968
27.4274274274	0.1603304051	0.0871517394
27.6276276276	0.1598414636	0.0868628764
27.8278278278	0.1593572473	0.0865769564
28.0280280280	0.1588776789	0.0862939290
28.2282282282	0.1584026827	0.0860137453
28.4284284284	0.1579321845	0.0857363574
28.6286286286	0.1574661123	0.0854617184
28.8288288288	0.1570043953	0.0851897828
29.0290290290	0.1565469644	0.0849205059
29.2292292292	0.1560937523	0.0846538442
29.4294294294	0.1556446927	0.0843897551
29.6296296296	0.1551997213	0.0841281970
29.8298298298	0.1547587748	0.0838691293
30.0300300300	0.1543217916	0.0836125121
30.2302302302	0.1538887111	0.0833583067
30.4304304304	0.1534594742	0.0831064751
30.6306306306	0.1530340231	0.0828569801
30.8308308308	0.1526123012	0.0826097853
31.0310310310	0.1521942530	0.0823648553
31.2312312312	0.1517798242	0.0821221552
31.4314314314	0.1513689617	0.0818816511
31.6316316316	0.1509616134	0.0816433096
31.8318318318	0.1505577284	0.0814070981
32.0320320320	0.1501572567	0.0811729847
32.2322322322	0.1497601494	0.0809409382
32.4324324324	0.1493663586	0.0807109280
32.6326326326	0.1489758373	0.0804829242
32.8328328328	0.1485885395	0.0802568973
33.0330330330	0.1482044201	0.0800328188
33.2332332332	0.1478234348	0.0798106604
33.4334334334	0.1474455403	0.0795903945
33.6336336336	0.1470706941	0.0793719942
33.8338338338	0.1466988545	0.0791554329
34.0340340340	0.1463299806	0.0789406847
34.2342342342	0.1459640323	0.0787277242
34.4344344344	0.1456009703	0.0785165264
34.6346346346	0.1452407561	0.0783070668
34.8348348348	0.1448833516	0.0780993215
35.0350350350	0.1445287198	0.0778932670
35.2352352352	0.1441768243	0.0776888802
35.4354354354	0.1438276292	0.0774861384
35.6356356356	0.1434810995	0.0772850195
35.8358358358	0.1431372006	0.0770855018
36.0360360360	0.1427958987	0.0768875637
36.2362362362	0.1424571605	0.0766911845
36.4364364364	0.1421209535	0.0764963434
36.6366366366	0.1417872456	0.0763030204
36.8368368368	0.1414560053	0.0761111955
37.0370370370	0.1411272017	0.0759208494
37.2372372372	0.1408008044	0.0757319628
37.4374374374	0.1404767836	0.0755445172
37.6376376376	0.1401551099	0.0753584940
37.8378378378	0.1398357546	0.0751738751
38.0380380380	0.1395186894	0.0749906428
38.2382382382	0.1392038863	0.0748087796
38.4384384384	0.1388913182	0.0746282684
38.6386386386	0.1385809581	0.0744490923
38.8388388388	0.1382727795	0.0742712348
39.0390390390	0.1379667566	0.0740946796
39.2392392392	0.1376628638	0.0739194108
39.4394394394	0.1373610759	0.0737454125
39.6396396396	0.1370613682	0.0735726695
39.8398398398	0.1367637166	0.0734011665
40.0400400400	0.1364680970	0.0732308885
40.2402402402	0.1361744860	0.0730618210
40.4404404404	0.1358828605	0.0728939495
40.6406406406	0.1355931978	0.0727272598
40.8408408408	0.1353054754	0.0725617379
41.0410410410	0.1350196714	0.0723973703
41.2412412412	0.1347357640	0.0722341433
41.4414414414	0.1344537321	0.0720720437
41.6416416416	0.1341735546	0.0719110584
41.8418418418	0.1338952108	0.0717511747
42.0420420420	0.1336186805	0.0715923799
42.2422422422	0.1333439436	0.0714346615
42.4424424424	0.1330709804	0.0712780074
42.6426426426	0.1327997716	0.0711224054
42.8428428428	0.1325302981	0.0709678438
43.0430430430	0.1322625410	0.0708143109
43.2432432432	0.1319964819	0.0706617951
43.4434434434	0.1317321025	0.0705102853
43.6436436436	0.1314693849	0.0703597703
43.8438438438	0.1312083114	0.0702102392
44.0440440440	0.1309488646	0.0700616811
44.2442442442	0.1306910273	0.0699140855
44.4444444444	0.1304347826	0.0697674419
44.6446446446	0.1301801139	0.0696217400
44.8448448448	0.1299270048	0.0694769697
45.0450450450	0.1296754390	0.0693331210
45.2452452452	0.1294254007	0.0691901840
45.4454454454	0.1291768742	0.0690481492
45.6456456456	0.1289298440	0.0689070068
45.8458458458	0.1286842949	0.0687667477
46.0460460460	0.1284402118	0.0686273624
46.2462462462	0.1281975799	0.0684888418
46.4464464464	0.1279563846	0.0683511770
46.6466466466	0.1277166115	0.0682143592
46.8468468468	0.1274782465	0.0680783795
47.0470470470	0.1272412755	0.0679432293
47.2472472472	0.1270056848	0.0678089003
47.4474474474	0.1267714607	0.0676753840
47.6476476476	0.1265385898	0.0675426721
47.8478478478	0.1263070589	0.0674107567
48.0480480480	0.1260768550	0.0672796296
48.2482482482	0.1258479652	0.0671492829
48.4484484484	0.1256203767	0.0670197089
48.6486486486	0.1253940771	0.0668908999
48.8488488488	0.1251690541	0.0667628483
49.0490490490	0.1249452954	0.0666355467
49.2492492492	0.1247227890	0.0665089877
49.4494494494	0.1245015231	0.0663831641
49.6496496496	0.1242814860	0.0662580686
49.8498498498	0.1240626661	0.0661336943
50.0500500501	0.1238450520	0.0660100341
50.2502502503	0.1236286325	0.0658870811
50.4504504505	0.1234133966	0.0657648287
50.6506506507	0.1231993332	0.0656432701
50.8508508509	0.1229864315	0.0655223988
51.0510510511	0.1227746809	0.0654022081
51.2512512513	0.1225640709	0.0652826917
51.4514514515	0.1223545911	0.0651638432
51.6516516517	0.1221462312	0.0650456565
51.8518518519	0.1219389810	0.0649281252
52.0520520521	0.1217328307	0.0648112434
52.2522522523	0.1215277703	0.0646950050
52.4524524525	0.1213237900	0.0645794040
52.6526526527	0.1211208803	0.0644644347
52.8528528529	0.1209190317	0.0643500912
53.0530530531	0.1207182347	0.0642363678
53.2532532533	0.1205184802	0.0641232589
53.4534534535	0.1203197588	0.0640107590
53.6536536537	0.1201220618	0.0638988624
53.8538538539	0.1199253800	0.0637875639
54.0540540541	0.1197297046	0.0636768580
54.2542542543	0.1195350271	0.0635667395
54.4544544545	0.1193413387	0.0634572031
54.6546546547	0.1191486309	0.0633482437
54.8548548549	0.1189568955	0.0632398562
55.0550550551	0.1187661240	0.0631320356
55.2552552553	0.1185763083	0.0630247768
55.4554554555	0.1183874402	0.0629180750
55.6556556557	0.1181995119	0.0628119254
55.8558558559	0.1180125154	0.0627063231
56.0560560561	0.1178264428	0.0626012635
56.2562562563	0.1176412865	0.0624967418
56.4564564565	0.1174570388	0.0623927534
56.6566566567	0.1172736922	0.0622892938
56.8568568569	0.1170912392	0.0621863585
57.0570570571	0.1169096726	0.0620839430
57.2572572573	0.1167289849	0.0619820429
57.4574574575	0.1165491690	0.0618806539
57.6576576577	0.1163702179	0.0617797717
57.8578578579	0.1161921244	0.0616793920
58.0580580581	0.1160148816	0.0615795106
58.2582582583	0.1158384827	0.0614801235
58.4584584585	0.1156629208	0.0613812264
58.6586586587	0.1154881893	0.0612828154
58.8588588589	0.1153142816	0.0611848864
59.0590590591	0.1151411909	0.0610874355
59.2592592593	0.1149689109	0.0609904588
59.4594594595	0.1147974352	0.0608939524
59.6596596597	0.1146267574	0.0607979125
59.8598598599	0.1144568712	0.0607023353
60.0600600601	0.1142877704	0.0606072170
60.2602602603	0.1141194489	0.0605125541
60.4604604605	0.1139519006	0.0604183428
60.6606606607	0.1137851195	0.0603245795
60.8608608609	0.1136190997	0.0602312607
61.0610610611	0.1134538353	0.0601383828
61.2612612613	0.1132893205	0.0600459423
61.4614614615	0.1131255496	0.0599539358
61.6616616617	0.1129625168	0.0598623598
61.8618618619	0.1128002166	0.0597712111
62.0620620621	0.1126386434	0.0596804862
62.2622622623	0.1124777916	0.0595901818
62.4624624625	0.1123176559	0.0595002948
62.6626626627	0.1121582309	0.0594108218
62.8628628629	0.1119995112	0.0593217596
63.0630630631	0.1118414915	0.0592331052
63.2632632633	0.1116841667	0.0591448553
63.4634634635	0.1115275315	0.0590570068
63.6636636637	0.1113715809	0.0589695568
63.8638638639	0.1112163099	0.0588825022
64.0640640641	0.1110617133	0.0587958400
64.2642642643	0.1109077863	0.0587095672
64.4644644645	0.1107545240	0.0586236809
64.6646646647	0.1106019215	0.0585381782
64.8648648649	0.1104499740	0.0584530563
65.0650650651	0.1102986768	0.0583683122
65.2652652653	0.1101480251	0.0582839432
65.4654654655	0.1099980144	0.0581999465
65.6656656657	0.1098486399	0.0581163193
65.8658658659	0.1096998973	0.0580330589
66.0660660661	0.1095517818	0.0579501627
66.2662662663	0.1094042891	0.0578676279
66.4664664665	0.1092574148	0.0577854520
66.6666666667	0.1091111545	0.0577036322
66.8668668669	0.1089655037	0.0576221660
67.0670670671	0.1088204584	0.0575410509
67.2672672673	0.1086760141	0.0574602844
67.4674674675	0.1085321667	0.0573798638
67.6676676677	0.1083889120	0.0572997868
67.8678678679	0.1082462459	0.0572200508
68.0680680681	0.1081041643	0.0571406535
68.2682682683	0.1079626632	0.0570615924
68.4684684685	0.1078217386	0.0569828651
68.6686686687	0.1076813864	0.0569044693
68.8688688689	0.1075416029	0.0568264026
69.0690690691	0.1074023840	0.0567486628
69.2692692693	0.1072637259	0.0566712475
69.4694694695	0.1071256248	0.0565941545
69.6696696697	0.1069880770	0.0565173815
69.8698698699	0.1068510787	0.0564409263
70.0700700701	0.1067146261	0.0563647866
70.2702702703	0.1065787157	0.0562889604
70.4704704705	0.1064433438	0.0562134454
70.6706706707	0.1063085067	0.0561382396
70.8708708709	0.1061742009	0.0560633407
71.0710710711	0.1060404229	0.0559887466
71.2712712713	0.1059071692	0.0559144554
71.4714714715	0.1057744363	0.0558404650
71.6716716717	0.1056422207	0.0557667732
71.8718718719	0.1055105191	0.0556933782
72.0720720721	0.1053793281	0.0556202778
72.2722722723	0.1052486443	0.0555474701
72.4724724725	0.1051184645	0.0554749532
72.6726726727	0.1049887853	0.0554027250
72.8728728729	0.1048596035	0.0553307838
73.0730730731	0.1047309159	0.0552591275
73.2732732733	0.1046027193	0.0551877542
73.4734734735	0.1044750105	0.0551166622
73.6736736737	0.1043477864	0.0550458495
73.8738738739	0.1042210439	0.0549753143
74.0740740741	0.1040947799	0.0549050548
74.2742742743	0.1039689914	0.0548350691
74.4744744745	0.1038436753	0.0547653555
74.6746746747	0.1037188287	0.0546959123
74.8748748749	0.1035944485	0.0546267376
75.0750750751	0.1034705319	0.0545578298
75.2752752753	0.1033470758	0.0544891870
75.4754754755	0.1032240776	0.0544208076
75.6756756757	0.1031015341	0.0543526899
75.8758758759	0.1029794427	0.0542848322
76.0760760761	0.1028578005	0.0542172329
76.2762762763	0.1027366048	0.0541498903
76.4764764765	0.1026158526	0.0540828028
76.6766766767	0.1024955414	0.0540159687
76.8768768769	0.1023756684	0.0539493865
77.0770770771	0.1022562309	0.0538830545
77.2772772773	0.1021372263	0.0538169712
77.4774774775	0.1020186518	0.0537511351
77.6776776777	0.1019005049	0.0536855445
77.8778778779	0.1017827829	0.0536201979
78.0780780781	0.1016654833	0.0535550939
78.2782782783	0.1015486036	0.0534902309
78.4784784785	0.1014321411	0.0534256074
78.6786786787	0.1013160934	0.0533612220
78.8788788789	0.1012004580	0.0532970731
79.0790790791	0.1010852323	0.0532331593
79.2792792793	0.1009704141	0.0531694792
79.4794794795	0.1008560008	0.0531060313
79.6796796797	0.1007419899	0.0530428143
79.8798798799	0.1006283793	0.0529798267
80.0800800801	0.1005151663	0.0529170671
80.2802802803	0.1004023488	0.0528545341
80.4804804805	0.1002899244	0.0527922264
80.6806806807	0.1001778907	0.0527301426
80.8808808809	0.1000662455	0.0526682813
81.0810810811	0.0999549865	0.0526066413
81.2812812813	0.0998441114	0.0525452212
81.4814814815	0.0997336181	0.0524840196
81.6816816817	0.0996235043	0.0524230354
81.8818818819	0.0995137677	0.0523622671
82.0820820821	0.0994044063	0.0523017135
82.2822822823	0.0992954178	0.0522413734
82.4824824825	0.0991868001	0.0521812454
82.6826826827	0.0990785511	0.0521213284
82.8828828829	0.0989706687	0.0520616211
83.0830830831	0.0988631507	0.0520021222
83.2832832833	0.0987559952	0.0519428305
83.4834834835	0.0986491999	0.0518837449
83.6836836837	0.0985427630	0.0518248641
83.8838838839	0.0984366823	0.0517661870
84.0840840841	0.0983309559	0.0517077123
84.2842842843	0.0982255817	0.0516494389
84.4844844845	0.0981205578	0.0515913657
84.6846846847	0.0980158822	0.0515334914
84.8848848849	0.0979115530	0.0514758150
85.0850850851	0.0978075681	0.0514183352
85.2852852853	0.0977039259	0.0513610511
85.4854854855	0.0976006242	0.0513039614
85.6856856857	0.0974976612	0.0512470651
85.8858858859	0.0973950351	0.0511903610
86.0860860861	0.0972927439	0.0511338482
86.2862862863	0.0971907859	0.0510775254
86.4864864865	0.0970891592	0.0510213916
86.6866866867	0.0969878621	0.0509654458
86.8868868869	0.0968868926	0.0509096870
87.0870870871	0.0967862490	0.0508541139
87.2872872873	0.0966859295	0.0507987258
87.4874874875	0.0965859324	0.0507435214
87.6876876877	0.0964862559	0.0506884998
87.8878878879	0.0963868984	0.0506336599
88.0880880881	0.0962878580	0.0505790008
88.2882882883	0.0961891330	0.0505245215
88.4884884885	0.0960907218	0.0504702209
88.6886886887	0.0959926227	0.0504160981
88.8888888889	0.0958948341	0.0503621521
89.0890890891	0.0957973541	0.0503083820
89.2892892893	0.0957001813	0.0502547868
89.4894894895	0.0956033140	0.0502013655
89.6896896897	0.0955067505	0.0501481171
89.8898898899	0.0954104893	0.0500950409
90.0900900901	0.0953145288	0.0500421357
90.2902902903	0.0952188673	0.0499894007
90.4904904905	0.0951235034	0.0499368350
90.6906906907	0.0950284353	0.0498844377
90.8908908909	0.0949336617	0.0498322078
91.0910910911	0.0948391810	0.0497801445
91.2912912913	0.0947449915	0.0497282469
91.4914914915	0.0946510919	0.0496765141
91.6916916917	0.0945574806	0.0496249452
91.8918918919	0.0944641561	0.0495735393
92.0920920921	0.0943711170	0.0495222957
92.2922922923	0.0942783617	0.0494712133
92.4924924925	0.0941858888	0.0494202915
92.6926926927	0.0940936969	0.0493695292
92.8928928929	0.0940017845	0.0493189258
93.0930930931	0.0939101502	0.0492684803
93.2932932933	0.0938187926	0.0492181920
93.4934934935	0.0937277102	0.0491680599
93.6936936937	0.0936369017	0.0491180834
93.8938938939	0.0935463657	0.0490682616
94.0940940941	0.0934561007	0.0490185937
94.2942942943	0.0933661055	0.0489690788
94.4944944945	0.0932763787	0.0489197163
94.6946946947	0.0931869188	0.0488705053
94.8948948949	0.0930977247	0.0488214451
95.0950950951	0.0930087949	0.0487725348
95.2952952953	0.0929201281	0.0487237737
95.4954954955	0.0928317231	0.0486751611
95.6956956957	0.0927435784	0.0486266961
95.8958958959	0.0926556929	0.0485783781
96.0960960961	0.0925680652	0.0485302063
96.2962962963	0.0924806941	0.0484821799
96.4964964965	0.0923935783	0.0484342982
96.6966966967	0.0923067165	0.0483865605
96.8968968969	0.0922201075	0.0483389661
97.0970970971	0.0921337501	0.0482915142
97.2972972973	0.0920476429	0.0482442041
97.4974974975	0.0919617849	0.0481970351
97.6976976977	0.0918761748	0.0481500066
97.8978978979	0.0917908113	0.0481031177
98.0980980981	0.0917056933	0.0480563679
98.2982982983	0.0916208195	0.0480097564
98.4984984985	0.0915361889	0.0479632825
98.6986986987	0.0914518002	0.0479169456
98.8988988989	0.0913676523	0.0478707449
99.0990990991	0.0912837439	0.0478246799
99.2992992993	0.0912000741	0.0477787498
99.4994994995	0.0911166415	0.0477329540
99.6996996997	0.0910334451	0.0476872918
99.8998998999	0.0909504838	0.0476417626
100.1001001001	0.0908677564	0.0475963657
100.3003003003	0.0907852618	0.0475511005
100.5005005005	0.0907029989	0.0475059663
100.7007007007	0.0906209667	0.0474609625
100.9009009009	0.0905391640	0.0474160885
101.1011011011	0.0904575897	0.0473713436
101.3013013013	0.0903762428	0.0473267273
101.5015015015	0.0902951222	0.0472822389
101.7017017017	0.0902142268	0.0472378777
101.9019019019	0.0901335557	0.0471936433
102.1021021021	0.0900531076	0.0471495349
102.3023023023	0.0899728817	0.0471055520
102.5025025025	0.0898928768	0.0470616939
102.7027027027	0.0898130920	0.0470179602
102.9029029029	0.0897335262	0.0469743501
103.1031031031	0.0896541784	0.0469308632
103.3033033033	0.0895750476	0.0468874988
103.5035035035	0.0894961328	0.0468442563
103.7037037037	0.0894174330	0.0468011352
103.9039039039	0.0893389472	0.0467581349
104.1041041041	0.0892606745	0.0467152548
104.3043043043	0.0891826138	0.0466724944
104.5045045045	0.0891047642	0.0466298531
104.7047047047	0.0890271248	0.0465873304
104.9049049049	0.0889496945	0.0465449257
105.1051051051	0.0888724725	0.0465026385
105.3053053053	0.0887954577	0.0464604681
105.5055055055	0.0887186493	0.0464184142
105.7057057057	0.0886420463	0.0463764760
105.9059059059	0.0885656478	0.0463346532
106.1061061061	0.0884894528	0.0462929451
106.3063063063	0.0884134606	0.0462513513
106.5065065065	0.0883376700	0.0462098712
106.7067067067	0.0882620803	0.0461685043
106.9069069069	0.0881866906	0.0461272501
107.1071071071	0.0881114999	0.0460861080
107.3073073073	0.0880365074	0.0460450776
107.5075075075	0.0879617121	0.0460041583
107.7077077077	0.0878871133	0.0459633497
107.9079079079	0.0878127100	0.0459226512
108.1081081081	0.0877385014	0.0458820624
108.3083083083	0.0876644867	0.0458415828
108.5085085085	0.0875906649	0.0458012117
108.7087087087	0.0875170352	0.0457609489
108.9089089089	0.0874435968	0.0457207937
109.1091091091	0.0873703489	0.0456807458
109.3093093093	0.0872972906	0.0456408046
109.5095095095	0.0872244210	0.0456009696
109.7097097097	0.0871517394	0.0455612404
109.9099099099	0.0870792450	0.0455216165
110.1101101101	0.0870069369	0.0454820974
110.3103103103	0.0869348143	0.0454426827
110.5105105105	0.0868628764	0.0454033720
110.7107107107	0.0867911225	0.0453641646
110.9109109109	0.0867195517	0.0453250603
111.1111111111	0.0866481633	0.0452860585
111.3113113113	0.0865769564	0.0452471588
111.5115115115	0.0865059303	0.0452083608
111.7117117117	0.0864350842	0.0451696640
111.9119119119	0.0863644174	0.0451310679
112.1121121121	0.0862939290	0.0450925721
112.3123123123	0.0862236184	0.0450541763
112.5125125125	0.0861534848	0.0450158798
112.7127127127	0.0860835273	0.0449776824
112.9129129129	0.0860137453	0.0449395836
113.1131131131	0.0859441381	0.0449015830
113.3133133133	0.0858747048	0.0448636801
113.5135135135	0.0858054448	0.0448258745
113.7137137137	0.0857363574	0.0447881658
113.9139139139	0.0856674417	0.0447505536
114.1141141141	0.0855986972	0.0447130375
114.3143143143	0.0855301230	0.0446756170
114.5145145145	0.0854617184	0.0446382918
114.7147147147	0.0853934828	0.0446010614
114.9149149149	0.0853254155	0.0445639255
115.1151151151	0.0852575157	0.0445268836
115.3153153153	0.0851897828	0.0444899354
115.5155155155	0.0851222161	0.0444530804
115.7157157157	0.0850548148	0.0444163182
115.9159159159	0.0849875783	0.0443796486
116.1161161161	0.0849205059	0.0443430710
116.3163163163	0.0848535970	0.0443065851
116.5165165165	0.0847868509	0.0442701904
116.7167167167	0.0847202668	0.0442338868
116.9169169169	0.0846538442	0.0441976736
117.1171171171	0.0845875824	0.0441615506
117.3173173173	0.0845214807	0.0441255174
117.5175175175	0.0844555385	0.0440895736
117.7177177177	0.0843897551	0.0440537188
117.9179179179	0.0843241299	0.0440179527
118.1181181181	0.0842586623	0.0439822750
118.3183183183	0.0841933515	0.0439466851
118.5185185185	0.0841281970	0.0439111828
118.7187187187	0.0840631982	0.0438757678
118.9189189189	0.0839983544	0.0438404396
119.1191191191	0.0839336649	0.0438051979
119.3193193193	0.0838691293	0.0437700423
119.5195195195	0.0838047468	0.0437349725
119.7197197197	0.0837405168	0.0436999882
119.9199199199	0.0836764388	0.0436650890
120.1201201201	0.0836125121	0.0436302745
120.3203203203	0.0835487362	0.0435955444
120.5205205205	0.0834851103	0.0435608984
120.7207207207	0.0834216341	0.0435263361
120.9209209209	0.0833583067	0.0434918571
121.1211211211	0.0832951277	0.0434574613
121.3213213213	0.0832320965	0.0434231481
121.5215215215	0.0831692125	0.0433889173
121.7217217217	0.0831064751	0.0433547685
121.9219219219	0.0830438837	0.0433207015
122.1221221221	0.0829814378	0.0432867159
122.3223223223	0.0829191368	0.0432528113
122.5225225225	0.0828569801	0.0432189874
122.7227227227	0.0827949671	0.0431852440
122.9229229229	0.0827330974	0.0431515807
123.1231231231	0.0826713703	0.0431179971
123.3233233233	0.0826097853	0.0430844930
123.5235235235	0.0825483419	0.0430510681
123.7237237237	0.0824870394	0.0430177220
123.9239239239	0.0824258774	0.0429844544
124.1241241241	0.0823648553	0.0429512650
124.3243243243	0.0823039726	0.0429181536
124.5245245245	0.0822432287	0.0428851197
124.7247247247	0.0821826231	0.0428521631
124.9249249249	0.0821221552	0.0428192835
125.1251251251	0.0820618247	0.0427864807
125.3253253253	0.0820016308	0.0427537542
125.5255255255	0.0819415731	0.0427211038
125.7257257257	0.0818816511	0.0426885292
125.9259259259	0.0818218643	0.0426560301
126.1261261261	0.0817622121	0.0426236062
126.3263263263	0.0817026940	0.0425912572
126.5265265265	0.0816433096	0.0425589829
126.7267267267	0.0815840583	0.0425267829
126.9269269269	0.0815249396	0.0424946570
127.1271271271	0.0814659530	0.0424626048
127.3273273273	0.0814070981	0.0424306261
127.5275275275	0.0813483743	0.0423987206
127.7277277277	0.0812897811	0.0423668881
127.9279279279	0.0812313181	0.0423351282
128.1281281281	0.0811729847	0.0423034406
128.3283283283	0.0811147805	0.0422718252
128.5285285285	0.0810567050	0.0422402815
128.7287287287	0.0809987577	0.0422088094
128.9289289289	0.0809409382	0.0421774086
129.1291291291	0.0808832459	0.0421460788
129.3293293293	0.0808256805	0.0421148197
129.5295295295	0.0807682413	0.0420836311
129.7297297297	0.0807109280	0.0420525127
129.9299299299	0.0806537401	0.0420214642
130.1301301301	0.0805966771	0.0419904854
130.3303303303	0.0805397386	0.0419595760
130.5305305305	0.0804829242	0.0419287357
130.7307307307	0.0804262332	0.0418979643
130.9309309309	0.0803696654	0.0418672616
131.1311311311	0.0803132203	0.0418366273
131.3313313313	0.0802568973	0.0418060610
131.5315315315	0.0802006962	0.0417755627
131.7317317317	0.0801446163	0.0417451319
131.9319319319	0.0800886573	0.0417147686
132.1321321321	0.0800328188	0.0416844723
132.3323323323	0.0799771003	0.0416542429
132.5325325325	0.0799215013	0.0416240801
132.7327327327	0.0798660215	0.0415939837
132.9329329329	0.0798106604	0.0415639535
133.1331331331	0.0797554175	0.0415339891
133.3333333333	0.0797002926	0.0415040904
133.5335335335	0.0796452850	0.0414742570
133.7337337337	0.0795903945	0.0414444889
133.9339339339	0.0795356206	0.0414147856
134.1341341341	0.0794809628	0.0413851471
134.3343343343	0.0794264208	0.0413555730
134.5345345345	0.0793719942	0.0413260631
134.7347347347	0.0793176825	0.0412966172
134.9349349349	0.0792634853	0.0412672351
135.1351351351	0.0792094022	0.0412379165
135.3353353353	0.0791554329	0.0412086612
135.5355355355	0.0791015769	0.0411794689
135.7357357357	0.0790478338	0.0411503395
135.9359359359	0.0789942032	0.0411212727
136.1361361361	0.0789406847	0.0410922683
136.3363363363	0.0788872780	0.0410633260
136.5365365365	0.0788339826	0.0410344457
136.7367367367	0.0787807981	0.0410056271
136.9369369369	0.0787277242	0.0409768700
137.1371371371	0.0786747605	0.0409481741
137.3373373373	0.0786219065	0.0409195393
137.5375375375	0.0785691619	0.0408909654
137.7377377377	0.0785165264	0.0408624521
137.9379379379	0.0784639995	0.0408339992
138.1381381381	0.0784115808	0.0408056065
138.3383383383	0.0783592701	0.0407772737
138.5385385385	0.0783070668	0.0407490008
138.7387387387	0.0782549707	0.0407207874
138.9389389389	0.0782029814	0.0406926333
139.1391391391	0.0781510984	0.0406645384
139.3393393393	0.0780993215	0.0406365024
139.5395395395	0.0780476503	0.0406085251
139.7397397397	0.0779960844	0.0405806064
139.9399399399	0.0779446234	0.0405527460
140.1401401401	0.0778932670	0.0405249436
140.3403403403	0.0778420148	0.0404971992
140.5405405405	0.0777908665	0.0404695125
140.7407407407	0.0777398218	0.0404418833
140.9409409409	0.0776888802	0.0404143114
141.1411411411	0.0776380414	0.0403867966
141.3413413413	0.0775873051	0.0403593387
141.5415415415	0.0775366708	0.0403319375
141.7417417417	0.0774861384	0.0403045928
141.9419419419	0.0774357074	0.0402773045
142.1421421421	0.0773853775	0.0402500723
142.3423423423	0.0773351483	0.0402228960
142.5425425425	0.0772850195	0.0401957754
142.7427427427	0.0772349908	0.0401687104
142.9429429429	0.0771850618	0.0401417008
143.1431431431	0.0771352323	0.0401147463
143.3433433433	0.0770855018	0.0400878468
143.5435435435	0.0770358700	0.0400610021
143.7437437437	0.0769863366	0.0400342120
143.9439439439	0.0769369013	0.0400074763
144.1441441441	0.0768875637	0.0399807948
144.3443443443	0.0768383236	0.0399541674
144.5445445445	0.0767891805	0.0399275939
144.7447447447	0.0767401343	0.0399010740
144.9449449449	0.0766911845	0.0398746077
145.1451451451	0.0766423308	0.0398481947
145.3453453453	0.0765935729	0.0398218348
145.5455455455	0.0765449106	0.0397955278
145.7457457457	0.0764963434	0.0397692737
145.9459459459	0.0764478711	0.0397430722
146.1461461461	0.0763994934	0.0397169231
146.3463463463	0.0763512099	0.0396908263
146.5465465465	0.0763030204	0.0396647815
146.7467467467	0.0762549245	0.0396387886
146.9469469469	0.0762069219	0.0396128475
147.1471471471	0.0761590123	0.0395869580
147.3473473473	0.0761111955	0.0395611198
147.5475475475	0.0760634711	0.0395353329
147.7477477477	0.0760158388	0.0395095970
147.9479479479	0.0759682983	0.0394839120
148.1481481481	0.0759208494	0.0394582777
148.3483483483	0.0758734916	0.0394326939
148.5485485485	0.0758262248	0.0394071605
148.7487487487	0.0757790487	0.0393816774
148.9489489489	0.0757319628	0.0393562442
149.1491491491	0.0756849671	0.0393308610
149.3493493493	0.0756380611	0.0393055275
149.5495495495	0.0755912445	0.0392802435
149.7497497497	0.0755445172	0.0392550089
149.9499499499	0.0754978787	0.0392298236
150.1501501502	0.0754513289	0.0392046873
150.3503503504	0.0754048674	0.0391796000
150.5505505506	0.0753584940	0.0391545614
150.7507507508	0.0753122083	0.0391295714
150.9509509510	0.0752660101	0.0391046298
151.1511511512	0.0752198991	0.0390797365
151.3513513514	0.0751738751	0.0390548913
151.5515515516	0.0751279377	0.0390300941
151.7517517518	0.0750820867	0.0390053447
151.9519519520	0.0750363218	0.0389806429
152.1521521522	0.0749906428	0.0389559887
152.3523523524	0.0749450493	0.0389313818
152.5525525526	0.0748995411	0.0389068221
152.7527527528	0.0748541180	0.0388823095
152.9529529530	0.0748087796	0.0388578437
153.1531531532	0.0747635257	0.0388334247
153.3533533534	0.0747183561	0.0388090523
153.5535535536	0.0746732704	0.0387847264
153.7537537538	0.0746282684	0.0387604467
153.9539539540	0.0745833499	0.0387362132
154.1541541542	0.0745385145	0.0387120257
154.3543543544	0.0744937621	0.0386878841
154.5545545546	0.0744490923	0.0386637881
154.7547547548	0.0744045050	0.0386397378
154.9549549550	0.0743599998	0.0386157328
155.1551551552	0.0743155765	0.0385917732
155.3553553554	0.0742712348	0.0385678586
155.5555555556	0.0742269746	0.0385439891
155.7557557558	0.0741827954	0.0385201645
155.9559559560	0.0741386972	0.0384963845
156.1561561562	0.0740946796	0.0384726491
156.3563563564	0.0740507424	0.0384489582
156.5565565566	0.0740068854	0.0384253115
156.7567567568	0.0739631083	0.0384017090
156.9569569570	0.0739194108	0.0383781505
157.1571571572	0.0738757927	0.0383546359
157.3573573574	0.0738322538	0.0383311651
157.5575575576	0.0737887938	0.0383077378
157.7577577578	0.0737454125	0.0382843540
157.9579579580	0.0737021097	0.0382610136
158.1581581582	0.0736588851	0.0382377163
158.3583583584	0.0736157384	0.0382144621
158.5585585586	0.0735726695	0.0381912509
158.7587587588	0.0735296781	0.0381680824
158.9589589590	0.0734867639	0.0381449567
159.1591591592	0.0734439268	0.0381218734
159.3593593594	0.0734011665	0.0380988326
159.5595595596	0.0733584827	0.0380758341
159.7597597598	0.0733158753	0.0380528776
159.9599599600	0.0732733439	0.0380299633
160.1601601602	0.0732308885	0.0380070908
160.3603603604	0.0731885087	0.0379842600
160.5605605606	0.0731462043	0.0379614709
160.7607607608	0.0731039752	0.0379387233
160.9609609610	0.0730618210	0.0379160171
161.1611611612	0.0730197415	0.0378933522
161.3613613614	0.0729777366	0.0378707283
161.5615615616	0.0729358060	0.0378481455
161.7617617618	0.0728939495	0.0378256035
161.9619619620	0.0728521668	0.0378031023
162.1621621622	0.0728104578	0.0377806418
162.3623623624	0.0727688221	0.0377582217
162.5625625626	0.0727272598	0.0377358421
162.7627627628	0.0726857703	0.0377135027
162.9629629630	0.0726443537	0.0376912034
163.1631631632	0.0726030096	0.0376689442
163.3633633634	0.0725617379	0.0376467249
163.5635635636	0.0725205383	0.0376245453
163.7637637638	0.0724794107	0.0376024054
163.9639639640	0.0724383547	0.0375803051
164.1641641642	0.0723973703	0.0375582442
164.3643643644	0.0723564571	0.0375362226
164.5645645646	0.0723156150	0.0375142402
164.7647647648	0.0722748438	0.0374922969
164.9649649650	0.0722341433	0.0374703925
165.1651651652	0.0721935132	0.0374485270
165.3653653654	0.0721529534	0.0374267002
165.5655655656	0.0721124636	0.0374049120
165.7657657658	0.0720720437	0.0373831623
165.9659659660	0.0720316934	0.0373614510
166.1661661662	0.0719914126	0.0373397780
166.3663663664	0.0719512010	0.0373181431
166.5665665666	0.0719110584	0.0372965463
166.7667667668	0.0718709847	0.0372749874
166.9669669670	0.0718309797	0.0372534663
167.1671671672	0.0717910431	0.0372319830
167.3673673674	0.0717511747	0.0372105372
167.5675675676	0.0717113744	0.0371891290
167.7677677678	0.0716716420	0.0371677581
167.9679679680	0.0716319772	0.0371464245
168.1681681682	0.0715923799	0.0371251281
168.3683683684	0.0715528499	0.0371038687
168.5685685686	0.0715133869	0.0370826463
168.7687687688	0.0714739909	0.0370614607
168.9689689690	0.0714346615	0.0370403118
169.1691691692	0.0713953987	0.0370191996
169.3693693694	0.0713562022	0.0369981239
169.5695695696	0.0713170718	0.0369770846
169.7697697698	0.0712780074	0.0369560816
169.9699699700	0.0712390087	0.0369351148
170.1701701702	0.0712000756	0.0369141842
170.3703703704	0.0711612079	0.0368932895
170.5705705706	0.0711224054	0.0368724307
170.7707707708	0.0710836679	0.0368516077
170.9709709710	0.0710449953	0.0368308204
171.1711711712	0.0710063873	0.0368100686
171.3713713714	0.0709678438	0.0367893524
171.5715715716	0.0709293646	0.0367686715
171.7717717718	0.0708909495	0.0367480260
171.9719719720	0.0708525983	0.0367274155
172.1721721722	0.0708143109	0.0367068402
172.3723723724	0.0707760870	0.0366862999
172.5725725726	0.0707379266	0.0366657944
172.7727727728	0.0706998293	0.0366453237
172.9729729730	0.0706617951	0.0366248877
173.1731731732	0.0706238238	0.0366044863
173.3733733734	0.0705859152	0.0365841194
173.5735735736	0.0705480691	0.0365637868
173.7737737738	0.0705102853	0.0365434886
173.9739739740	0.0704725637	0.0365232245
174.1741741742	0.0704349042	0.0365029945
174.3743743744	0.0703973064	0.0364827986
174.5745745746	0.0703597703	0.0364626365
174.7747747748	0.0703222957	0.0364425083
174.9749749750	0.0702848824	0.0364224138
175.1751751752	0.0702475303	0.0364023529
175.3753753754	0.0702102392	0.0363823255
175.5755755756	0.0701730088	0.0363623315
175.7757757758	0.0701358392	0.0363423709
175.9759759760	0.0700987300	0.0363224436
176.1761761762	0.0700616811	0.0363025494
176.3763763764	0.0700246924	0.0362826882
176.5765765766	0.0699877636	0.0362628601
176.7767767768	0.0699508947	0.0362430648
176.9769769770	0.0699140855	0.0362233023
177.1771771772	0.0698773357	0.0362035725
177.3773773774	0.0698406453	0.0361838753
177.5775775776	0.0698040141	0.0361642106
177.7777777778	0.0697674419	0.0361445783
177.9779779780	0.0697309285	0.0361249784
178.1781781782	0.0696944738	0.0361054107
178.3783783784	0.0696580777	0.0360858752
178.5785785786	0.0696217400	0.0360663718
178.7787787788	0.0695854604	0.0360469003
178.9789789790	0.0695492390	0.0360274607
179.1791791792	0.0695130754	0.0360080530
179.3793793794	0.0694769697	0.0359886769
179.5795795796	0.0694409215	0.0359693325
179.7797797798	0.0694049307	0.0359500197
179.9799799800	0.0693689973	0.0359307383
180.1801801802	0.0693331210	0.0359114883
180.3803803804	0.0692973016	0.0358922695
180.5805805806	0.0692615391	0.0358730820
180.7807807808	0.0692258333	0.0358539256
180.9809809810	0.0691901840	0.0358348002
181.1811811812	0.0691545911	0.0358157058
181.3813813814	0.0691190544	0.0357966422
181.5815815816	0.0690835738	0.0357776095
181.7817817818	0.0690481492	0.0357586074
181.9819819820	0.0690127803	0.0357396360
182.1821821822	0.0689774670	0.0357206950
182.3823823824	0.0689422093	0.0357017846
182.5825825826	0.0689070068	0.0356829045
182.7827827828	0.0688718596	0.0356640547
182.9829829830	0.0688367674	0.0356452351
183.1831831832	0.0688017302	0.0356264456
183.3833833834	0.0687667477	0.0356076862
183.5835835836	0.0687318198	0.0355889568
183.7837837838	0.0686969463	0.0355702572
183.9839839840	0.0686621273	0.0355515874
184.1841841842	0.0686273624	0.0355329474
184.3843843844	0.0685926515	0.0355143370
184.5845845846	0.0685579946	0.0354957562
184.7847847848	0.0685233914	0.0354772049
184.9849849850	0.0684888418	0.0354586830
185.1851851852	0.0684543458	0.0354401904
185.3853853854	0.0684199030	0.0354217271
185.5855855856	0.0683855135	0.0354032929
185.7857857858	0.0683511770	0.0353848879
185.9859859860	0.0683168935	0.0353665119
186.1861861862	0.0682826628	0.0353481648
186.3863863864	0.0682484847	0.0353298466
186.5865865866	0.0682143592	0.0353115572
186.7867867868	0.0681802860	0.0352932965
186.9869869870	0.0681462651	0.0352750645
187.1871871872	0.0681122963	0.0352568610
187.3873873874	0.0680783795	0.0352386861
187.5875875876	0.0680445145	0.0352205395
187.7877877878	0.0680107013	0.0352024213
187.9879879880	0.0679769396	0.0351843314
188.1881881882	0.0679432293	0.0351662696
188.3883883884	0.0679095704	0.0351482360
188.5885885886	0.0678759627	0.0351302305
188.7887887888	0.0678424060	0.0351122529
188.9889889890	0.0678089003	0.0350943032
189.1891891892	0.0677754454	0.0350763814
189.3893893894	0.0677420411	0.0350584873
189.5895895896	0.0677086873	0.0350406209
189.7897897898	0.0676753840	0.0350227821
189.9899899900	0.0676421309	0.0350049709
190.1901901902	0.0676089280	0.0349871871
190.3903903904	0.0675757751	0.0349694308
190.5905905906	0.0675426721	0.0349517017
190.7907907908	0.0675096189	0.0349340000
190.9909909910	0.0674766154	0.0349163254
191.1911911912	0.0674436613	0.0348986780
191.3913913914	0.0674107567	0.0348810576
191.5915915916	0.0673779013	0.0348634642
191.7917917918	0.0673450951	0.0348458977
191.9919919920	0.0673123379	0.0348283580
192.1921921922	0.0672796296	0.0348108452
192.3923923924	0.0672469700	0.0347933590
192.5925925926	0.0672143592	0.0347758995
192.7927927928	0.0671817968	0.0347584665
192.9929929930	0.0671492829	0.0347410601
193.1931931932	0.0671168173	0.0347236801
193.3933933934	0.0670843998	0.0347063264
193.5935935936	0.0670520304	0.0346889991
193.7937937938	0.0670197089	0.0346716980
193.9939939940	0.0669874352	0.0346544231
194.1941941942	0.0669552093	0.0346371743
194.3943943944	0.0669230309	0.0346199515
194.5945945946	0.0668908999	0.0346027547
194.7947947948	0.0668588163	0.0345855837
194.9949949950	0.0668267799	0.0345684387
195.1951951952	0.0667947906	0.0345513194
195.3953953954	0.0667628483	0.0345342258
195.5955955956	0.0667309529	0.0345171579
195.7957957958	0.0666991043	0.0345001155
195.9959959960	0.0666673022	0.0344830987
196.1961961962	0.0666355467	0.0344661073
196.3963963964	0.0666038377	0.0344491413
196.5965965966	0.0665721749	0.0344322007
196.7967967968	0.0665405583	0.0344152853
196.9969969970	0.0665089877	0.0343983951
197.1971971972	0.0664774632	0.0343815300
197.3973973974	0.0664459844	0.0343646901
197.5975975976	0.0664145514	0.0343478751
197.7977977978	0.0663831641	0.0343310851
197.9979979980	0.0663518222	0.0343143199
198.1981981982	0.0663205258	0.0342975796
198.3983983984	0.0662892746	0.0342808641
198.5985985986	0.0662580686	0.0342641733
198.7987987988	0.0662269077	0.0342475071
198.9989989990	0.0661957917	0.0342308655
199.1991991992	0.0661647206	0.0342142484
199.3993993994	0.0661336943	0.0341976558
199.5995995996	0.0661027125	0.0341810876
199.7997997998	0.0660717753	0.0341645437
200.0000000000	0.0660408825	0.0341480241
