   4.6634410508136071E-004   6.3067199011039132E-004   6.2499998603021342E-004   6.2499998603018643E-004
   3.7288917113837550E-004   6.0316002572438946E-004   6.2499998603021342E-004   6.2499998603018643E-004
   3.7233539864322439E-004   6.0287325868850223E-004   6.2499998603021342E-004   6.2499998603018643E-004
   4.6598383251464029E-004   6.3065902695649270E-004   6.2499998603021342E-004   6.2499998603018643E-004
   5.1478672752110200E-004   6.1827146141883553E-004   6.2499998603021342E-004   6.2499998603018643E-004
   4.8127202875172402E-004   6.3055127999455144E-004   6.2499998603021342E-004   6.2499998603018643E-004
   3.8856764853712172E-004   6.1087163774655633E-004   6.2499998603021342E-004   6.2499998603018643E-004
   2.9962632856162175E-004   5.5293128507600316E-004   6.2499998603021342E-004   6.2499998603018643E-004
   2.9896938533429079E-004   5.5236734215920538E-004   6.2499998603021342E-004   6.2499998603018643E-004
   3.8717715617768504E-004   6.1024676359357807E-004   6.2499998603021342E-004   6.2499998603018643E-004
   4.8046166849866805E-004   6.3062153716724183E-004   6.2499998603021342E-004   6.2499998603018643E-004
   5.1463657833644119E-004   6.1840390096896763E-004   6.2499998603021342E-004   6.2499998603018643E-004
   5.2437212852072428E-004   5.8697993491742652E-004   6.2499998603021342E-004   6.2499998603018643E-004
   5.2384251718809720E-004   6.0529446143520996E-004   6.2499998603021342E-004   6.2499998603018643E-004
   4.9843285672416127E-004   6.2821563817572028E-004   6.2499998603021342E-004   6.2499998603018643E-004
   4.1928870016336568E-004   6.2305357813387979E-004   6.2499998603021342E-004   6.2499998603018643E-004
   3.1444490398384577E-004   5.6542439153445376E-004   6.2499998603021342E-004   6.2499998603018643E-004
   2.4705460075667007E-004   5.0102211172770093E-004   6.2499998603021342E-004   6.2499998603018643E-004
   2.4638394768799657E-004   5.0026867354956172E-004   6.2499998603021342E-004   6.2499998603018643E-004
   3.1265224092065410E-004   5.6400188023032207E-004   6.2499998603021342E-004   6.2499998603018643E-004
   4.1732617183669584E-004   6.2244060261068589E-004   6.2499998603021342E-004   6.2499998603018643E-004
   4.9745134446215866E-004   6.2850646835189061E-004   6.2499998603021342E-004   6.2499998603018643E-004
   5.2367694141973583E-004   6.0576135931716317E-004   6.2499998603021342E-004   6.2499998603018643E-004
   5.2439677788813596E-004   5.8717564817531475E-004   6.2499998603021342E-004   6.2499998603018643E-004
   5.0521761358432286E-004   5.4629725667141226E-004   6.2499998603021342E-004   6.2499998603018643E-004
   5.1493734278583079E-004   5.6195458070367279E-004   6.2499998603021342E-004   6.2499998603018643E-004
   5.2537338967049302E-004   5.9040667609463657E-004   6.2499998603021342E-004   6.2499998603018643E-004
   5.1511932150050523E-004   6.2131072127094632E-004   6.2499998603021342E-004   6.2499998603018643E-004
   4.5709798095543489E-004   6.3212470902715195E-004   6.2499998603021342E-004   6.2499998603018643E-004
   3.5792581199596904E-004   5.9610419325245242E-004   6.2499998603021342E-004   6.2499998603018643E-004
   2.6518305271001989E-004   5.2089591619239187E-004   6.2499998603021342E-004   6.2499998603018643E-004
   2.1359029903836942E-004   4.6048829517762079E-004   6.2499998603021342E-004   6.2499998603018643E-004
   2.1292818182672504E-004   4.5962585618161282E-004   6.2499998603021342E-004   6.2499998603018643E-004
   2.6327950640580249E-004   5.1891915701332016E-004   6.2499998603021342E-004   6.2499998603018643E-004
   3.5528040076042081E-004   5.9451973979962895E-004   6.2499998603021342E-004   6.2499998603018643E-004
   4.5495012170298815E-004   6.3187051122752850E-004   6.2499998603021342E-004   6.2499998603018643E-004
   5.1431112997403592E-004   6.2194812225240524E-004   6.2499998603021342E-004   6.2499998603018643E-004
   5.2543749475400850E-004   5.9122318213065863E-004   6.2499998603021342E-004   6.2499998603018643E-004
   5.1520731707747794E-004   5.6254469276528578E-004   6.2499998603021342E-004   6.2499998603018643E-004
   5.0534091916993912E-004   5.4650473569763103E-004   6.2499998603021342E-004   6.2499998603018643E-004
   4.6767278307488681E-004   5.0265948131381479E-004   6.2499998603021342E-004   6.2499998603018643E-004
   4.7892122427760028E-004   5.1437337202675894E-004   6.2499998603021342E-004   6.2499998603018643E-004
   4.9882211257653469E-004   5.3778325916062114E-004   6.2499998603021342E-004   6.2499998603018643E-004
   5.1954038205033611E-004   5.7096989989672111E-004   6.2499998603021342E-004   6.2499998603018643E-004
   5.2539225800898274E-004   6.0721449311407021E-004   6.2499998603021342E-004   6.2499998603018643E-004
   4.9346565092264706E-004   6.3192387262489232E-004   6.2499998603021342E-004   6.2499998603018643E-004
   4.1457865481325768E-004   6.2313787727044352E-004   6.2499998603021342E-004   6.2499998603018643E-004
   3.1725216696924140E-004   5.6867064149960362E-004   6.2499998603021342E-004   6.2499998603018643E-004
   2.3927310963732341E-004   4.9257169284613086E-004   6.2499998603021342E-004   6.2499998603018643E-004
   1.9802145054826785E-004   4.3969509636798942E-004   6.2499998603021342E-004   6.2499998603018643E-004
   1.9737120140334388E-004   4.3879224248394235E-004   6.2499998603021342E-004   6.2499998603018643E-004
   2.3735393003743974E-004   4.9031959875766554E-004   6.2499998603021342E-004   6.2499998603018643E-004
   3.1432488449662844E-004   5.6635856175226730E-004   6.2499998603021342E-004   6.2499998603018643E-004
   4.1154921351738919E-004   6.2208977721790184E-004   6.2499998603021342E-004   6.2499998603018643E-004
   4.9167064400238705E-004   6.3227195319628796E-004   6.2499998603021342E-004   6.2499998603018643E-004
   5.2510140453904933E-004   6.0826662064210140E-004   6.2499998603021342E-004   6.2499998603018643E-004
   5.2003167614108454E-004   5.7211834676190168E-004   6.2499998603021342E-004   6.2499998603018643E-004
   4.9945870206849626E-004   5.3870232479929332E-004   6.2499998603021342E-004   6.2499998603018643E-004
   4.7938590180032943E-004   5.1493618656802960E-004   6.2499998603021342E-004   6.2499998603018643E-004
   4.6783919180043882E-004   5.0284610730867284E-004   6.2499998603021342E-004   6.2499998603018643E-004
   4.2239375326362630E-004   4.6269820949692311E-004   6.2499998603021342E-004   6.2499998603018643E-004
   4.3181604867328184E-004   4.7037590395713921E-004   6.2499998603021342E-004   6.2499998603018643E-004
   4.5048340855180269E-004   4.8664785166564176E-004   6.2499998603021342E-004   6.2499998603018643E-004
   4.7673982037920468E-004   5.1226944993820300E-004   6.2499998603021342E-004   6.2499998603018643E-004
   5.0521220680591050E-004   5.4651323102499459E-004   6.2499998603021342E-004   6.2499998603018643E-004
   5.2508397100116465E-004   5.8536431878150163E-004   6.2499998603021342E-004   6.2499998603018643E-004
   5.1914703002024396E-004   6.1964859500174621E-004   6.2499998603021342E-004   6.2499998603018643E-004
   4.7127296044052611E-004   6.3428533668147844E-004   6.2499998603021342E-004   6.2499998603018643E-004
   3.8798472716147222E-004   6.1291021412334626E-004   6.2499998603021342E-004   6.2499998603018643E-004
   3.0048230359130664E-004   5.5507884949296607E-004   6.2499998603021342E-004   6.2499998603018643E-004
   2.3471726346026728E-004   4.8736496960576818E-004   6.2499998603021342E-004   6.2499998603018643E-004
   2.0056002732515970E-004   4.4336677819388406E-004   6.2499998603021342E-004   6.2499998603018643E-004
   1.9991804222967041E-004   4.4248344141642129E-004   6.2499998603021342E-004   6.2499998603018643E-004
   2.3280762868223260E-004   4.8507710227537561E-004   6.2499998603021342E-004   6.2499998603018643E-004
   2.9746790231199665E-004   5.5245418488304937E-004   6.2499998603021342E-004   6.2499998603018643E-004
   3.8450981015308823E-004   6.1128019437507947E-004   6.2499998603021342E-004   6.2499998603018643E-004
   4.6861258115999418E-004   6.3420074427694326E-004   6.2499998603021342E-004   6.2499998603018643E-004
   5.1821131847563841E-004   6.2066404148334990E-004   6.2499998603021342E-004   6.2499998603018643E-004
   5.2550908151336047E-004   5.8681642686072525E-004   6.2499998603021342E-004   6.2499998603018643E-004
   5.0622259893570644E-004   5.4793659123829645E-004   6.2499998603021342E-004   6.2499998603018643E-004
   4.7778973653089319E-004   5.1342050876248809E-004   6.2499998603021342E-004   6.2499998603018643E-004
   4.5129086524080356E-004   4.8744449814337075E-004   6.2499998603021342E-004   6.2499998603018643E-004
   4.3231607189389391E-004   4.7082938159605383E-004   6.2499998603021342E-004   6.2499998603018643E-004
   4.2256233384080301E-004   4.6284333375818868E-004   6.2499998603021342E-004   6.2499998603018643E-004
   3.7991625116022906E-004   4.3172373087130858E-004   6.2499998603021342E-004   6.2499998603018643E-004
   3.8616314270047846E-004   4.3601896661753893E-004   6.2499998603021342E-004   6.2499998603018643E-004
   3.9954869966358375E-004   4.4555562320349915E-004   6.2499998603021342E-004   6.2499998603018643E-004
   4.2084546450697063E-004   4.6174315459373639E-004   6.2499998603021342E-004   6.2499998603018643E-004
   4.4967021104048001E-004   4.8594477183040393E-004   6.2499998603021342E-004   6.2499998603018643E-004
   4.8250619181313499E-004   5.1834057699166663E-004   6.2499998603021342E-004   6.2499998603018643E-004
   5.1214479590057566E-004   5.5673906157179226E-004   6.2499998603021342E-004   6.2499998603018643E-004
   5.2707863450869954E-004   5.9559210134072231E-004   6.2499998603021342E-004   6.2499998603018643E-004
   5.1257541581649921E-004   6.2549690618282357E-004   6.2499998603021342E-004   6.2499998603018643E-004
   4.6031606289806209E-004   6.3388985465875761E-004   6.2499998603021342E-004   6.2499998603018643E-004
   3.8311590385956337E-004   6.1075385004289709E-004   6.2499998603021342E-004   6.2499998603018643E-004
   3.0722953379059236E-004   5.6091699318874778E-004   6.2499998603021342E-004   6.2499998603018643E-004
   2.5119057760702898E-004   5.0647511238883938E-004   6.2499998603021342E-004   6.2499998603018643E-004
   2.2208091182105834E-004   4.7189298096121023E-004   6.2499998603021342E-004   6.2499998603018643E-004
   2.2144428714420525E-004   4.7108951377948836E-004   6.2499998603021342E-004   6.2499998603018643E-004
   2.4929943666655147E-004   5.0436906445636099E-004   6.2499998603021342E-004   6.2499998603018643E-004
   3.0422581062823195E-004   5.5839876389691696E-004   6.2499998603021342E-004   6.2499998603018643E-004
   3.7952255557338117E-004   6.0899107262012185E-004   6.2499998603021342E-004   6.2499998603018643E-004
   4.5722625788529415E-004   6.3355890340732670E-004   6.2499998603021342E-004   6.2499998603018643E-004
   5.1104864858450235E-004   6.2640895302827691E-004   6.2499998603021342E-004   6.2499998603018643E-004
   5.2721860886907092E-004   5.9717786588655251E-004   6.2499998603021342E-004   6.2499998603018643E-004
   5.1328920178660337E-004   5.5849520550283328E-004   6.2499998603021342E-004   6.2499998603018643E-004
   4.8399259937304337E-004   5.1993325597770484E-004   6.2499998603021342E-004   6.2499998603018643E-004
   4.5107620057418813E-004   4.8720521653422024E-004   6.2499998603021342E-004   6.2499998603018643E-004
   4.2191758692671345E-004   4.6263454896396713E-004   6.2499998603021342E-004   6.2499998603018643E-004
   4.0026134107423055E-004   4.4612147770642201E-004   6.2499998603021342E-004   6.2499998603018643E-004
   3.8657925050270811E-004   4.3631965770195519E-004   6.2499998603021342E-004   6.2499998603018643E-004
   3.8005188043759827E-004   4.3181717843010237E-004   6.2499998603021342E-004   6.2499998603018643E-004
   3.5037802774364499E-004   4.1328519443217809E-004   6.2499998603021342E-004   6.2499998603018643E-004
   3.5316437095320581E-004   4.1493780611402041E-004   6.2499998603021342E-004   6.2499998603018643E-004
   3.5987774627399294E-004   4.1902101138191673E-004   6.2499998603021342E-004   6.2499998603018643E-004
   3.7226174928265250E-004   4.2685140214966108E-004   6.2499998603021342E-004   6.2499998603018643E-004
   3.9187444273512738E-004   4.4012765054725529E-004   6.2499998603021342E-004   6.2499998603018643E-004
   4.1926836806721677E-004   4.6040303667142709E-004   6.2499998603021342E-004   6.2499998603018643E-004
   4.5259135074063724E-004   4.8846238156184392E-004   6.2499998603021342E-004   6.2499998603018643E-004
   4.8716447398896472E-004   5.2345575837595343E-004   6.2499998603021342E-004   6.2499998603018643E-004
   5.1549940124279733E-004   5.6223088147568014E-004   6.2499998603021342E-004   6.2499998603018643E-004
   5.2732527311544414E-004   5.9910194881097282E-004   6.2499998603021342E-004   6.2499998603018643E-004
   5.1173699199890484E-004   6.2611688386794945E-004   6.2499998603021342E-004   6.2499998603018643E-004
   4.6534010661029997E-004   6.3433067407540162E-004   6.2499998603021342E-004   6.2499998603018643E-004
   4.0020547063260097E-004   6.1838500672277430E-004   6.2499998603021342E-004   6.2499998603018643E-004
   3.3647880069086829E-004   5.8330144866364946E-004   6.2499998603021342E-004   6.2499998603018643E-004
   2.8888245229397849E-004   5.4482757872650141E-004   6.2499998603021342E-004   6.2499998603018643E-004
   2.6384166162262231E-004   5.2016099361181683E-004   6.2499998603021342E-004   6.2499998603018643E-004
   2.6321553748021547E-004   5.1950532459252611E-004   6.2499998603021342E-004   6.2499998603018643E-004
   2.8703760108867257E-004   5.4312044005855591E-004   6.2499998603021342E-004   6.2499998603018643E-004
   3.3358555434342746E-004   5.8127399350020375E-004   6.2499998603021342E-004   6.2499998603018643E-004
   3.9676635133721437E-004   6.1696541317142353E-004   6.2499998603021342E-004   6.2499998603018643E-004
   4.6231017874944614E-004   6.3410820812490271E-004   6.2499998603021342E-004   6.2499998603018643E-004
   5.1006282446737332E-004   6.2704691032019067E-004   6.2499998603021342E-004   6.2499998603018643E-004
   5.2723562528211919E-004   6.0076930338190013E-004   6.2499998603021342E-004   6.2499998603018643E-004
   5.1660548368923998E-004   5.6418986836387136E-004   6.2499998603021342E-004   6.2499998603018643E-004
   4.8888368375011931E-004   5.2535576347919645E-004   6.2499998603021342E-004   6.2499998603018643E-004
   4.5441819976005724E-004   4.9007552081139051E-004   6.2499998603021342E-004   6.2499998603018643E-004
   4.2087136997608743E-004   4.6162891720599107E-004   6.2499998603021342E-004   6.2499998603018643E-004
   3.9305280928932519E-004   4.4097072486820583E-004   6.2499998603021342E-004   6.2499998603018643E-004
   3.7300645054851278E-004   4.2737927906690487E-004   6.2499998603021342E-004   6.2499998603018643E-004
   3.6033476032794375E-004   4.1931475761290183E-004   6.2499998603021342E-004   6.2499998603018643E-004
   3.5340734841989653E-004   4.1507604219078608E-004   6.2499998603021342E-004   6.2499998603018643E-004
   3.5045441089473050E-004   4.1332426608023187E-004   6.2499998603021342E-004   6.2499998603018643E-004
   3.4156912306673883E-004   4.0949283048064949E-004   6.2499998603021342E-004   6.2499998603018643E-004
   3.4141227477769325E-004   4.0928714401707316E-004   6.2499998603021342E-004   6.2499998603018643E-004
   3.4172991262199109E-004   4.0912924700762805E-004   6.2499998603021342E-004   6.2499998603018643E-004
   3.4471243509374023E-004   4.1040259900291940E-004   6.2499998603021342E-004   6.2499998603018643E-004
   3.5342023329806068E-004   4.1512654531438591E-004   6.2499998603021342E-004   6.2499998603018643E-004
   3.7048256747118321E-004   4.2564450398751040E-004   6.2499998603021342E-004   6.2499998603018643E-004
   3.9751961908494394E-004   4.4404160738430014E-004   6.2499998603021342E-004   6.2499998603018643E-004
   4.3320177572083953E-004   4.7155440514859063E-004   6.2499998603021342E-004   6.2499998603018643E-004
   4.7250776861669942E-004   5.0755271923027298E-004   6.2499998603021342E-004   6.2499998603018643E-004
   5.0708295904830611E-004   5.4871107293819011E-004   6.2499998603021342E-004   6.2499998603018643E-004
   5.2617834619533973E-004   5.8894066515028049E-004   6.2499998603021342E-004   6.2499998603018643E-004
   5.1903243213143534E-004   6.2019111873656602E-004   6.2499998603021342E-004   6.2499998603018643E-004
   4.8171954029421738E-004   6.3426638194831735E-004   6.2499998603021342E-004   6.2499998603018643E-004
   4.2546092972873173E-004   6.2708265336008375E-004   6.2499998603021342E-004   6.2499998603018643E-004
   3.7062131524577801E-004   6.0433540709047451E-004   6.2499998603021342E-004   6.2499998603018643E-004
   3.3281234224418675E-004   5.8067513729372945E-004   6.2499998603021342E-004   6.2499998603018643E-004
   3.1916587361119304E-004   5.7051294868088473E-004   6.2499998603021342E-004   6.2499998603018643E-004
   3.3150590273271465E-004   5.7974124132422595E-004   6.2499998603021342E-004   6.2499998603018643E-004
   3.6819855887362964E-004   6.0301708018999783E-004   6.2499998603021342E-004   6.2499998603018643E-004
   4.2246984693790823E-004   6.2620506225864086E-004   6.2499998603021342E-004   6.2499998603018643E-004
   4.7915855904733819E-004   6.3440858012158926E-004   6.2499998603021342E-004   6.2499998603018643E-004
   5.1783502480028511E-004   6.2137214916735308E-004   6.2499998603021342E-004   6.2499998603018643E-004
   5.2648729771831763E-004   5.9080275687150847E-004   6.2499998603021342E-004   6.2499998603018643E-004
   5.0848058418890435E-004   5.5082068549150323E-004   6.2499998603021342E-004   6.2499998603018643E-004
   4.7446343482105416E-004   5.0954421226460402E-004   6.2499998603021342E-004   6.2499998603018643E-004
   4.3521565870230443E-004   4.7318286437630192E-004   6.2499998603021342E-004   6.2499998603018643E-004
   3.9920247208539647E-004   4.4520657134002409E-004   6.2499998603021342E-004   6.2499998603018643E-004
   3.7163258976438251E-004   4.2636749591479288E-004   6.2499998603021342E-004   6.2499998603018643E-004
   3.5401925700153644E-004   4.1550122341517994E-004   6.2499998603021342E-004   6.2499998603018643E-004
   3.4497420112299170E-004   4.1054407957280927E-004   6.2499998603021342E-004   6.2499998603018643E-004
   3.4181953364567256E-004   4.0914526171299722E-004   6.2499998603021342E-004   6.2499998603018643E-004
   3.4143087003793665E-004   4.0926910273964679E-004   6.2499998603021342E-004   6.2499998603018643E-004
   3.5414358551791780E-004   4.1888972271481788E-004   6.2499998603021342E-004   6.2499998603018643E-004
   3.5038095137162418E-004   4.1636621598765576E-004   6.2499998603021342E-004   6.2499998603018643E-004
   3.4491658804368532E-004   4.1250207433540028E-004   6.2499998603021342E-004   6.2499998603018643E-004
   3.4150374050508303E-004   4.0951447113116201E-004   6.2499998603021342E-004   6.2499998603018643E-004
   3.4439691388964865E-004   4.1015738223532967E-004   6.2499998603021342E-004   6.2499998603018643E-004
   3.5703145864025506E-004   4.1723942394951169E-004   6.2499998603021342E-004   6.2499998603018643E-004
   3.8193188348051538E-004   4.3316181227241632E-004   6.2499998603021342E-004   6.2499998603018643E-004
   4.1808766801065995E-004   4.5936068940361999E-004   6.2499998603021342E-004   6.2499998603018643E-004
   4.6002394087240402E-004   4.9524400163503276E-004   6.2499998603021342E-004   6.2499998603018643E-004
   4.9855087212376335E-004   5.3725223821849994E-004   6.2499998603021342E-004   6.2499998603018643E-004
   5.2311110914543307E-004   5.7902720187676668E-004   6.2499998603021342E-004   6.2499998603018643E-004
   5.2388547789526316E-004   6.1279260869036094E-004   6.2499998603021342E-004   6.2499998603018643E-004
   4.9754621432235985E-004   6.3159148195985248E-004   6.2499998603021342E-004   6.2499998603018643E-004
   4.5426222660741261E-004   6.3303615150109402E-004   6.2499998603021342E-004   6.2499998603018643E-004
   4.1282776569510102E-004   6.2295287374892041E-004   6.2499998603021342E-004   6.2499998603018643E-004
   3.8833043697363592E-004   6.1308481588925813E-004   6.2499998603021342E-004   6.2499998603018643E-004
   3.8769740228810045E-004   6.1279408922633731E-004   6.2499998603021342E-004   6.2499998603018643E-004
   4.1108509092286001E-004   6.2234362815248600E-004   6.2499998603021342E-004   6.2499998603018643E-004
   4.5195329616124332E-004   6.3271679423427651E-004   6.2499998603021342E-004   6.2499998603018643E-004
   4.9561730086769703E-004   6.3206733150802073E-004   6.2499998603021342E-004   6.2499998603018643E-004
   5.2320421550243576E-004   6.1414659858136610E-004   6.2499998603021342E-004   6.2499998603018643E-004
   5.2379356501166369E-004   5.8099068517686488E-004   6.2499998603021342E-004   6.2499998603018643E-004
   5.0019009889789375E-004   5.3942833102727384E-004   6.2499998603021342E-004   6.2499998603018643E-004
   4.6211442157233494E-004   4.9725978920990284E-004   6.2499998603021342E-004   6.2499998603018643E-004
   4.2014386175608022E-004   4.6095719175444534E-004   6.2499998603021342E-004   6.2499998603018643E-004
   3.8356650195059503E-004   4.3423395403923809E-004   6.2499998603021342E-004   6.2499998603018643E-004
   3.5803632886652868E-004   4.1781386543125162E-004   6.2499998603021342E-004   6.2499998603018643E-004
   3.4475710642359997E-004   4.1033844963432825E-004   6.2499998603021342E-004   6.2499998603018643E-004
   3.4142849298704226E-004   4.0944259189358220E-004   6.2499998603021342E-004   6.2499998603018643E-004
   3.4467338895098750E-004   4.1231232897072291E-004   6.2499998603021342E-004   6.2499998603018643E-004
   3.5015204844745661E-004   4.1618815171439572E-004   6.2499998603021342E-004   6.2499998603018643E-004
   3.5405645007464764E-004   4.1881892829832954E-004   6.2499998603021342E-004   6.2499998603018643E-004
   3.8939753388001408E-004   4.4106915692198364E-004   6.2499998603021342E-004   6.2499998603018643E-004
   3.8508046167126078E-004   4.3847917269536834E-004   6.2499998603021342E-004   6.2499998603018643E-004
   3.7329804657195093E-004   4.3128767060837279E-004   6.2499998603021342E-004   6.2499998603018643E-004
   3.5840221588504233E-004   4.2185242221304796E-004   6.2499998603021342E-004   6.2499998603018643E-004
   3.4619335083812522E-004   4.1337773073670035E-004   6.2499998603021342E-004   6.2499998603018643E-004
   3.4175812844247611E-004   4.0928853088591048E-004   6.2499998603021342E-004   6.2499998603018643E-004
   3.4901516238041000E-004   4.1262089288105120E-004   6.2499998603021342E-004   6.2499998603018643E-004
   3.7085980770224956E-004   4.2584924223832175E-004   6.2499998603021342E-004   6.2499998603018643E-004
   4.0618700315651543E-004   4.5032097133209092E-004   6.2499998603021342E-004   6.2499998603018643E-004
   4.4900984692979848E-004   4.8525374042009437E-004   6.2499998603021342E-004   6.2499998603018643E-004
   4.8984804133527882E-004   5.2683283800290012E-004   6.2499998603021342E-004   6.2499998603018643E-004
   5.1843971137814008E-004   5.6862594455595278E-004   6.2499998603021342E-004   6.2499998603018643E-004
   5.2636099646602397E-004   6.0335291036673223E-004   6.2499998603021342E-004   6.2499998603018643E-004
   5.1172566464635877E-004   6.2539381559065363E-004   6.2499998603021342E-004   6.2499998603018643E-004
   4.8362540982050485E-004   6.3372594837101434E-004   6.2499998603021342E-004   6.2499998603018643E-004
   4.5796644584648075E-004   6.3332345834859983E-004   6.2499998603021342E-004   6.2499998603018643E-004
   4.4754684078541400E-004   6.3187919620298551E-004   6.2499998603021342E-004   6.2499998603018643E-004
   4.5699403933085548E-004   6.3321759361556539E-004   6.2499998603021342E-004   6.2499998603018643E-004
   4.8212735329206878E-004   6.3385270986698883E-004   6.2499998603021342E-004   6.2499998603018643E-004
   5.1051082500379091E-004   6.2612731174055110E-004   6.2499998603021342E-004   6.2499998603018643E-004
   5.2618216650243221E-004   6.0480390369352919E-004   6.2499998603021342E-004   6.2499998603018643E-004
   5.1944230195169949E-004   5.7060974935022458E-004   6.2499998603021342E-004   6.2499998603018643E-004
   4.9167903606874095E-004   5.2900208681488632E-004   6.2499998603021342E-004   6.2499998603018643E-004
   4.5118820514991923E-004   4.8724094946781752E-004   6.2499998603021342E-004   6.2499998603018643E-004
   4.0821183181068816E-004   4.5185351694646952E-004   6.2499998603021342E-004   6.2499998603018643E-004
   3.7235087500879028E-004   4.2681353236826379E-004   6.2499998603021342E-004   6.2499998603018643E-004
   3.4978293528567116E-004   4.1303664028441428E-004   6.2499998603021342E-004   6.2499998603018643E-004
   3.4179650997826069E-004   4.0925445699335777E-004   6.2499998603021342E-004   6.2499998603018643E-004
   3.4565425969677741E-004   4.1304413669447952E-004   6.2499998603021342E-004   6.2499998603018643E-004
   3.5761858456056670E-004   4.2137865172023120E-004   6.2499998603021342E-004   6.2499998603018643E-004
   3.7257264462194138E-004   4.3084147181037186E-004   6.2499998603021342E-004   6.2499998603018643E-004
   3.8466321716925804E-004   4.3821219175634973E-004   6.2499998603021342E-004   6.2499998603018643E-004
   4.4678553552344644E-004   4.7415867311032792E-004   6.2499998603021342E-004   6.2499998603018643E-004
   4.3222658799983238E-004   4.6598776141840273E-004   6.2499998603021342E-004   6.2499998603018643E-004
   4.0713795693249528E-004   4.5164278303769267E-004   6.2499998603021342E-004   6.2499998603018643E-004
   3.7900928907816210E-004   4.3488433459324679E-004   6.2499998603021342E-004   6.2499998603018643E-004
   3.5580274435393033E-004   4.1996507935229265E-004   6.2499998603021342E-004   6.2499998603018643E-004
   3.4298529018202671E-004   4.1077596946276196E-004   6.2499998603021342E-004   6.2499998603018643E-004
   3.4456281645649890E-004   4.1031505315272741E-004   6.2499998603021342E-004   6.2499998603018643E-004
   3.6291067969501016E-004   4.2082658699133533E-004   6.2499998603021342E-004   6.2499998603018643E-004
   3.9636716341249828E-004   4.4329000493472043E-004   6.2499998603021342E-004   6.2499998603018643E-004
   4.3888003049447793E-004   4.7654888685310081E-004   6.2499998603021342E-004   6.2499998603018643E-004
   4.8068492655019361E-004   5.1659269686338575E-004   6.2499998603021342E-004   6.2499998603018643E-004
   5.1188686430186947E-004   5.5706154064631328E-004   6.2499998603021342E-004   6.2499998603018643E-004
   5.2586791066138252E-004   5.9126210819934971E-004   6.2499998603021342E-004   6.2499998603018643E-004
   5.2218579624955814E-004   6.1469823513011254E-004   6.2499998603021342E-004   6.2499998603018643E-004
   5.0868940837585147E-004   6.2689420294728259E-004   6.2499998603021342E-004   6.2499998603018643E-004
   4.9746641281152824E-004   6.3117586505869274E-004   6.2499998603021342E-004   6.2499998603018643E-004
   4.9714267766975170E-004   6.3126199691131396E-004   6.2499998603021342E-004   6.2499998603018643E-004
   5.0796158599973097E-004   6.2726559549755373E-004   6.2499998603021342E-004   6.2499998603018643E-004
   5.2165323828717175E-004   6.1557192955898348E-004   6.2499998603021342E-004   6.2499998603018643E-004
   5.2613122553099394E-004   5.9272891942657453E-004   6.2499998603021342E-004   6.2499998603018643E-004
   5.1314576147800490E-004   5.5899272914369357E-004   6.2499998603021342E-004   6.2499998603018643E-004
   4.8264638860479677E-004   5.1868945403513731E-004   6.2499998603021342E-004   6.2499998603018643E-004
   4.4110366743375332E-004   4.7845980962307380E-004   6.2499998603021342E-004   6.2499998603018643E-004
   3.9834726389291789E-004   4.4473389172711310E-004   6.2499998603021342E-004   6.2499998603018643E-004
   3.6422866126080243E-004   4.2167518283256950E-004   6.2499998603021342E-004   6.2499998603018643E-004
   3.4504734656922928E-004   4.1057253270507807E-004   6.2499998603021342E-004   6.2499998603018643E-004
   3.4265115998352851E-004   4.1052088185984892E-004   6.2499998603021342E-004   6.2499998603018643E-004
   3.5471752885367423E-004   4.1933694236956061E-004   6.2499998603021342E-004   6.2499998603018643E-004
   3.7750950064376716E-004   4.3405845829781183E-004   6.2499998603021342E-004   6.2499998603018643E-004
   4.0563857332397022E-004   4.5081945320107723E-004   6.2499998603021342E-004   6.2499998603018643E-004
   4.3115479376986700E-004   4.6538343921773411E-004   6.2499998603021342E-004   6.2499998603018643E-004
   4.4640303618179010E-004   4.7393739804198307E-004   6.2499998603021342E-004   6.2499998603018643E-004
   5.3548361236064668E-004   5.2222001114452909E-004   6.2499998603021342E-004   6.2499998603018643E-004
   5.2431239775068349E-004   5.1628430353697582E-004   6.2499998603021342E-004   6.2499998603018643E-004
   4.9275625804805776E-004   4.9932571802177171E-004   6.2499998603021342E-004   6.2499998603018643E-004
   4.4896469425521505E-004   4.7539496675360704E-004   6.2499998603021342E-004   6.2499998603018643E-004
   4.0417891619846615E-004   4.4985854388215218E-004   6.2499998603021342E-004   6.2499998603018643E-004
   3.6813451387014982E-004   4.2789941569436151E-004   6.2499998603021342E-004   6.2499998603018643E-004
   3.4638211885955279E-004   4.1352152365913827E-004   6.2499998603021342E-004   6.2499998603018643E-004
   3.4244461672922489E-004   4.0939922791431000E-004   6.2499998603021342E-004   6.2499998603018643E-004
   3.5693706084018168E-004   4.1724975825861824E-004   6.2499998603021342E-004   6.2499998603018643E-004
   3.8792526954933328E-004   4.3744864441963636E-004   6.2499998603021342E-004   6.2499998603018643E-004
   4.2914246835205899E-004   4.6839361232200164E-004   6.2499998603021342E-004   6.2499998603018643E-004
   4.7045693897880065E-004   5.0591276350771687E-004   6.2499998603021342E-004   6.2499998603018643E-004
   5.0290189748988725E-004   5.4380518013026169E-004   6.2499998603021342E-004   6.2499998603018643E-004
   5.2138624012716380E-004   5.7598536484766672E-004   6.2499998603021342E-004   6.2499998603018643E-004
   5.2632038000366768E-004   5.9867164176121248E-004   6.2499998603021342E-004   6.2499998603018643E-004
   5.2383618220484590E-004   6.1124553755988512E-004   6.2499998603021342E-004   6.2499998603018643E-004
   5.2170988176912817E-004   6.1522982756439908E-004   6.2499998603021342E-004   6.2499998603018643E-004
   5.2365335576348856E-004   6.1164096791394961E-004   6.2499998603021342E-004   6.2499998603018643E-004
   5.2631531141415062E-004   5.9954643726088240E-004   6.2499998603021342E-004   6.2499998603018643E-004
   5.2199197703713866E-004   5.7738094951869604E-004   6.2499998603021342E-004   6.2499998603018643E-004
   5.0430774490269439E-004   5.4561284780637893E-004   6.2499998603021342E-004   6.2499998603018643E-004
   4.7249814811851725E-004   5.0787643091811802E-004   6.2499998603021342E-004   6.2499998603018643E-004
   4.3136151845595406E-004   4.7018326597900509E-004   6.2499998603021342E-004   6.2499998603018643E-004
   3.8984020904799931E-004   4.3878152950320074E-004   6.2499998603021342E-004   6.2499998603018643E-004
   3.5811583341645585E-004   4.1797732300489517E-004   6.2499998603021342E-004   6.2499998603018643E-004
   3.4265286946379289E-004   4.0950303851711807E-004   6.2499998603021342E-004   6.2499998603018643E-004
   3.4566528003627801E-004   4.1305018442636658E-004   6.2499998603021342E-004   6.2499998603018643E-004
   3.6648259730472500E-004   4.2696201634687868E-004   6.2499998603021342E-004   6.2499998603018643E-004
   4.0185874552591981E-004   4.4862941642499651E-004   6.2499998603021342E-004   6.2499998603018643E-004
   4.4648830232812427E-004   4.7409726902871633E-004   6.2499998603021342E-004   6.2499998603018643E-004
   4.9069581358486439E-004   4.9823782046247238E-004   6.2499998603021342E-004   6.2499998603018643E-004
   5.2316182006372674E-004   5.1566520102765048E-004   6.2499998603021342E-004   6.2499998603018643E-004
   6.4719823253667869E-004   5.8115245491325771E-004   6.2499998603021342E-004   6.2499998603018643E-004
   6.1691585852458367E-004   5.6516190861347808E-004   6.2499998603021342E-004   6.2499998603018643E-004
   5.6226809171880691E-004   5.3631051674631774E-004   6.2499998603021342E-004   6.2499998603018643E-004
   4.9550660210940503E-004   5.0078188650175422E-004   6.2499998603021342E-004   6.2499998603018643E-004
   4.3162156329196958E-004   4.6549892640326704E-004   6.2499998603021342E-004   6.2499998603018643E-004
   3.8173173370519627E-004   4.3628603426753919E-004   6.2499998603021342E-004   6.2499998603018643E-004
   3.5097828638767106E-004   4.1688545795603624E-004   6.2499998603021342E-004   6.2499998603018643E-004
   3.4180013401122178E-004   4.0933204654504228E-004   6.2499998603021342E-004   6.2499998603018643E-004
   3.5223475295759698E-004   4.1458621414281296E-004   6.2499998603021342E-004   6.2499998603018643E-004
   3.8035486919457933E-004   4.3226120086703495E-004   6.2499998603021342E-004   6.2499998603018643E-004
   4.1902339998017472E-004   4.6028023783713289E-004   6.2499998603021342E-004   6.2499998603018643E-004
   4.5847770359780127E-004   4.9431587485127698E-004   6.2499998603021342E-004   6.2499998603018643E-004
   4.9081366520165558E-004   5.2842298458476991E-004   6.2499998603021342E-004   6.2499998603018643E-004
   5.1171502791370590E-004   5.5710237809641037E-004   6.2499998603021342E-004   6.2499998603018643E-004
   5.2173108879822138E-004   5.7692767333860826E-004   6.2499998603021342E-004   6.2499998603018643E-004
   5.2486175482544450E-004   5.8687478618401484E-004   6.2499998603021342E-004   6.2499998603018643E-004
   5.2490697571687026E-004   5.8711941592762414E-004   6.2499998603021342E-004   6.2499998603018643E-004
   5.2202024990312282E-004   5.7767277577613256E-004   6.2499998603021342E-004   6.2499998603018643E-004
   5.1250784001187228E-004   5.5833948532392952E-004   6.2499998603021342E-004   6.2499998603018643E-004
   4.9226630552617033E-004   5.3004248267788246E-004   6.2499998603021342E-004   6.2499998603018643E-004
   4.6048613124160257E-004   4.9608758819370520E-004   6.2499998603021342E-004   6.2499998603018643E-004
   4.2119761740717682E-004   4.6190439174439583E-004   6.2499998603021342E-004   6.2499998603018643E-004
   3.8216533442747493E-004   4.3345931039645699E-004   6.2499998603021342E-004   6.2499998603018643E-004
   3.5329196911172413E-004   4.1518799863604617E-004   6.2499998603021342E-004   6.2499998603018643E-004
   3.4179611504712076E-004   4.0928859952127193E-004   6.2499998603021342E-004   6.2499998603018643E-004
   3.4987743752007481E-004   4.1620955915956420E-004   6.2499998603021342E-004   6.2499998603018643E-004
   3.7952503272467054E-004   4.3504347370548844E-004   6.2499998603021342E-004   6.2499998603018643E-004
   4.2845140847704965E-004   4.6383783932591220E-004   6.2499998603021342E-004   6.2499998603018643E-004
   4.9190593535711235E-004   4.9893637024681266E-004   6.2499998603021342E-004   6.2499998603018643E-004
   5.5899541977538130E-004   5.3460941517189471E-004   6.2499998603021342E-004   6.2499998603018643E-004
   6.1463625496291211E-004   5.6396311238282430E-004   6.2499998603021342E-004   6.2499998603018643E-004
   6.4640036534702671E-004   5.8072071819071887E-004   6.2499998603021342E-004   6.2499998603018643E-004
   7.9083777661479750E-004   6.5770126146464866E-004   6.2499998603021342E-004   6.2499998603018643E-004
   7.7221759168579797E-004   6.4750600807660953E-004   6.2499998603021342E-004   6.2499998603018643E-004
   7.1707309691675667E-004   6.1789318167131439E-004   6.2499998603021342E-004   6.2499998603018643E-004
   6.3545737067172267E-004   5.7475109482804730E-004   6.2499998603021342E-004   6.2499998603018643E-004
   5.4341882991862942E-004   5.2634666154100082E-004   6.2499998603021342E-004   6.2499998603018643E-004
   4.5939071793754617E-004   4.8093805943737942E-004   6.2499998603021342E-004   6.2499998603018643E-004
   3.9562189314365910E-004   4.4461537119437443E-004   6.2499998603021342E-004   6.2499998603018643E-004
   3.5641229023625730E-004   4.2055937763187719E-004   6.2499998603021342E-004   6.2499998603018643E-004
   3.4202776820977228E-004   4.0984904444587152E-004   6.2499998603021342E-004   6.2499998603018643E-004
   3.4845187265256929E-004   4.1252257274934683E-004   6.2499998603021342E-004   6.2499998603018643E-004
   3.7308588057646688E-004   4.2737562495873870E-004   6.2499998603021342E-004   6.2499998603018643E-004
   4.0790184843445134E-004   4.5183793749972674E-004   6.2499998603021342E-004   6.2499998603018643E-004
   4.4431872497752487E-004   4.8148561468856971E-004   6.2499998603021342E-004   6.2499998603018643E-004
   4.7492757861880498E-004   5.1073200899133314E-004   6.2499998603021342E-004   6.2499998603018643E-004
   4.9585861394800979E-004   5.3459981376997217E-004   6.2499998603021342E-004   6.2499998603018643E-004
   5.0711986291919475E-004   5.4990743642304427E-004   6.2499998603021342E-004   6.2499998603018643E-004
   5.1061192178420171E-004   5.5529387278880802E-004   6.2499998603021342E-004   6.2499998603018643E-004
   5.0746392777531099E-004   5.5042623323594045E-004   6.2499998603021342E-004   6.2499998603018643E-004
   4.9668123453908023E-004   5.3560294735435353E-004   6.2499998603021342E-004   6.2499998603018643E-004
   4.7631887453897389E-004   5.1210654932788778E-004   6.2499998603021342E-004   6.2499998603018643E-004
   4.4618434283135800E-004   4.8301733796178023E-004   6.2499998603021342E-004   6.2499998603018643E-004
   4.0993649497553974E-004   4.5325480525528432E-004   6.2499998603021342E-004   6.2499998603018643E-004
   3.7476173044931452E-004   4.2841364259071029E-004   6.2499998603021342E-004   6.2499998603018643E-004
   3.4936617095098871E-004   4.1299263110607906E-004   6.2499998603021342E-004   6.2499998603018643E-004
   3.4188999145230996E-004   4.0966509320342396E-004   6.2499998603021342E-004   6.2499998603018643E-004
   3.5497267137144672E-004   4.1969654731268384E-004   6.2499998603021342E-004   6.2499998603018643E-004
   3.9287385723204996E-004   4.4308653199766633E-004   6.2499998603021342E-004   6.2499998603018643E-004
   4.5537736795864855E-004   4.7884427574111573E-004   6.2499998603021342E-004   6.2499998603018643E-004
   5.3867756706465022E-004   5.2391756948808629E-004   6.2499998603021342E-004   6.2499998603018643E-004
   6.3084557433982569E-004   5.7234691338669988E-004   6.2499998603021342E-004   6.2499998603018643E-004
   7.1346792900589366E-004   6.1596211808011964E-004   6.2499998603021342E-004   6.2499998603018643E-004
   7.7027470632515347E-004   6.4643353337896379E-004   6.2499998603021342E-004   6.2499998603018643E-004
   9.4176100860040093E-004   7.4152902198830353E-004   6.2499998603021342E-004   6.2499998603018643E-004
   8.9898440192717722E-004   7.1696770310139784E-004   6.2499998603021342E-004   6.2499998603018643E-004
   8.1672483674755710E-004   6.7136641172720101E-004   6.2499998603021342E-004   6.2499998603018643E-004
   7.0729444484815692E-004   6.1264044276316512E-004   6.2499998603021342E-004   6.2499998603018643E-004
   5.9025021233134853E-004   5.5097764779073384E-004   6.2499998603021342E-004   6.2499998603018643E-004
   4.8654219098548331E-004   4.9569424790964721E-004   6.2499998603021342E-004   6.2499998603018643E-004
   4.0934091200691943E-004   4.5274716967895305E-004   6.2499998603021342E-004   6.2499998603018643E-004
   3.6258482787835419E-004   4.2448674322473882E-004   6.2499998603021342E-004   6.2499998603018643E-004
   3.4290487512310646E-004   4.1087941818556008E-004   6.2499998603021342E-004   6.2499998603018643E-004
   3.4549398046647981E-004   4.1090706479341230E-004   6.2499998603021342E-004   6.2499998603018643E-004
   3.6563595088516618E-004   4.2259142997838649E-004   6.2499998603021342E-004   6.2499998603018643E-004
   3.9563056459950588E-004   4.4291762462690551E-004   6.2499998603021342E-004   6.2499998603018643E-004
   4.2767409207351045E-004   4.6742401670439771E-004   6.2499998603021342E-004   6.2499998603018643E-004
   4.5488340047621339E-004   4.9098209019706016E-004   6.2499998603021342E-004   6.2499998603018643E-004
   4.7343498018985111E-004   5.0914452640848733E-004   6.2499998603021342E-004   6.2499998603018643E-004
   4.8266443342170738E-004   5.1901678791900453E-004   6.2499998603021342E-004   6.2499998603018643E-004
   4.8288355031228373E-004   5.1926678113435533E-004   6.2499998603021342E-004   6.2499998603018643E-004
   4.7414297852768595E-004   5.0986325784843699E-004   6.2499998603021342E-004   6.2499998603018643E-004
   4.5610241777992958E-004   4.9206681336041297E-004   6.2499998603021342E-004   6.2499998603018643E-004
   4.2932606362882698E-004   4.6867969895298187E-004   6.2499998603021342E-004   6.2499998603018643E-004
   3.9741421870423068E-004   4.4409348060959396E-004   6.2499998603021342E-004   6.2499998603018643E-004
   3.6710893362376125E-004   4.2344520330206561E-004   6.2499998603021342E-004   6.2499998603018643E-004
   3.4622076135850852E-004   4.1123628436995932E-004   6.2499998603021342E-004   6.2499998603018643E-004
   3.4265473705358382E-004   4.1056035611306349E-004   6.2499998603021342E-004   6.2499998603018643E-004
   3.6091656254918646E-004   4.2345598480485761E-004   6.2499998603021342E-004   6.2499998603018643E-004
   4.0611664134556242E-004   4.5095759991295030E-004   6.2499998603021342E-004   6.2499998603018643E-004
   4.8168502337612339E-004   4.9319208185488229E-004   6.2499998603021342E-004   6.2499998603018643E-004
   5.8438246947060924E-004   5.4796665861368333E-004   6.2499998603021342E-004   6.2499998603018643E-004
   7.0134099800981807E-004   6.0950166352433566E-004   6.2499998603021342E-004   6.2499998603018643E-004
   8.1178993567868811E-004   6.6861580783536079E-004   6.2499998603021342E-004   6.2499998603018643E-004
   8.9575111476926849E-004   7.1510080290612384E-004   6.2499998603021342E-004   6.2499998603018643E-004
   9.4068848534615093E-004   7.4086890873087201E-004   6.2499998603021342E-004   6.2499998603018643E-004
   1.1044578642251284E-003   8.3948917486988638E-004   6.2499998603021342E-004   6.2499998603018643E-004
   1.0832616778496424E-003   8.2582276806906997E-004   6.2499998603021342E-004   6.2499998603018643E-004
   1.0168115941222937E-003   7.8508756279086758E-004   6.2499998603021342E-004   6.2499998603018643E-004
   9.0951289156254332E-004   7.2274530835894201E-004   6.2499998603021342E-004   6.2499998603018643E-004
   7.7462402067224692E-004   6.4847392293168496E-004   6.2499998603021342E-004   6.2499998603018643E-004
   6.3457785299828062E-004   5.7409027962578376E-004   6.2499998603021342E-004   6.2499998603018643E-004
   5.1266000255814105E-004   5.0969464176901411E-004   6.2499998603021342E-004   6.2499998603018643E-004
   4.2323369450652550E-004   4.6085259384627737E-004   6.2499998603021342E-004   6.2499998603018643E-004
   3.6957684637374961E-004   4.2883359267516382E-004   6.2499998603021342E-004   6.2499998603018643E-004
   3.4472991946626051E-004   4.1250534191096999E-004   6.2499998603021342E-004   6.2499998603018643E-004
   3.4327371966195097E-004   4.0975469720859903E-004   6.2499998603021342E-004   6.2499998603018643E-004
   3.5805510827854322E-004   4.1792407728871982E-004   6.2499998603021342E-004   6.2499998603018643E-004
   3.8226149499704249E-004   4.3365417282868908E-004   6.2499998603021342E-004   6.2499998603018643E-004
   4.0870207125551168E-004   4.5254308070719035E-004   6.2499998603021342E-004   6.2499998603018643E-004
   4.3088429347549009E-004   4.6999680642176956E-004   6.2499998603021342E-004   6.2499998603018643E-004
   4.4515781538134622E-004   4.8217293183608589E-004   6.2499998603021342E-004   6.2499998603018643E-004
   4.5015980223483520E-004   4.8665109968521971E-004   6.2499998603021342E-004   6.2499998603018643E-004
   4.4564279667275381E-004   4.8259896316063370E-004   6.2499998603021342E-004   6.2499998603018643E-004
   4.3185122922557176E-004   4.7076962018004280E-004   6.2499998603021342E-004   6.2499998603018643E-004
   4.1004972704900759E-004   4.5349869681928688E-004   6.2499998603021342E-004   6.2499998603018643E-004
   3.8374040428650166E-004   4.3456700830740719E-004   6.2499998603021342E-004   6.2499998603018643E-004
   3.5924985301988955E-004   4.1857039352828401E-004   6.2499998603021342E-004   6.2499998603018643E-004
   3.4375561159420768E-004   4.0993110006728084E-004   6.2499998603021342E-004   6.2499998603018643E-004
   3.4429853542133492E-004   4.1205241408604826E-004   6.2499998603021342E-004   6.2499998603018643E-004
   3.6775239303251403E-004   4.2764846648222913E-004   6.2499998603021342E-004   6.2499998603018643E-004
   4.1964675871147898E-004   4.5883103933535988E-004   6.2499998603021342E-004   6.2499998603018643E-004
   5.0711020264611664E-004   5.0682271354575762E-004   6.2499998603021342E-004   6.2499998603018643E-004
   6.2759590905309853E-004   5.7052622145038930E-004   6.2499998603021342E-004   6.2499998603018643E-004
   7.6741231822768886E-004   6.4461777537012141E-004   6.2499998603021342E-004   6.2499998603018643E-004
   9.0329900430505185E-004   7.1917019674403544E-004   6.2499998603021342E-004   6.2499998603018643E-004
   1.0124458358299223E-003   7.8237010520592200E-004   6.2499998603021342E-004   6.2499998603018643E-004
   1.0810642383380588E-003   8.2436950754612452E-004   6.2499998603021342E-004   6.2499998603018643E-004
   1.2405332660507494E-003   9.3316553559955452E-004   6.2499998603021342E-004   6.2499998603018643E-004
   1.2017551771522992E-003   9.0443453901658242E-004   6.2499998603021342E-004   6.2499998603018643E-004
   1.1185942664263635E-003   8.4805819736797022E-004   6.2499998603021342E-004   6.2499998603018643E-004
   9.9199668338252850E-004   7.7002538505072571E-004   6.2499998603021342E-004   6.2499998603018643E-004
   8.3576357189631720E-004   6.8149091794094654E-004   6.2499998603021342E-004   6.2499998603018643E-004
   6.7578808635642014E-004   5.9568760640067329E-004   6.2499998603021342E-004   6.2499998603018643E-004
   5.3794659939694525E-004   5.2329626762977828E-004   6.2499998603021342E-004   6.2499998603018643E-004
   4.3826722231510437E-004   4.6934672975016198E-004   6.2499998603021342E-004   6.2499998603018643E-004
   3.7786942610121559E-004   4.3397001000268623E-004   6.2499998603021342E-004   6.2499998603018643E-004
   3.4812029910294358E-004   4.1497628487197037E-004   6.2499998603021342E-004   6.2499998603018643E-004
   3.4193520292870864E-004   4.0927360253662632E-004   6.2499998603021342E-004   6.2499998603018643E-004
   3.5077942735523921E-004   4.1367246348858558E-004   6.2499998603021342E-004   6.2499998603018643E-004
   3.6843033085794005E-004   4.2454516565033863E-004   6.2499998603021342E-004   6.2499998603018643E-004
   3.8823154853401953E-004   4.3771554566582636E-004   6.2499998603021342E-004   6.2499998603018643E-004
   4.0426448703258531E-004   4.4919589377705323E-004   6.2499998603021342E-004   6.2499998603018643E-004
   4.1312695522193127E-004   4.5586914035435072E-004   6.2499998603021342E-004   6.2499998603018643E-004
   4.1334778444401305E-004   4.5604127992583443E-004   6.2499998603021342E-004   6.2499998603018643E-004
   4.0491975289657972E-004   4.4967082788950266E-004   6.2499998603021342E-004   6.2499998603018643E-004
   3.8921801262658959E-004   4.3836880765087756E-004   6.2499998603021342E-004   6.2499998603018643E-004
   3.6953703287129826E-004   4.2518559681311809E-004   6.2499998603021342E-004   6.2499998603018643E-004
   3.5165239604715665E-004   4.1409434004333252E-004   6.2499998603021342E-004   6.2499998603018643E-004
   3.4213869944942207E-004   4.0928386378233378E-004   6.2499998603021342E-004   6.2499998603018643E-004
   3.4740905550221786E-004   4.1438693554798976E-004   6.2499998603021342E-004   6.2499998603018643E-004
   3.7585331005249826E-004   4.3263780316333644E-004   6.2499998603021342E-004   6.2499998603018643E-004
   4.3437693894691283E-004   4.6712233023569127E-004   6.2499998603021342E-004   6.2499998603018643E-004
   5.3190213776016634E-004   5.2010143992674339E-004   6.2499998603021342E-004   6.2499998603018643E-004
   6.6800018157699647E-004   5.9163022776324869E-004   6.2499998603021342E-004   6.2499998603018643E-004
   8.2746129526781436E-004   6.7697285814877542E-004   6.2499998603021342E-004   6.2499998603018643E-004
   9.8469587615119050E-004   7.6568267131105151E-004   6.2499998603021342E-004   6.2499998603018643E-004
   1.1133616723563397E-003   8.4454432370215018E-004   6.2499998603021342E-004   6.2499998603018643E-004
   1.1988134090651337E-003   9.0219962980659209E-004   6.2499998603021342E-004   6.2499998603018643E-004
   1.2396343761165581E-003   9.3240508801270821E-004   6.2499998603021342E-004   6.2499998603018643E-004
   1.3432914957566711E-003   1.0263497111523553E-003   6.2499998603021342E-004   6.2499998603018643E-004
   1.3322186369277267E-003   1.0134811795426981E-003   6.2499998603021342E-004   6.2499998603018643E-004
   1.2896379776774932E-003   9.7253471692413133E-004   6.2499998603021342E-004   6.2499998603018643E-004
   1.2011624737718982E-003   9.0345812145258312E-004   6.2499998603021342E-004   6.2499998603018643E-004
   1.0624061517885734E-003   8.1232517699818718E-004   6.2499998603021342E-004   6.2499998603018643E-004
   8.9031343269290754E-004   7.1169405869258868E-004   6.2499998603021342E-004   6.2499998603018643E-004
   7.1445833928593524E-004   6.1629442188411302E-004   6.2499998603021342E-004   6.2499998603018643E-004
   5.6406261245150525E-004   5.3721690220750909E-004   6.2499998603021342E-004   6.2499998603018643E-004
   4.5553173620299788E-004   4.7888787398661929E-004   6.2499998603021342E-004   6.2499998603018643E-004
   3.8853865006186812E-004   4.4045294992154873E-004   6.2499998603021342E-004   6.2499998603018643E-004
   3.5384197328072785E-004   4.1875365964855833E-004   6.2499998603021342E-004   6.2499998603018643E-004
   3.4218348168562934E-004   4.0993862513939998E-004   6.2499998603021342E-004   6.2499998603018643E-004
   3.4469580167999030E-004   4.1044537860657399E-004   6.2499998603021342E-004   6.2499998603018643E-004
   3.5542970149160454E-004   4.1648739798183266E-004   6.2499998603021342E-004   6.2499998603018643E-004
   3.6811633970884041E-004   4.2428080151607473E-004   6.2499998603021342E-004   6.2499998603018643E-004
   3.7772064179797106E-004   4.3054068721656337E-004   6.2499998603021342E-004   6.2499998603018643E-004
   3.8135433258565247E-004   4.3298498189679708E-004   6.2499998603021342E-004   6.2499998603018643E-004
   3.7805902080637234E-004   4.3076918620436221E-004   6.2499998603021342E-004   6.2499998603018643E-004
   3.6872844518311116E-004   4.2465871110085258E-004   6.2499998603021342E-004   6.2499998603018643E-004
   3.5612595487736798E-004   4.1686477729835445E-004   6.2499998603021342E-004   6.2499998603018643E-004
   3.4520029385039989E-004   4.1063958943069845E-004   6.2499998603021342E-004   6.2499998603018643E-004
   3.4209221142446800E-004   4.0977078407265343E-004   6.2499998603021342E-004   6.2499998603018643E-004
   3.5279579837822826E-004   4.1802386460890547E-004   6.2499998603021342E-004   6.2499998603018643E-004
   3.8622563116892319E-004   4.3897876752004917E-004   6.2499998603021342E-004   6.2499998603018643E-004
   4.5134662245587464E-004   4.7648545573567952E-004   6.2499998603021342E-004   6.2499998603018643E-004
   5.5757270604789679E-004   5.3375355615002814E-004   6.2499998603021342E-004   6.2499998603018643E-004
   7.0611863076661618E-004   6.1182983394961329E-004   6.2499998603021342E-004   6.2499998603018643E-004
   8.8128770412565700E-004   7.0661505105396732E-004   6.2499998603021342E-004   6.2499998603018643E-004
   1.0544049760249712E-003   8.0732586693881329E-004   6.2499998603021342E-004   6.2499998603018643E-004
   1.1954809925011076E-003   8.9928166916693241E-004   6.2499998603021342E-004   6.2499998603018643E-004
   1.2865618490115068E-003   9.6968321724883193E-004   6.2499998603021342E-004   6.2499998603018643E-004
   1.3310840658843214E-003   1.0120824768878114E-003   6.2499998603021342E-004   6.2499998603018643E-004
   1.3749792838627553E-003   1.0944380804058774E-003   6.2499998603021342E-004   6.2499998603018643E-004
   1.3728199454026168E-003   1.0743209503140106E-003   6.2499998603021342E-004   6.2499998603018643E-004
   1.3452833853794335E-003   1.0274766775056436E-003   6.2499998603021342E-004   6.2499998603018643E-004
   1.2638317938845308E-003   9.5052935152370064E-004   6.2499998603021342E-004   6.2499998603018643E-004
   1.1215935531159896E-003   8.4977566092174115E-004   6.2499998603021342E-004   6.2499998603018643E-004
   9.3962274600958666E-004   7.3982108235566427E-004   6.2499998603021342E-004   6.2499998603018643E-004
   7.5299218885434760E-004   6.3692526890849366E-004   6.2499998603021342E-004   6.2499998603018643E-004
   5.9330708988949142E-004   5.5247303911017099E-004   6.2499998603021342E-004   6.2499998603018643E-004
   4.7678258623482618E-004   4.9040863204387070E-004   6.2499998603021342E-004   6.2499998603018643E-004
   4.0320867565939714E-004   4.4909705767527333E-004   6.2499998603021342E-004   6.2499998603018643E-004
   3.6303718146139769E-004   4.2460138823958808E-004   6.2499998603021342E-004   6.2499998603018643E-004
   3.4535928148005508E-004   4.1258188361199355E-004   6.2499998603021342E-004   6.2499998603018643E-004
   3.4146603034267739E-004   4.0922634128713115E-004   6.2499998603021342E-004   6.2499998603018643E-004
   3.4536936332866646E-004   4.1079594342544089E-004   6.2499998603021342E-004   6.2499998603018643E-004
   3.5137053435159785E-004   4.1403171422511236E-004   6.2499998603021342E-004   6.2499998603018643E-004
   3.5543373180421244E-004   4.1640016877583303E-004   6.2499998603021342E-004   6.2499998603018643E-004
   3.5553384773127884E-004   4.1646452059431978E-004   6.2499998603021342E-004   6.2499998603018643E-004
   3.5163823973263092E-004   4.1418875136287796E-004   6.2499998603021342E-004   6.2499998603018643E-004
   3.4567396294332654E-004   4.1094063652987074E-004   6.2499998603021342E-004   6.2499998603018643E-004
   3.4157790574285065E-004   4.0920525431798474E-004   6.2499998603021342E-004   6.2499998603018643E-004
   3.4495101124415440E-004   4.1223069292649166E-004   6.2499998603021342E-004   6.2499998603018643E-004
   3.6164365711583980E-004   4.2372619057642018E-004   6.2499998603021342E-004   6.2499998603018643E-004
   4.0048747891465743E-004   4.4748431978857751E-004   6.2499998603021342E-004   6.2499998603018643E-004
   4.7221840189941365E-004   4.8784701921669119E-004   6.2499998603021342E-004   6.2499998603018643E-004
   5.8642255564672163E-004   5.4879181008777656E-004   6.2499998603021342E-004   6.2499998603018643E-004
   7.4414739107881312E-004   6.3214665309777648E-004   6.2499998603021342E-004   6.2499998603018643E-004
   9.3015608737369738E-004   7.3431864213375348E-004   6.2499998603021342E-004   6.2499998603018643E-004
   1.1132399881973645E-003   8.4427876074568689E-004   6.2499998603021342E-004   6.2499998603018643E-004
   1.2583005317369916E-003   9.4589082932292675E-004   6.2499998603021342E-004   6.2499998603018643E-004
   1.3428650500300384E-003   1.0242839995181546E-003   6.2499998603021342E-004   6.2499998603018643E-004
   1.3724516495981361E-003   1.0726407047012625E-003   6.2499998603021342E-004   6.2499998603018643E-004
   1.3751050881310089E-003   1.0939431983264969E-003   6.2499998603021342E-004   6.2499998603018643E-004
   1.3230251529587904E-003   1.1318089344877628E-003   6.2499998603021342E-004   6.2499998603018643E-004
   1.3378306518952085E-003   1.1290994204596989E-003   6.2499998603021342E-004   6.2499998603018643E-004
   1.3680965858960676E-003   1.1131397034450997E-003   6.2499998603021342E-004   6.2499998603018643E-004
   1.3720084683656987E-003   1.0689783586104150E-003   6.2499998603021342E-004   6.2499998603018643E-004
   1.3091609478311859E-003   9.8970857289316602E-004   6.2499998603021342E-004   6.2499998603018643E-004
   1.1720268565923841E-003   8.8325258590648214E-004   6.2499998603021342E-004   6.2499998603018643E-004
   9.8691621606028491E-004   7.6708693496986796E-004   6.2499998603021342E-004   6.2499998603018643E-004
   7.9462872068977069E-004   6.5894585666413251E-004   6.2499998603021342E-004   6.2499998603018643E-004
   6.2820085175701484E-004   5.7046825334700622E-004   6.2499998603021342E-004   6.2499998603018643E-004
   5.0452404605253582E-004   5.0525254244141403E-004   6.2499998603021342E-004   6.2499998603018643E-004
   4.2419660737208302E-004   4.6113938966843370E-004   6.2499998603021342E-004   6.2499998603018643E-004
   3.7772861807914827E-004   4.3373897296625094E-004   6.2499998603021342E-004   6.2499998603018643E-004
   3.5367094309656075E-004   4.1850874332504214E-004   6.2499998603021342E-004   6.2499998603018643E-004
   3.4367552574320672E-004   4.1152607771400315E-004   6.2499998603021342E-004   6.2499998603018643E-004
   3.4144559773028238E-004   4.0932598678783828E-004   6.2499998603021342E-004   6.2499998603018643E-004
   3.4209203685332150E-004   4.0922462736877328E-004   6.2499998603021342E-004   6.2499998603018643E-004
   3.4265314994935453E-004   4.0941655233935113E-004   6.2499998603021342E-004   6.2499998603018643E-004
   3.4211816939427246E-004   4.0923716629278316E-004   6.2499998603021342E-004   6.2499998603018643E-004
   3.4141816702912227E-004   4.0928707589795539E-004   6.2499998603021342E-004   6.2499998603018643E-004
   3.4342277109656482E-004   4.1131612849436982E-004   6.2499998603021342E-004   6.2499998603018643E-004
   3.5294067051876995E-004   4.1797950913764406E-004   6.2499998603021342E-004   6.2499998603018643E-004
   3.7600438674471903E-004   4.3271233914865179E-004   6.2499998603021342E-004   6.2499998603018643E-004
   4.2102875248423854E-004   4.5938837362465338E-004   6.2499998603021342E-004   6.2499998603018643E-004
   4.9945004082904340E-004   5.0254604188463691E-004   6.2499998603021342E-004   6.2499998603018643E-004
   6.2090888594410376E-004   5.6661415255271754E-004   6.2499998603021342E-004   6.2499998603018643E-004
   7.8541595168739363E-004   6.5394479628789332E-004   6.2499998603021342E-004   6.2499998603018643E-004
   9.7710557653173276E-004   7.6130330914984056E-004   6.2499998603021342E-004   6.2499998603018643E-004
   1.1636295085687540E-003   8.7744493565090225E-004   6.2499998603021342E-004   6.2499998603018643E-004
   1.3041702983080598E-003   9.8484417273759129E-004   6.2499998603021342E-004   6.2499998603018643E-004
   1.3709889557603184E-003   1.0657881853881983E-003   6.2499998603021342E-004   6.2499998603018643E-004
   1.3694835527860009E-003   1.1116877377717231E-003   6.2499998603021342E-004   6.2499998603018643E-004
   1.3393458749209224E-003   1.1287267259886230E-003   6.2499998603021342E-004   6.2499998603018643E-004
   1.1999471159316172E-003   1.1190243590875643E-003   6.2499998603021342E-004   6.2499998603018643E-004
   1.2539461494614620E-003   1.1299509079678383E-003   6.2499998603021342E-004   6.2499998603018643E-004
   1.3312995476088350E-003   1.1312843911612945E-003   6.2499998603021342E-004   6.2499998603018643E-004
   1.3764371473396493E-003   1.0981791294942384E-003   6.2499998603021342E-004   6.2499998603018643E-004
   1.3411349258509063E-003   1.0219388752880805E-003   6.2499998603021342E-004   6.2499998603018643E-004
   1.2162392576809671E-003   9.1406868114394743E-004   6.2499998603021342E-004   6.2499998603018643E-004
   1.0349561287920975E-003   7.9517453002977110E-004   6.2499998603021342E-004   6.2499998603018643E-004
   8.4219742019441468E-004   6.8432517675126776E-004   6.2499998603021342E-004   6.2499998603018643E-004
   6.7194874052660251E-004   5.9325968266370232E-004   6.2499998603021342E-004   6.2499998603018643E-004
   5.4245431698167360E-004   5.2539471149413975E-004   6.2499998603021342E-004   6.2499998603018643E-004
   4.5506656355817052E-004   4.7848640060067825E-004   6.2499998603021342E-004   6.2499998603018643E-004
   4.0152784974875746E-004   4.4809821606596115E-004   6.2499998603021342E-004   6.2499998603018643E-004
   3.7096242377212505E-004   4.2976761777555950E-004   6.2499998603021342E-004   6.2499998603018643E-004
   3.5527013070163743E-004   4.1963393331715228E-004   6.2499998603021342E-004   6.2499998603018643E-004
   3.4808739133661049E-004   4.1465230783702947E-004   6.2499998603021342E-004   6.2499998603018643E-004
   3.4544300822501124E-004   4.1270747587669813E-004   6.2499998603021342E-004   6.2499998603018643E-004
   3.4537099174628943E-004   4.1266450963391691E-004   6.2499998603021342E-004   6.2499998603018643E-004
   3.4783597819285094E-004   4.1449411746367188E-004   6.2499998603021342E-004   6.2499998603018643E-004
   3.5472151739668507E-004   4.1927426806722664E-004   6.2499998603021342E-004   6.2499998603018643E-004
   3.6993206603152829E-004   4.2907767181891369E-004   6.2499998603021342E-004   6.2499998603018643E-004
   3.9952424830098752E-004   4.4691713968354925E-004   6.2499998603021342E-004   6.2499998603018643E-004
   4.5148952263824151E-004   4.7659386064638330E-004   6.2499998603021342E-004   6.2499998603018643E-004
   5.3688312739598898E-004   5.2255446215207426E-004   6.2499998603021342E-004   6.2499998603018643E-004
   6.6420085158690537E-004   5.8927739067032305E-004   6.2499998603021342E-004   6.2499998603018643E-004
   8.3273494548219635E-004   6.7919936678860991E-004   6.2499998603021342E-004   6.2499998603018643E-004
   1.0250995248393508E-003   7.8926443115117349E-004   6.2499998603021342E-004   6.2499998603018643E-004
   1.2080869549855834E-003   9.0814919043133739E-004   6.2499998603021342E-004   6.2499998603018643E-004
   1.3369358691952377E-003   1.0170862655990048E-003   6.2499998603021342E-004   6.2499998603018643E-004
   1.3771480315862405E-003   1.0953287741621090E-003   6.2499998603021342E-004   6.2499998603018643E-004
   1.3350583109255577E-003   1.1305891280418805E-003   6.2499998603021342E-004   6.2499998603018643E-004
   1.2577658081097177E-003   1.1304800136044148E-003   6.2499998603021342E-004   6.2499998603018643E-004
   1.2015083750534213E-003   1.1194103006373737E-003   6.2499998603021342E-004   6.2499998603018643E-004
   1.0087364966318783E-003   1.0472835152532068E-003   6.2499998603021342E-004   6.2499998603018643E-004
   1.0468906341881594E-003   1.0647718243324143E-003   6.2499998603021342E-004   6.2499998603018643E-004
   1.1511491256685170E-003   1.1049827885887969E-003   6.2499998603021342E-004   6.2499998603018643E-004
   1.2782092720598642E-003   1.1331785796423837E-003   6.2499998603021342E-004   6.2499998603018643E-004
   1.3663418336688040E-003   1.1170722350783958E-003   6.2499998603021342E-004   6.2499998603018643E-004
   1.3622680007160110E-003   1.0488544436087462E-003   6.2499998603021342E-004   6.2499998603018643E-004
   1.2566044641891564E-003   9.4419582436449506E-004   6.2499998603021342E-004   6.2499998603018643E-004
   1.0867756627064304E-003   8.2658185005176591E-004   6.2499998603021342E-004   6.2499998603018643E-004
   8.9936536410313778E-004   7.1589476627587762E-004   6.2499998603021342E-004   6.2499998603018643E-004
   7.2960582787520993E-004   6.2377330082822669E-004   6.2499998603021342E-004   6.2499998603018643E-004
   5.9604824168164384E-004   5.5379278775451104E-004   6.2499998603021342E-004   6.2499998603018643E-004
   5.0182012467306152E-004   5.0415438120357558E-004   6.2499998603021342E-004   6.2499998603018643E-004
   4.4081830797711456E-004   4.7081450748440244E-004   6.2499998603021342E-004   6.2499998603018643E-004
   4.0371153651207398E-004   4.4963355185279242E-004   6.2499998603021342E-004   6.2499998603018643E-004
   3.8288171173923180E-004   4.3704940173247336E-004   6.2499998603021342E-004   6.2499998603018643E-004
   3.7244420372991866E-004   4.3051387923697618E-004   6.2499998603021342E-004   6.2499998603018643E-004
   3.6919457873756285E-004   4.2845071750524259E-004   6.2499998603021342E-004   6.2499998603018643E-004
   3.7209850778611742E-004   4.3031190534953645E-004   6.2499998603021342E-004   6.2499998603018643E-004
   3.8212626452402247E-004   4.3658956798965957E-004   6.2499998603021342E-004   6.2499998603018643E-004
   4.0240948061457451E-004   4.4881045705293121E-004   6.2499998603021342E-004   6.2499998603018643E-004
   4.3857350394058527E-004   4.6948370120059279E-004   6.2499998603021342E-004   6.2499998603018643E-004
   4.9792833694159975E-004   5.0211934499014093E-004   6.2499998603021342E-004   6.2499998603018643E-004
   5.9012216612999539E-004   5.5083125661846302E-004   6.2499998603021342E-004   6.2499998603018643E-004
   7.2154282820644834E-004   6.1971259331590695E-004   6.2499998603021342E-004   6.2499998603018643E-004
   8.8977790872084165E-004   7.1075020405843780E-004   6.2499998603021342E-004   6.2499998603018643E-004
   1.0771430122460733E-003   8.2071843202037034E-004   6.2499998603021342E-004   6.2499998603018643E-004
   1.2491055893007732E-003   9.3839141951317204E-004   6.2499998603021342E-004   6.2499998603018643E-004
   1.3592338648620824E-003   1.0442525972606809E-003   6.2499998603021342E-004   6.2499998603018643E-004
   1.3687563674544896E-003   1.1148227564856368E-003   6.2499998603021342E-004   6.2499998603018643E-004
   1.2843056291702642E-003   1.1336136980240694E-003   6.2499998603021342E-004   6.2499998603018643E-004
   1.1575693167190666E-003   1.1070261720484136E-003   6.2499998603021342E-004   6.2499998603018643E-004
   1.0508380290779283E-003   1.0665018460100917E-003   6.2499998603021342E-004   6.2499998603018643E-004
   8.1527188246404325E-004   9.4127607745052007E-004   6.2499998603021342E-004   6.2499998603018643E-004
   9.0211966572820244E-004   9.9208910125197559E-004   6.2499998603021342E-004   6.2499998603018643E-004
   1.0535078679651817E-003   1.0677205615528546E-003   6.2499998603021342E-004   6.2499998603018643E-004
   1.2221406775414347E-003   1.1247359230485419E-003   6.2499998603021342E-004   6.2499998603018643E-004
   1.3467203512353447E-003   1.1281652272674280E-003   6.2499998603021342E-004   6.2499998603018643E-004
   1.3744387160838066E-003   1.0723628551689110E-003   6.2499998603021342E-004   6.2499998603018643E-004
   1.2956039653247969E-003   9.7609961258546198E-004   6.2499998603021342E-004   6.2499998603018643E-004
   1.1460043019726424E-003   8.6451723864033219E-004   6.2499998603021342E-004   6.2499998603018643E-004
   9.7182556901031266E-004   7.5740422787029451E-004   6.2499998603021342E-004   6.2499998603018643E-004
   8.0829086722909076E-004   6.6623402026623534E-004   6.2499998603021342E-004   6.2499998603018643E-004
   6.7415388994053905E-004   5.9508588586693013E-004   6.2499998603021342E-004   6.2499998603018643E-004
   5.7465991371864690E-004   5.4310245913979688E-004   6.2499998603021342E-004   6.2499998603018643E-004
   5.0695731583294849E-004   5.0710680421122453E-004   6.2499998603021342E-004   6.2499998603018643E-004
   4.6379748975317975E-004   4.8358653639508329E-004   6.2499998603021342E-004   6.2499998603018643E-004
   4.3896890592801601E-004   4.6954158319968827E-004   6.2499998603021342E-004   6.2499998603018643E-004
   4.2758240056975480E-004   4.6297534037154347E-004   6.2499998603021342E-004   6.2499998603018643E-004
   4.2729830101022900E-004   4.6281872393946348E-004   6.2499998603021342E-004   6.2499998603018643E-004
   4.3809943598687600E-004   4.6904380278897553E-004   6.2499998603021342E-004   6.2499998603018643E-004
   4.6225478584643772E-004   4.8266903169622911E-004   6.2499998603021342E-004   6.2499998603018643E-004
   5.0446396084749903E-004   5.0564455012059109E-004   6.2499998603021342E-004   6.2499998603018643E-004
   5.7058185732892965E-004   5.4093627294694890E-004   6.2499998603021342E-004   6.2499998603018643E-004
   6.6811296801080227E-004   5.9203005729864956E-004   6.2499998603021342E-004   6.2499998603018643E-004
   8.0034130048869327E-004   6.6216273871819381E-004   6.2499998603021342E-004   6.2499998603018643E-004
   9.6251871222269693E-004   7.5237073013767345E-004   6.2499998603021342E-004   6.2499998603018643E-004
   1.1369086505302599E-003   8.5889608259100733E-004   6.2499998603021342E-004   6.2499998603018643E-004
   1.2890592521821709E-003   9.7066716421226080E-004   6.2499998603021342E-004   6.2499998603018643E-004
   1.3727962311412699E-003   1.0682779429539708E-003   6.2499998603021342E-004   6.2499998603018643E-004
   1.3507833088668444E-003   1.1266911433451140E-003   6.2499998603021342E-004   6.2499998603018643E-004
   1.2300787551859948E-003   1.1263896183159778E-003   6.2499998603021342E-004   6.2499998603018643E-004
   1.0621565174318379E-003   1.0714324795188523E-003   6.2499998603021342E-004   6.2499998603018643E-004
   9.0854905720367889E-004   9.9566105150595565E-004   6.2499998603021342E-004   6.2499998603018643E-004
   8.1763139421566411E-004   9.4272052237148263E-004   6.2499998603021342E-004   6.2499998603018643E-004
   6.4669847715843063E-004   8.3024539898654234E-004   6.2499998603021342E-004   6.2499998603018643E-004
   7.6175527786301333E-004   9.0750571865900933E-004   6.2499998603021342E-004   6.2499998603018643E-004
   9.6064675946193714E-004   1.0235419773149416E-003   6.2499998603021342E-004   6.2499998603018643E-004
   1.1800496071287334E-003   1.1141309006899296E-003   6.2499998603021342E-004   6.2499998603018643E-004
   1.3395466270779964E-003   1.1302059103332699E-003   6.2499998603021342E-004   6.2499998603018643E-004
   1.3738264322805430E-003   1.0697576757276229E-003   6.2499998603021342E-004   6.2499998603018643E-004
   1.2827451796400837E-003   9.6456038516743478E-004   6.2499998603021342E-004   6.2499998603018643E-004
   1.1209295663069984E-003   8.4837170323737274E-004   6.2499998603021342E-004   6.2499998603018643E-004
   9.4633977254712516E-004   7.4322424181863392E-004   6.2499998603021342E-004   6.2499998603018643E-004
   7.9426083375104756E-004   6.5913947369488832E-004   6.2499998603021342E-004   6.2499998603018643E-004
   6.7847203748282745E-004   5.9773209774173486E-004   6.2499998603021342E-004   6.2499998603018643E-004
   6.0035745590031916E-004   5.5636034474330735E-004   6.2499998603021342E-004   6.2499998603018643E-004
   5.5303562983543067E-004   5.3124537941828733E-004   6.2499998603021342E-004   6.2499998603018643E-004
   5.3090598841632646E-004   5.1937110464775750E-004   6.2499998603021342E-004   6.2499998603018643E-004
   5.3044648042869949E-004   5.1912086882448174E-004   6.2499998603021342E-004   6.2499998603018643E-004
   5.5163939706366594E-004   5.3045985774435693E-004   6.2499998603021342E-004   6.2499998603018643E-004
   5.9788652292309691E-004   5.5492917709201056E-004   6.2499998603021342E-004   6.2499998603018643E-004
   6.7441064811139004E-004   5.9551325947136235E-004   6.2499998603021342E-004   6.2499998603018643E-004
   7.8823995010588398E-004   6.5596633625763568E-004   6.2499998603021342E-004   6.2499998603018643E-004
   9.3864322393780533E-004   7.3903977835606757E-004   6.2499998603021342E-004   6.2499998603018643E-004
   1.1125428783528651E-003   8.4339371874183656E-004   6.2499998603021342E-004   6.2499998603018643E-004
   1.2759345415774574E-003   9.5947437821892740E-004   6.2499998603021342E-004   6.2499998603018643E-004
   1.3717206291413342E-003   1.0658122348980654E-003   6.2499998603021342E-004   6.2499998603018643E-004
   1.3437999195597839E-003   1.1290144083174563E-003   6.2499998603021342E-004   6.2499998603018643E-004
   1.1889457900824390E-003   1.1166354343991049E-003   6.2499998603021342E-004   6.2499998603018643E-004
   9.7049733824671619E-004   1.0285836039445851E-003   6.2499998603021342E-004   6.2499998603018643E-004
   7.6917178022309200E-004   9.1226132219933008E-004   6.2499998603021342E-004   6.2499998603018643E-004
   6.4943397438116922E-004   8.3215486018341299E-004   6.2499998603021342E-004   6.2499998603018643E-004
   5.5078278851544205E-004   7.6095559596299185E-004   6.2499998603021342E-004   6.2499998603018643E-004
   6.9491622922874911E-004   8.6320525770119396E-004   6.2499998603021342E-004   6.2499998603018643E-004
   9.3759781739221736E-004   1.0114218962037674E-003   6.2499998603021342E-004   6.2499998603018643E-004
   1.1926042631306062E-003   1.1172396501889655E-003   6.2499998603021342E-004   6.2499998603018643E-004
   1.3549801551728401E-003   1.1241453872410602E-003   6.2499998603021342E-004   6.2499998603018643E-004
   1.3614786273476668E-003   1.0466316918735473E-003   6.2499998603021342E-004   6.2499998603018643E-004
   1.2416275959468250E-003   9.3221006173894083E-004   6.2499998603021342E-004   6.2499998603018643E-004
   1.0736599047833099E-003   8.1899099908735453E-004   6.2499998603021342E-004   6.2499998603018643E-004
   9.1632294020291120E-004   7.2640441821402596E-004   6.2499998603021342E-004   6.2499998603018643E-004
   7.9575468531789323E-004   6.5996228836854079E-004   6.2499998603021342E-004   6.2499998603018643E-004
   7.1864505027382662E-004   6.1831942974497473E-004   6.2499998603021342E-004   6.2499998603018643E-004
   6.8111261751277843E-004   5.9844855706493857E-004   6.2499998603021342E-004   6.2499998603018643E-004
   6.8047352162933740E-004   5.9808683854741473E-004   6.2499998603021342E-004   6.2499998603018643E-004
   7.1669801212586020E-004   6.1718949474129012E-004   6.2499998603021342E-004   6.2499998603018643E-004
   7.9227627499022489E-004   6.5795862691956297E-004   6.2499998603021342E-004   6.2499998603018643E-004
   9.1102634812394124E-004   7.2341023197797889E-004   6.2499998603021342E-004   6.2499998603018643E-004
   1.0669924906474874E-003   8.1504759845080611E-004   6.2499998603021342E-004   6.2499998603018643E-004
   1.2351517859173168E-003   9.2773690948465314E-004   6.2499998603021342E-004   6.2499998603018643E-004
   1.3581445717758070E-003   1.0426948891283218E-003   6.2499998603021342E-004   6.2499998603018643E-004
   1.3577307598198972E-003   1.1225073442973660E-003   6.2499998603021342E-004   6.2499998603018643E-004
   1.2008827330365305E-003   1.1194505077744392E-003   6.2499998603021342E-004   6.2499998603018643E-004
   9.4767374735844163E-004   1.0167654455749081E-003   6.2499998603021342E-004   6.2499998603018643E-004
   7.0278901553455400E-004   8.6852293203516047E-004   6.2499998603021342E-004   6.2499998603018643E-004
   5.5372588912855532E-004   7.6313143823257632E-004   6.2499998603021342E-004   6.2499998603018643E-004
   5.3891136880853123E-004   7.5180628620493892E-004   6.2499998603021342E-004   6.2499998603018643E-004
   7.1355690348562449E-004   8.7533921002716833E-004   6.2499998603021342E-004   6.2499998603018643E-004
   9.9337093567049652E-004   1.0392332291819845E-003   6.2499998603021342E-004   6.2499998603018643E-004
   1.2545801320300711E-003   1.1291844044100062E-003   6.2499998603021342E-004   6.2499998603018643E-004
   1.3745893882858755E-003   1.1019800725578122E-003   6.2499998603021342E-004   6.2499998603018643E-004
   1.3231576481617844E-003   1.0021995856601942E-003   6.2499998603021342E-004   6.2499998603018643E-004
   1.1805176151599935E-003   8.8838133447944061E-004   6.2499998603021342E-004   6.2499998603018643E-004
   1.0334122441417529E-003   7.9399586596367547E-004   6.2499998603021342E-004   6.2499998603018643E-004
   9.2443551179716187E-004   7.3070040362769944E-004   6.2499998603021342E-004   6.2499998603018643E-004
   8.6871184584666917E-004   6.9931355281544134E-004   6.2499998603021342E-004   6.2499998603018643E-004
   8.6792962483148205E-004   6.9883484053801382E-004   6.2499998603021342E-004   6.2499998603018643E-004
   9.2206762618729152E-004   7.2923269941037674E-004   6.2499998603021342E-004   6.2499998603018643E-004
   1.0294230383298178E-003   7.9149569030671080E-004   6.2499998603021342E-004   6.2499998603018643E-004
   1.1755034320651157E-003   8.8500150653640999E-004   6.2499998603021342E-004   6.2499998603018643E-004
   1.3191533864004843E-003   9.9858386983994914E-004   6.2499998603021342E-004   6.2499998603018643E-004
   1.3749243613670090E-003   1.0996085276259227E-003   6.2499998603021342E-004   6.2499998603018643E-004
   1.2607802515774986E-003   1.1300692844599964E-003   6.2499998603021342E-004   6.2499998603018643E-004
   1.0025867465293184E-003   1.0437310099363454E-003   6.2499998603021342E-004   6.2499998603018643E-004
   7.2133711417494886E-004   8.8052664177813928E-004   6.2499998603021342E-004   6.2499998603018643E-004
   5.4190287811610688E-004   7.5403691091500383E-004   6.2499998603021342E-004   6.2499998603018643E-004
   6.0934835480744461E-004   8.0259784661290776E-004   6.2499998603021342E-004   6.2499998603018643E-004
   8.1468676210208295E-004   9.3947638627342174E-004   6.2499998603021342E-004   6.2499998603018643E-004
   1.1138808126519943E-003   1.0897928569633102E-003   6.2499998603021342E-004   6.2499998603018643E-004
   1.3335780859792827E-003   1.1268969586702108E-003   6.2499998603021342E-004   6.2499998603018643E-004
   1.3635000273121381E-003   1.0537280424327065E-003   6.2499998603021342E-004   6.2499998603018643E-004
   1.2597642921763454E-003   9.4687708830111094E-004   6.2499998603021342E-004   6.2499998603018643E-004
   1.1399376209410865E-003   8.6075496632305362E-004   6.2499998603021342E-004   6.2499998603018643E-004
   1.0692121342587837E-003   8.1563528229103960E-004   6.2499998603021342E-004   6.2499998603018643E-004
   1.0683727365698892E-003   8.1506016941747467E-004   6.2499998603021342E-004   6.2499998603018643E-004
   1.1375583059725011E-003   8.5905860338488698E-004   6.2499998603021342E-004   6.2499998603018643E-004
   1.2566135435093711E-003   9.4430565436759960E-004   6.2499998603021342E-004   6.2499998603018643E-004
   1.3618798004214445E-003   1.0511434233941540E-003   6.2499998603021342E-004   6.2499998603018643E-004
   1.3365602212699369E-003   1.1261215205237113E-003   6.2499998603021342E-004   6.2499998603018643E-004
   1.1210616150007370E-003   1.0924269289522466E-003   6.2499998603021342E-004   6.2499998603018643E-004
   8.2178075369178545E-004   9.4380798007893322E-004   6.2499998603021342E-004   6.2499998603018643E-004
   6.1224193366764745E-004   8.0467008333092989E-004   6.2499998603021342E-004   6.2499998603018643E-004
   7.4637909222687710E-004   8.9666695037023342E-004   6.2499998603021342E-004   6.2499998603018643E-004
   9.8287214043951080E-004   1.0321829002302144E-003   6.2499998603021342E-004   6.2499998603018643E-004
   1.2609407518299040E-003   1.1249364189153501E-003   6.2499998603021342E-004   6.2499998603018643E-004
   1.3671872027492659E-003   1.0855287487985515E-003   6.2499998603021342E-004   6.2499998603018643E-004
   1.3114273492522870E-003   9.9462034277302967E-004   6.2499998603021342E-004   6.2499998603018643E-004
   1.2423272323798286E-003   9.3407410877827633E-004   6.2499998603021342E-004   6.2499998603018643E-004
   1.2415978043872743E-003   9.3346510359951424E-004   6.2499998603021342E-004   6.2499998603018643E-004
   1.3099185255906480E-003   9.9302355185486714E-004   6.2499998603021342E-004   6.2499998603018643E-004
   1.3672022407519376E-003   1.0839413547235495E-003   6.2499998603021342E-004   6.2499998603018643E-004
   1.2648950302225250E-003   1.1253238749700275E-003   6.2499998603021342E-004   6.2499998603018643E-004
   9.8854997517986180E-004   1.0349527084769041E-003   6.2499998603021342E-004   6.2499998603018643E-004
   7.4901094625058129E-004   8.9837069621295047E-004   6.2499998603021342E-004   6.2499998603018643E-004
   9.3469531920440470E-004   1.0078707873682196E-003   6.2499998603021342E-004   6.2499998603018643E-004
   1.1890947742309063E-003   1.1101827943213508E-003   6.2499998603021342E-004   6.2499998603018643E-004
   1.3536376286089813E-003   1.1032963702374901E-003   6.2499998603021342E-004   6.2499998603018643E-004
   1.3473472717317303E-003   1.0408772913742858E-003   6.2499998603021342E-004   6.2499998603018643E-004
   1.3470253868784303E-003   1.0403553774181286E-003   6.2499998603021342E-004   6.2499998603018643E-004
   1.3542778935067435E-003   1.1025125454423548E-003   6.2499998603021342E-004   6.2499998603018643E-004
   1.1923903287246332E-003   1.1109868607648760E-003   6.2499998603021342E-004   6.2499998603018643E-004
   9.3686722198258745E-004   1.0090088376748924E-003   6.2499998603021342E-004   6.2499998603018643E-004
   1.1507110839135649E-003   1.0993159703525193E-003   6.2499998603021342E-004   6.2499998603018643E-004
   1.3371806642264016E-003   1.1134415343666795E-003   6.2499998603021342E-004   6.2499998603018643E-004
   1.3375945793147484E-003   1.1132256947031802E-003   6.2499998603021342E-004   6.2499998603018643E-004
   1.1521065665684193E-003   1.0997409576273245E-003   6.2499998603021342E-004   6.2499998603018643E-004
