   0.0000000000000000        0.0000000000000000        6.2499998603016398E-004   6.2499998603014891E-004
   0.0000000000000000        0.0000000000000000        6.2499998603016398E-004   6.2499998603014891E-004
   0.0000000000000000        0.0000000000000000        6.2499998603016398E-004   6.2499998603014891E-004
   0.0000000000000000        0.0000000000000000        6.2499998603016398E-004   6.2499998603014891E-004
   0.0000000000000000        0.0000000000000000        6.2499998603016398E-004   6.2499998603014891E-004
   0.0000000000000000        0.0000000000000000        6.2499998603016398E-004   6.2499998603014891E-004
   0.0000000000000000        0.0000000000000000        6.2499998603016398E-004   6.2499998603014891E-004
   0.0000000000000000        0.0000000000000000        6.2499998603016398E-004   6.2499998603014891E-004
   0.0000000000000000        0.0000000000000000        6.2499998603016398E-004   6.2499998603014891E-004
   0.0000000000000000        0.0000000000000000        6.2499998603016398E-004   6.2499998603014891E-004
   0.0000000000000000        0.0000000000000000        6.2499998603016398E-004   6.2499998603014891E-004
   0.0000000000000000        0.0000000000000000        6.2499998603016398E-004   6.2499998603014891E-004
   0.0000000000000000        0.0000000000000000        6.2499998603016398E-004   6.2499998603014891E-004
   0.0000000000000000        0.0000000000000000        6.2499998603016398E-004   6.2499998603014891E-004
   0.0000000000000000        0.0000000000000000        6.2499998603016398E-004   6.2499998603014891E-004
   0.0000000000000000        0.0000000000000000        6.2499998603016398E-004   6.2499998603014891E-004
   0.0000000000000000        0.0000000000000000        6.2499998603016398E-004   6.2499998603014891E-004
   0.0000000000000000        0.0000000000000000        6.2499998603016398E-004   6.2499998603014891E-004
   0.0000000000000000        0.0000000000000000        6.2499998603016398E-004   6.2499998603014891E-004
   0.0000000000000000        0.0000000000000000        6.2499998603016398E-004   6.2499998603014891E-004
   0.0000000000000000        0.0000000000000000        6.2499998603016398E-004   6.2499998603014891E-004
   0.0000000000000000        0.0000000000000000        6.2499998603016398E-004   6.2499998603014891E-004
   0.0000000000000000        0.0000000000000000        6.2499998603016398E-004   6.2499998603014891E-004
   0.0000000000000000        0.0000000000000000        6.2499998603016398E-004   6.2499998603014891E-004
   0.0000000000000000        0.0000000000000000        6.2499998603016398E-004   6.2499998603014891E-004
   0.0000000000000000        0.0000000000000000        6.2499998603016398E-004   6.2499998603014891E-004
   0.0000000000000000        0.0000000000000000        6.2499998603016398E-004   6.2499998603014891E-004
   0.0000000000000000        0.0000000000000000        6.2499998603016398E-004   6.2499998603014891E-004
   0.0000000000000000        0.0000000000000000        6.2499998603016398E-004   6.2499998603014891E-004
   0.0000000000000000        0.0000000000000000        6.2499998603016398E-004   6.2499998603014891E-004
   0.0000000000000000        0.0000000000000000        6.2499998603016398E-004   6.2499998603014891E-004
   0.0000000000000000        0.0000000000000000        6.2499998603016398E-004   6.2499998603014891E-004
   0.0000000000000000        0.0000000000000000        6.2499998603016398E-004   6.2499998603014891E-004
   0.0000000000000000        0.0000000000000000        6.2499998603016398E-004   6.2499998603014891E-004
   0.0000000000000000        0.0000000000000000        6.2499998603016398E-004   6.2499998603014891E-004
   0.0000000000000000        0.0000000000000000        6.2499998603016398E-004   6.2499998603014891E-004
   0.0000000000000000        0.0000000000000000        6.2499998603016398E-004   6.2499998603014891E-004
   0.0000000000000000        0.0000000000000000        6.2499998603016398E-004   6.2499998603014891E-004
   0.0000000000000000        0.0000000000000000        6.2499998603016398E-004   6.2499998603014891E-004
   0.0000000000000000        0.0000000000000000        6.2499998603016398E-004   6.2499998603014891E-004
   0.0000000000000000        0.0000000000000000        6.2499998603016398E-004   6.2499998603014891E-004
   0.0000000000000000        0.0000000000000000        6.2499998603016398E-004   6.2499998603014891E-004
   0.0000000000000000        0.0000000000000000        6.2499998603016398E-004   6.2499998603014891E-004
   0.0000000000000000        0.0000000000000000        6.2499998603016398E-004   6.2499998603014891E-004
   0.0000000000000000        0.0000000000000000        6.2499998603016398E-004   6.2499998603014891E-004
   0.0000000000000000        0.0000000000000000        6.2499998603016398E-004   6.2499998603014891E-004
   0.0000000000000000        0.0000000000000000        6.2499998603016398E-004   6.2499998603014891E-004
   0.0000000000000000        0.0000000000000000        6.2499998603016398E-004   6.2499998603014891E-004
   0.0000000000000000        0.0000000000000000        6.2499998603016398E-004   6.2499998603014891E-004
   0.0000000000000000        0.0000000000000000        6.2499998603016398E-004   6.2499998603014891E-004
   0.0000000000000000        0.0000000000000000        6.2499998603016398E-004   6.2499998603014891E-004
   0.0000000000000000        0.0000000000000000        6.2499998603016398E-004   6.2499998603014891E-004
   0.0000000000000000        0.0000000000000000        6.2499998603016398E-004   6.2499998603014891E-004
   0.0000000000000000        0.0000000000000000        6.2499998603016398E-004   6.2499998603014891E-004
   0.0000000000000000        0.0000000000000000        6.2499998603016398E-004   6.2499998603014891E-004
   0.0000000000000000        0.0000000000000000        6.2499998603016398E-004   6.2499998603014891E-004
   0.0000000000000000        0.0000000000000000        6.2499998603016398E-004   6.2499998603014891E-004
   0.0000000000000000        0.0000000000000000        6.2499998603016398E-004   6.2499998603014891E-004
   0.0000000000000000        0.0000000000000000        6.2499998603016398E-004   6.2499998603014891E-004
   0.0000000000000000        0.0000000000000000        6.2499998603016398E-004   6.2499998603014891E-004
   0.0000000000000000        0.0000000000000000        6.2499998603016398E-004   6.2499998603014891E-004
   0.0000000000000000        0.0000000000000000        6.2499998603016398E-004   6.2499998603014891E-004
   0.0000000000000000        0.0000000000000000        6.2499998603016398E-004   6.2499998603014891E-004
   0.0000000000000000        0.0000000000000000        6.2499998603016398E-004   6.2499998603014891E-004
   0.0000000000000000        0.0000000000000000        6.2499998603016398E-004   6.2499998603014891E-004
   0.0000000000000000        0.0000000000000000        6.2499998603016398E-004   6.2499998603014891E-004
   0.0000000000000000        0.0000000000000000        6.2499998603016398E-004   6.2499998603014891E-004
   0.0000000000000000        0.0000000000000000        6.2499998603016398E-004   6.2499998603014891E-004
   0.0000000000000000        0.0000000000000000        6.2499998603016398E-004   6.2499998603014891E-004
   0.0000000000000000        0.0000000000000000        6.2499998603016398E-004   6.2499998603014891E-004
   0.0000000000000000        0.0000000000000000        6.2499998603016398E-004   6.2499998603014891E-004
   0.0000000000000000        0.0000000000000000        6.2499998603016398E-004   6.2499998603014891E-004
   0.0000000000000000        0.0000000000000000        6.2499998603016398E-004   6.2499998603014891E-004
   0.0000000000000000        0.0000000000000000        6.2499998603016398E-004   6.2499998603014891E-004
   0.0000000000000000        0.0000000000000000        6.2499998603016398E-004   6.2499998603014891E-004
   0.0000000000000000        0.0000000000000000        6.2499998603016398E-004   6.2499998603014891E-004
   0.0000000000000000        0.0000000000000000        6.2499998603016398E-004   6.2499998603014891E-004
   0.0000000000000000        0.0000000000000000        6.2499998603016398E-004   6.2499998603014891E-004
   0.0000000000000000        0.0000000000000000        6.2499998603016398E-004   6.2499998603014891E-004
   0.0000000000000000        0.0000000000000000        6.2499998603016398E-004   6.2499998603014891E-004
   0.0000000000000000        0.0000000000000000        6.2499998603016398E-004   6.2499998603014891E-004
   0.0000000000000000        0.0000000000000000        6.2499998603016398E-004   6.2499998603014891E-004
   0.0000000000000000        0.0000000000000000        6.2499998603016398E-004   6.2499998603014891E-004
   0.0000000000000000        0.0000000000000000        6.2499998603016398E-004   6.2499998603014891E-004
   0.0000000000000000        0.0000000000000000        6.2499998603016398E-004   6.2499998603014891E-004
   0.0000000000000000        0.0000000000000000        6.2499998603016398E-004   6.2499998603014891E-004
   0.0000000000000000        0.0000000000000000        6.2499998603016398E-004   6.2499998603014891E-004
   0.0000000000000000        0.0000000000000000        6.2499998603016398E-004   6.2499998603014891E-004
   0.0000000000000000        0.0000000000000000        6.2499998603016398E-004   6.2499998603014891E-004
   0.0000000000000000        0.0000000000000000        6.2499998603016398E-004   6.2499998603014891E-004
   0.0000000000000000        0.0000000000000000        6.2499998603016398E-004   6.2499998603014891E-004
   0.0000000000000000        0.0000000000000000        6.2499998603016398E-004   6.2499998603014891E-004
   0.0000000000000000        0.0000000000000000        6.2499998603016398E-004   6.2499998603014891E-004
   0.0000000000000000        0.0000000000000000        6.2499998603016398E-004   6.2499998603014891E-004
   0.0000000000000000        0.0000000000000000        6.2499998603016398E-004   6.2499998603014891E-004
   0.0000000000000000        0.0000000000000000        6.2499998603016398E-004   6.2499998603014891E-004
   0.0000000000000000        0.0000000000000000        6.2499998603016398E-004   6.2499998603014891E-004
   0.0000000000000000        0.0000000000000000        6.2499998603016398E-004   6.2499998603014891E-004
   0.0000000000000000        0.0000000000000000        6.2499998603016398E-004   6.2499998603014891E-004
   0.0000000000000000        0.0000000000000000        6.2499998603016398E-004   6.2499998603014891E-004
   0.0000000000000000        0.0000000000000000        6.2499998603016398E-004   6.2499998603014891E-004
   0.0000000000000000        0.0000000000000000        6.2499998603016398E-004   6.2499998603014891E-004
   0.0000000000000000        0.0000000000000000        6.2499998603016398E-004   6.2499998603014891E-004
   0.0000000000000000        0.0000000000000000        6.2499998603016398E-004   6.2499998603014891E-004
   0.0000000000000000        0.0000000000000000        6.2499998603016398E-004   6.2499998603014891E-004
   0.0000000000000000        0.0000000000000000        6.2499998603016398E-004   6.2499998603014891E-004
   0.0000000000000000        0.0000000000000000        6.2499998603016398E-004   6.2499998603014891E-004
   0.0000000000000000        0.0000000000000000        6.2499998603016398E-004   6.2499998603014891E-004
   0.0000000000000000        0.0000000000000000        6.2499998603016398E-004   6.2499998603014891E-004
   0.0000000000000000        0.0000000000000000        6.2499998603016398E-004   6.2499998603014891E-004
   0.0000000000000000        0.0000000000000000        6.2499998603016398E-004   6.2499998603014891E-004
   0.0000000000000000        0.0000000000000000        6.2499998603016398E-004   6.2499998603014891E-004
   0.0000000000000000        0.0000000000000000        6.2499998603016398E-004   6.2499998603014891E-004
   0.0000000000000000        0.0000000000000000        6.2499998603016398E-004   6.2499998603014891E-004
   0.0000000000000000        0.0000000000000000        6.2499998603016398E-004   6.2499998603014891E-004
   0.0000000000000000        0.0000000000000000        6.2499998603016398E-004   6.2499998603014891E-004
   0.0000000000000000        0.0000000000000000        6.2499998603016398E-004   6.2499998603014891E-004
   0.0000000000000000        0.0000000000000000        6.2499998603016398E-004   6.2499998603014891E-004
   0.0000000000000000        0.0000000000000000        6.2499998603016398E-004   6.2499998603014891E-004
   0.0000000000000000        0.0000000000000000        6.2499998603016398E-004   6.2499998603014891E-004
   0.0000000000000000        0.0000000000000000        6.2499998603016398E-004   6.2499998603014891E-004
   0.0000000000000000        0.0000000000000000        6.2499998603016398E-004   6.2499998603014891E-004
   0.0000000000000000        0.0000000000000000        6.2499998603016398E-004   6.2499998603014891E-004
   0.0000000000000000        0.0000000000000000        6.2499998603016398E-004   6.2499998603014891E-004
   0.0000000000000000        0.0000000000000000        6.2499998603016398E-004   6.2499998603014891E-004
   0.0000000000000000        0.0000000000000000        6.2499998603016398E-004   6.2499998603014891E-004
   0.0000000000000000        0.0000000000000000        6.2499998603016398E-004   6.2499998603014891E-004
   0.0000000000000000        0.0000000000000000        6.2499998603016398E-004   6.2499998603014891E-004
   0.0000000000000000        0.0000000000000000        6.2499998603016398E-004   6.2499998603014891E-004
   0.0000000000000000        0.0000000000000000        6.2499998603016398E-004   6.2499998603014891E-004
   0.0000000000000000        0.0000000000000000        6.2499998603016398E-004   6.2499998603014891E-004
   0.0000000000000000        0.0000000000000000        6.2499998603016398E-004   6.2499998603014891E-004
   0.0000000000000000        0.0000000000000000        6.2499998603016398E-004   6.2499998603014891E-004
   0.0000000000000000        0.0000000000000000        6.2499998603016398E-004   6.2499998603014891E-004
   0.0000000000000000        0.0000000000000000        6.2499998603016398E-004   6.2499998603014891E-004
   0.0000000000000000        0.0000000000000000        6.2499998603016398E-004   6.2499998603014891E-004
   0.0000000000000000        0.0000000000000000        6.2499998603016398E-004   6.2499998603014891E-004
   0.0000000000000000        0.0000000000000000        6.2499998603016398E-004   6.2499998603014891E-004
   0.0000000000000000        0.0000000000000000        6.2499998603016398E-004   6.2499998603014891E-004
   0.0000000000000000        0.0000000000000000        6.2499998603016398E-004   6.2499998603014891E-004
   0.0000000000000000        0.0000000000000000        6.2499998603016398E-004   6.2499998603014891E-004
   0.0000000000000000        0.0000000000000000        6.2499998603016398E-004   6.2499998603014891E-004
   0.0000000000000000        0.0000000000000000        6.2499998603016398E-004   6.2499998603014891E-004
   0.0000000000000000        0.0000000000000000        6.2499998603016398E-004   6.2499998603014891E-004
   0.0000000000000000        0.0000000000000000        6.2499998603016398E-004   6.2499998603014891E-004
   0.0000000000000000        0.0000000000000000        6.2499998603016398E-004   6.2499998603014891E-004
   0.0000000000000000        0.0000000000000000        6.2499998603016398E-004   6.2499998603014891E-004
   0.0000000000000000        0.0000000000000000        6.2499998603016398E-004   6.2499998603014891E-004
   0.0000000000000000        0.0000000000000000        6.2499998603016398E-004   6.2499998603014891E-004
   0.0000000000000000        0.0000000000000000        6.2499998603016398E-004   6.2499998603014891E-004
   0.0000000000000000        0.0000000000000000        6.2499998603016398E-004   6.2499998603014891E-004
   0.0000000000000000        0.0000000000000000        6.2499998603016398E-004   6.2499998603014891E-004
   0.0000000000000000        0.0000000000000000        6.2499998603016398E-004   6.2499998603014891E-004
   0.0000000000000000        0.0000000000000000        6.2499998603016398E-004   6.2499998603014891E-004
   0.0000000000000000        0.0000000000000000        6.2499998603016398E-004   6.2499998603014891E-004
   0.0000000000000000        0.0000000000000000        6.2499998603016398E-004   6.2499998603014891E-004
   0.0000000000000000        0.0000000000000000        6.2499998603016398E-004   6.2499998603014891E-004
   0.0000000000000000        0.0000000000000000        6.2499998603016398E-004   6.2499998603014891E-004
   0.0000000000000000        0.0000000000000000        6.2499998603016398E-004   6.2499998603014891E-004
   0.0000000000000000        0.0000000000000000        6.2499998603016398E-004   6.2499998603014891E-004
   0.0000000000000000        0.0000000000000000        6.2499998603016398E-004   6.2499998603014891E-004
   0.0000000000000000        0.0000000000000000        6.2499998603016398E-004   6.2499998603014891E-004
   0.0000000000000000        0.0000000000000000        6.2499998603016398E-004   6.2499998603014891E-004
   0.0000000000000000        0.0000000000000000        6.2499998603016398E-004   6.2499998603014891E-004
   0.0000000000000000        0.0000000000000000        6.2499998603016398E-004   6.2499998603014891E-004
   0.0000000000000000        0.0000000000000000        6.2499998603016398E-004   6.2499998603014891E-004
   0.0000000000000000        0.0000000000000000        6.2499998603016398E-004   6.2499998603014891E-004
   0.0000000000000000        0.0000000000000000        6.2499998603016398E-004   6.2499998603014891E-004
   0.0000000000000000        0.0000000000000000        6.2499998603016398E-004   6.2499998603014891E-004
   0.0000000000000000        0.0000000000000000        6.2499998603016398E-004   6.2499998603014891E-004
   0.0000000000000000        0.0000000000000000        6.2499998603016398E-004   6.2499998603014891E-004
   0.0000000000000000        0.0000000000000000        6.2499998603016398E-004   6.2499998603014891E-004
   0.0000000000000000        0.0000000000000000        6.2499998603016398E-004   6.2499998603014891E-004
   0.0000000000000000        0.0000000000000000        6.2499998603016398E-004   6.2499998603014891E-004
   0.0000000000000000        0.0000000000000000        6.2499998603016398E-004   6.2499998603014891E-004
   0.0000000000000000        0.0000000000000000        6.2499998603016398E-004   6.2499998603014891E-004
   0.0000000000000000        0.0000000000000000        6.2499998603016398E-004   6.2499998603014891E-004
   0.0000000000000000        0.0000000000000000        6.2499998603016398E-004   6.2499998603014891E-004
   0.0000000000000000        0.0000000000000000        6.2499998603016398E-004   6.2499998603014891E-004
   0.0000000000000000        0.0000000000000000        6.2499998603016398E-004   6.2499998603014891E-004
   0.0000000000000000        0.0000000000000000        6.2499998603016398E-004   6.2499998603014891E-004
   0.0000000000000000        0.0000000000000000        6.2499998603016398E-004   6.2499998603014891E-004
   0.0000000000000000        0.0000000000000000        6.2499998603016398E-004   6.2499998603014891E-004
   0.0000000000000000        0.0000000000000000        6.2499998603016398E-004   6.2499998603014891E-004
   0.0000000000000000        0.0000000000000000        6.2499998603016398E-004   6.2499998603014891E-004
   0.0000000000000000        0.0000000000000000        6.2499998603016398E-004   6.2499998603014891E-004
   0.0000000000000000        0.0000000000000000        6.2499998603016398E-004   6.2499998603014891E-004
   0.0000000000000000        0.0000000000000000        6.2499998603016398E-004   6.2499998603014891E-004
   0.0000000000000000        0.0000000000000000        6.2499998603016398E-004   6.2499998603014891E-004
   0.0000000000000000        0.0000000000000000        6.2499998603016398E-004   6.2499998603014891E-004
   0.0000000000000000        0.0000000000000000        6.2499998603016398E-004   6.2499998603014891E-004
   0.0000000000000000        0.0000000000000000        6.2499998603016398E-004   6.2499998603014891E-004
   0.0000000000000000        0.0000000000000000        6.2499998603016398E-004   6.2499998603014891E-004
   0.0000000000000000        0.0000000000000000        6.2499998603016398E-004   6.2499998603014891E-004
   0.0000000000000000        0.0000000000000000        6.2499998603016398E-004   6.2499998603014891E-004
   0.0000000000000000        0.0000000000000000        6.2499998603016398E-004   6.2499998603014891E-004
   0.0000000000000000        0.0000000000000000        6.2499998603016398E-004   6.2499998603014891E-004
   0.0000000000000000        0.0000000000000000        6.2499998603016398E-004   6.2499998603014891E-004
   0.0000000000000000        0.0000000000000000        6.2499998603016398E-004   6.2499998603014891E-004
   0.0000000000000000        0.0000000000000000        6.2499998603016398E-004   6.2499998603014891E-004
   0.0000000000000000        0.0000000000000000        6.2499998603016398E-004   6.2499998603014891E-004
   0.0000000000000000        0.0000000000000000        6.2499998603016398E-004   6.2499998603014891E-004
   0.0000000000000000        0.0000000000000000        6.2499998603016398E-004   6.2499998603014891E-004
   0.0000000000000000        0.0000000000000000        6.2499998603016398E-004   6.2499998603014891E-004
   0.0000000000000000        0.0000000000000000        6.2499998603016398E-004   6.2499998603014891E-004
   0.0000000000000000        0.0000000000000000        6.2499998603016398E-004   6.2499998603014891E-004
   0.0000000000000000        0.0000000000000000        6.2499998603016398E-004   6.2499998603014891E-004
   0.0000000000000000        0.0000000000000000        6.2499998603016398E-004   6.2499998603014891E-004
   1.0597416017109164E-004   7.7566716978928694E-008   6.2499998603016398E-004   6.2499998603014891E-004
   4.2263191973731262E-005   0.0000000000000000        6.2499998603016398E-004   6.2499998603014891E-004
   0.0000000000000000        0.0000000000000000        6.2499998603016398E-004   6.2499998603014891E-004
   0.0000000000000000        0.0000000000000000        6.2499998603016398E-004   6.2499998603014891E-004
   0.0000000000000000        0.0000000000000000        6.2499998603016398E-004   6.2499998603014891E-004
   0.0000000000000000        0.0000000000000000        6.2499998603016398E-004   6.2499998603014891E-004
   0.0000000000000000        0.0000000000000000        6.2499998603016398E-004   6.2499998603014891E-004
   0.0000000000000000        0.0000000000000000        6.2499998603016398E-004   6.2499998603014891E-004
   0.0000000000000000        0.0000000000000000        6.2499998603016398E-004   6.2499998603014891E-004
   0.0000000000000000        0.0000000000000000        6.2499998603016398E-004   6.2499998603014891E-004
   0.0000000000000000        0.0000000000000000        6.2499998603016398E-004   6.2499998603014891E-004
   0.0000000000000000        0.0000000000000000        6.2499998603016398E-004   6.2499998603014891E-004
   0.0000000000000000        0.0000000000000000        6.2499998603016398E-004   6.2499998603014891E-004
   0.0000000000000000        0.0000000000000000        6.2499998603016398E-004   6.2499998603014891E-004
   0.0000000000000000        0.0000000000000000        6.2499998603016398E-004   6.2499998603014891E-004
   0.0000000000000000        0.0000000000000000        6.2499998603016398E-004   6.2499998603014891E-004
   0.0000000000000000        0.0000000000000000        6.2499998603016398E-004   6.2499998603014891E-004
   0.0000000000000000        0.0000000000000000        6.2499998603016398E-004   6.2499998603014891E-004
   0.0000000000000000        0.0000000000000000        6.2499998603016398E-004   6.2499998603014891E-004
   0.0000000000000000        0.0000000000000000        6.2499998603016398E-004   6.2499998603014891E-004
   0.0000000000000000        0.0000000000000000        6.2499998603016398E-004   6.2499998603014891E-004
   0.0000000000000000        0.0000000000000000        6.2499998603016398E-004   6.2499998603014891E-004
   0.0000000000000000        0.0000000000000000        6.2499998603016398E-004   6.2499998603014891E-004
   0.0000000000000000        0.0000000000000000        6.2499998603016398E-004   6.2499998603014891E-004
   0.0000000000000000        0.0000000000000000        6.2499998603016398E-004   6.2499998603014891E-004
   0.0000000000000000        0.0000000000000000        6.2499998603016398E-004   6.2499998603014891E-004
   0.0000000000000000        0.0000000000000000        6.2499998603016398E-004   6.2499998603014891E-004
   0.0000000000000000        0.0000000000000000        6.2499998603016398E-004   6.2499998603014891E-004
   0.0000000000000000        0.0000000000000000        6.2499998603016398E-004   6.2499998603014891E-004
   0.0000000000000000        0.0000000000000000        6.2499998603016398E-004   6.2499998603014891E-004
   0.0000000000000000        0.0000000000000000        6.2499998603016398E-004   6.2499998603014891E-004
   3.5055091800822175E-005   0.0000000000000000        6.2499998603016398E-004   6.2499998603014891E-004
   8.7882862602918911E-004   5.4233775463481118E-004   6.2499998603016398E-004   6.2499998603014891E-004
   7.4232056370263165E-004   3.6228972709034031E-004   6.2499998603016398E-004   6.2499998603014891E-004
   4.1245308491563953E-004   6.6597603842340590E-005   6.2499998603016398E-004   6.2499998603014891E-004
   9.4135893763333661E-007   0.0000000000000000        6.2499998603016398E-004   6.2499998603014891E-004
   0.0000000000000000        0.0000000000000000        6.2499998603016398E-004   6.2499998603014891E-004
   0.0000000000000000        0.0000000000000000        6.2499998603016398E-004   6.2499998603014891E-004
   0.0000000000000000        0.0000000000000000        6.2499998603016398E-004   6.2499998603014891E-004
   0.0000000000000000        0.0000000000000000        6.2499998603016398E-004   6.2499998603014891E-004
   0.0000000000000000        0.0000000000000000        6.2499998603016398E-004   6.2499998603014891E-004
   0.0000000000000000        0.0000000000000000        6.2499998603016398E-004   6.2499998603014891E-004
   0.0000000000000000        0.0000000000000000        6.2499998603016398E-004   6.2499998603014891E-004
   0.0000000000000000        0.0000000000000000        6.2499998603016398E-004   6.2499998603014891E-004
   0.0000000000000000        0.0000000000000000        6.2499998603016398E-004   6.2499998603014891E-004
   0.0000000000000000        0.0000000000000000        6.2499998603016398E-004   6.2499998603014891E-004
   0.0000000000000000        0.0000000000000000        6.2499998603016398E-004   6.2499998603014891E-004
   0.0000000000000000        0.0000000000000000        6.2499998603016398E-004   6.2499998603014891E-004
   0.0000000000000000        0.0000000000000000        6.2499998603016398E-004   6.2499998603014891E-004
   0.0000000000000000        0.0000000000000000        6.2499998603016398E-004   6.2499998603014891E-004
   0.0000000000000000        0.0000000000000000        6.2499998603016398E-004   6.2499998603014891E-004
   0.0000000000000000        0.0000000000000000        6.2499998603016398E-004   6.2499998603014891E-004
   0.0000000000000000        0.0000000000000000        6.2499998603016398E-004   6.2499998603014891E-004
   0.0000000000000000        0.0000000000000000        6.2499998603016398E-004   6.2499998603014891E-004
   0.0000000000000000        0.0000000000000000        6.2499998603016398E-004   6.2499998603014891E-004
   0.0000000000000000        0.0000000000000000        6.2499998603016398E-004   6.2499998603014891E-004
   0.0000000000000000        0.0000000000000000        6.2499998603016398E-004   6.2499998603014891E-004
   0.0000000000000000        0.0000000000000000        6.2499998603016398E-004   6.2499998603014891E-004
   0.0000000000000000        0.0000000000000000        6.2499998603016398E-004   6.2499998603014891E-004
   0.0000000000000000        0.0000000000000000        6.2499998603016398E-004   6.2499998603014891E-004
   0.0000000000000000        0.0000000000000000        6.2499998603016398E-004   6.2499998603014891E-004
   3.9028420606163717E-004   5.4654449028270304E-005   6.2499998603016398E-004   6.2499998603014891E-004
   7.3047512983426396E-004   3.4851052678140833E-004   6.2499998603016398E-004   6.2499998603014891E-004
   8.7506586405560719E-004   5.3769730967674558E-004   6.2499998603016398E-004   6.2499998603014891E-004
   1.3700594431977717E-003   1.2582683225959579E-003   6.2499998603016398E-004   6.2499998603014891E-004
   1.3177728579498735E-003   1.1964249616752047E-003   6.2499998603016398E-004   6.2499998603014891E-004
   1.1772956258749823E-003   9.8369086917223349E-004   6.2499998603016398E-004   6.2499998603014891E-004
   8.9866247433349658E-004   5.6747051505897554E-004   6.2499998603016398E-004   6.2499998603014891E-004
   3.6215340361852531E-004   4.2381682883999185E-005   6.2499998603016398E-004   6.2499998603014891E-004
   0.0000000000000000        0.0000000000000000        6.2499998603016398E-004   6.2499998603014891E-004
   0.0000000000000000        0.0000000000000000        6.2499998603016398E-004   6.2499998603014891E-004
   0.0000000000000000        0.0000000000000000        6.2499998603016398E-004   6.2499998603014891E-004
   0.0000000000000000        0.0000000000000000        6.2499998603016398E-004   6.2499998603014891E-004
   0.0000000000000000        0.0000000000000000        6.2499998603016398E-004   6.2499998603014891E-004
   0.0000000000000000        0.0000000000000000        6.2499998603016398E-004   6.2499998603014891E-004
   0.0000000000000000        0.0000000000000000        6.2499998603016398E-004   6.2499998603014891E-004
   0.0000000000000000        0.0000000000000000        6.2499998603016398E-004   6.2499998603014891E-004
   0.0000000000000000        0.0000000000000000        6.2499998603016398E-004   6.2499998603014891E-004
   0.0000000000000000        0.0000000000000000        6.2499998603016398E-004   6.2499998603014891E-004
   0.0000000000000000        0.0000000000000000        6.2499998603016398E-004   6.2499998603014891E-004
   0.0000000000000000        0.0000000000000000        6.2499998603016398E-004   6.2499998603014891E-004
   0.0000000000000000        0.0000000000000000        6.2499998603016398E-004   6.2499998603014891E-004
   0.0000000000000000        0.0000000000000000        6.2499998603016398E-004   6.2499998603014891E-004
   0.0000000000000000        0.0000000000000000        6.2499998603016398E-004   6.2499998603014891E-004
   0.0000000000000000        0.0000000000000000        6.2499998603016398E-004   6.2499998603014891E-004
   0.0000000000000000        0.0000000000000000        6.2499998603016398E-004   6.2499998603014891E-004
   0.0000000000000000        0.0000000000000000        6.2499998603016398E-004   6.2499998603014891E-004
   0.0000000000000000        0.0000000000000000        6.2499998603016398E-004   6.2499998603014891E-004
   0.0000000000000000        0.0000000000000000        6.2499998603016398E-004   6.2499998603014891E-004
   0.0000000000000000        0.0000000000000000        6.2499998603016398E-004   6.2499998603014891E-004
   0.0000000000000000        0.0000000000000000        6.2499998603016398E-004   6.2499998603014891E-004
   0.0000000000000000        0.0000000000000000        6.2499998603016398E-004   6.2499998603014891E-004
   3.2353995470869542E-004   2.9430782927624731E-005   6.2499998603016398E-004   6.2499998603014891E-004
   8.7729611729002606E-004   5.4047779132839196E-004   6.2499998603016398E-004   6.2499998603014891E-004
   1.1647924484770610E-003   9.6818894597327425E-004   6.2499998603016398E-004   6.2499998603014891E-004
   1.3099796743359373E-003   1.1895818104490211E-003   6.2499998603016398E-004   6.2499998603014891E-004
   1.6802986295745446E-003   1.6837479102188740E-003   6.2499998603016398E-004   6.2499998603014891E-004
   1.6086162432680819E-003   1.5954494564179916E-003   6.2499998603016398E-004   6.2499998603014891E-004
   1.4570465509418898E-003   1.3892751486810572E-003   6.2499998603016398E-004   6.2499998603014891E-004
   1.1934159904300442E-003   1.0037513512942617E-003   6.2499998603016398E-004   6.2499998603014891E-004
   7.3227478235050479E-004   3.5038411016962952E-004   6.2499998603016398E-004   6.2499998603014891E-004
   1.3379761960201847E-005   0.0000000000000000        6.2499998603016398E-004   6.2499998603014891E-004
   0.0000000000000000        0.0000000000000000        6.2499998603016398E-004   6.2499998603014891E-004
   0.0000000000000000        0.0000000000000000        6.2499998603016398E-004   6.2499998603014891E-004
   0.0000000000000000        0.0000000000000000        6.2499998603016398E-004   6.2499998603014891E-004
   0.0000000000000000        0.0000000000000000        6.2499998603016398E-004   6.2499998603014891E-004
   0.0000000000000000        0.0000000000000000        6.2499998603016398E-004   6.2499998603014891E-004
   0.0000000000000000        0.0000000000000000        6.2499998603016398E-004   6.2499998603014891E-004
   0.0000000000000000        0.0000000000000000        6.2499998603016398E-004   6.2499998603014891E-004
   0.0000000000000000        0.0000000000000000        6.2499998603016398E-004   6.2499998603014891E-004
   0.0000000000000000        0.0000000000000000        6.2499998603016398E-004   6.2499998603014891E-004
   0.0000000000000000        0.0000000000000000        6.2499998603016398E-004   6.2499998603014891E-004
   0.0000000000000000        0.0000000000000000        6.2499998603016398E-004   6.2499998603014891E-004
   0.0000000000000000        0.0000000000000000        6.2499998603016398E-004   6.2499998603014891E-004
   0.0000000000000000        0.0000000000000000        6.2499998603016398E-004   6.2499998603014891E-004
   0.0000000000000000        0.0000000000000000        6.2499998603016398E-004   6.2499998603014891E-004
   0.0000000000000000        0.0000000000000000        6.2499998603016398E-004   6.2499998603014891E-004
   0.0000000000000000        0.0000000000000000        6.2499998603016398E-004   6.2499998603014891E-004
   0.0000000000000000        0.0000000000000000        6.2499998603016398E-004   6.2499998603014891E-004
   0.0000000000000000        0.0000000000000000        6.2499998603016398E-004   6.2499998603014891E-004
   0.0000000000000000        0.0000000000000000        6.2499998603016398E-004   6.2499998603014891E-004
   0.0000000000000000        0.0000000000000000        6.2499998603016398E-004   6.2499998603014891E-004
   1.7107148024084800E-006   0.0000000000000000        6.2499998603016398E-004   6.2499998603014891E-004
   6.9764652385745287E-004   3.1270392990257069E-004   6.2499998603016398E-004   6.2499998603014891E-004
   1.1728416579083623E-003   9.7790358453039004E-004   6.2499998603016398E-004   6.2499998603014891E-004
   1.4498134581976665E-003   1.3746128963990055E-003   6.2499998603016398E-004   6.2499998603014891E-004
   1.6051110000910873E-003   1.5880902029521303E-003   6.2499998603016398E-004   6.2499998603014891E-004
   1.6782255465627790E-003   1.6816382815759900E-003   6.2499998603016398E-004   6.2499998603014891E-004
   1.8869816687457723E-003   1.9643792073737940E-003   6.2499998603016398E-004   6.2499998603014891E-004
   1.8771129626865425E-003   1.9370397141710665E-003   6.2499998603016398E-004   6.2499998603014891E-004
   1.7984263631535160E-003   1.8431478636348794E-003   6.2499998603016398E-004   6.2499998603014891E-004
   1.6485008074739024E-003   1.6506903890804220E-003   6.2499998603016398E-004   6.2499998603014891E-004
   1.4015283228317019E-003   1.2982279495877456E-003   6.2499998603016398E-004   6.2499998603014891E-004
   9.6998279027078716E-004   6.7823076791676483E-004   6.2499998603016398E-004   6.2499998603014891E-004
   2.0424318902417229E-004   3.9200653571413067E-006   6.2499998603016398E-004   6.2499998603014891E-004
   0.0000000000000000        0.0000000000000000        6.2499998603016398E-004   6.2499998603014891E-004
   0.0000000000000000        0.0000000000000000        6.2499998603016398E-004   6.2499998603014891E-004
   0.0000000000000000        0.0000000000000000        6.2499998603016398E-004   6.2499998603014891E-004
   0.0000000000000000        0.0000000000000000        6.2499998603016398E-004   6.2499998603014891E-004
   0.0000000000000000        0.0000000000000000        6.2499998603016398E-004   6.2499998603014891E-004
   0.0000000000000000        0.0000000000000000        6.2499998603016398E-004   6.2499998603014891E-004
   0.0000000000000000        0.0000000000000000        6.2499998603016398E-004   6.2499998603014891E-004
   0.0000000000000000        0.0000000000000000        6.2499998603016398E-004   6.2499998603014891E-004
   0.0000000000000000        0.0000000000000000        6.2499998603016398E-004   6.2499998603014891E-004
   0.0000000000000000        0.0000000000000000        6.2499998603016398E-004   6.2499998603014891E-004
   0.0000000000000000        0.0000000000000000        6.2499998603016398E-004   6.2499998603014891E-004
   0.0000000000000000        0.0000000000000000        6.2499998603016398E-004   6.2499998603014891E-004
   0.0000000000000000        0.0000000000000000        6.2499998603016398E-004   6.2499998603014891E-004
   0.0000000000000000        0.0000000000000000        6.2499998603016398E-004   6.2499998603014891E-004
   0.0000000000000000        0.0000000000000000        6.2499998603016398E-004   6.2499998603014891E-004
   0.0000000000000000        0.0000000000000000        6.2499998603016398E-004   6.2499998603014891E-004
   0.0000000000000000        0.0000000000000000        6.2499998603016398E-004   6.2499998603014891E-004
   0.0000000000000000        0.0000000000000000        6.2499998603016398E-004   6.2499998603014891E-004
   0.0000000000000000        0.0000000000000000        6.2499998603016398E-004   6.2499998603014891E-004
   1.5522670563628056E-004   9.3912917478903045E-007   6.2499998603016398E-004   6.2499998603014891E-004
   9.4664244370826071E-004   6.3693929572123699E-004   6.2499998603016398E-004   6.2499998603014891E-004
   1.3833430295484370E-003   1.2745477253473558E-003   6.2499998603016398E-004   6.2499998603014891E-004
   1.6356340826950493E-003   1.6375385354265915E-003   6.2499998603016398E-004   6.2499998603014891E-004
   1.7913129120232874E-003   1.8364018952779764E-003   6.2499998603016398E-004   6.2499998603014891E-004
   1.8756874375246459E-003   1.9337979274060000E-003   6.2499998603016398E-004   6.2499998603014891E-004
   2.0068706985825130E-003   2.1071891716607236E-003   6.2499998603016398E-004   6.2499998603014891E-004
   1.9834294102018756E-003   2.0778822105889791E-003   6.2499998603016398E-004   6.2499998603014891E-004
   1.9189464383958209E-003   1.9962202184340048E-003   6.2499998603016398E-004   6.2499998603014891E-004
   1.7783427754618072E-003   1.8241858531357659E-003   6.2499998603016398E-004   6.2499998603014891E-004
   1.5464079405302280E-003   1.5010703316893084E-003   6.2499998603016398E-004   6.2499998603014891E-004
   1.1392301088541225E-003   9.2924398878820123E-004   6.2499998603016398E-004   6.2499998603014891E-004
   4.3616464472633206E-004   8.2041696822974901E-005   6.2499998603016398E-004   6.2499998603014891E-004
   0.0000000000000000        0.0000000000000000        6.2499998603016398E-004   6.2499998603014891E-004
   0.0000000000000000        0.0000000000000000        6.2499998603016398E-004   6.2499998603014891E-004
   0.0000000000000000        0.0000000000000000        6.2499998603016398E-004   6.2499998603014891E-004
   0.0000000000000000        0.0000000000000000        6.2499998603016398E-004   6.2499998603014891E-004
   0.0000000000000000        0.0000000000000000        6.2499998603016398E-004   6.2499998603014891E-004
   0.0000000000000000        0.0000000000000000        6.2499998603016398E-004   6.2499998603014891E-004
   0.0000000000000000        0.0000000000000000        6.2499998603016398E-004   6.2499998603014891E-004
   0.0000000000000000        0.0000000000000000        6.2499998603016398E-004   6.2499998603014891E-004
   0.0000000000000000        0.0000000000000000        6.2499998603016398E-004   6.2499998603014891E-004
   0.0000000000000000        0.0000000000000000        6.2499998603016398E-004   6.2499998603014891E-004
   0.0000000000000000        0.0000000000000000        6.2499998603016398E-004   6.2499998603014891E-004
   0.0000000000000000        0.0000000000000000        6.2499998603016398E-004   6.2499998603014891E-004
   0.0000000000000000        0.0000000000000000        6.2499998603016398E-004   6.2499998603014891E-004
   0.0000000000000000        0.0000000000000000        6.2499998603016398E-004   6.2499998603014891E-004
   0.0000000000000000        0.0000000000000000        6.2499998603016398E-004   6.2499998603014891E-004
   0.0000000000000000        0.0000000000000000        6.2499998603016398E-004   6.2499998603014891E-004
   0.0000000000000000        0.0000000000000000        6.2499998603016398E-004   6.2499998603014891E-004
   0.0000000000000000        0.0000000000000000        6.2499998603016398E-004   6.2499998603014891E-004
   3.9072603126475509E-004   5.4880670135782393E-005   6.2499998603016398E-004   6.2499998603014891E-004
   1.1192032497640016E-003   8.9017473730527280E-004   6.2499998603016398E-004   6.2499998603014891E-004
   1.5279181196108599E-003   1.4796048228254382E-003   6.2499998603016398E-004   6.2499998603014891E-004
   1.7629952019041328E-003   1.8121014894357760E-003   6.2499998603016398E-004   6.2499998603014891E-004
   1.9122127770365689E-003   1.9903680231475088E-003   6.2499998603016398E-004   6.2499998603014891E-004
   1.9831955853893460E-003   2.0752160232438504E-003   6.2499998603016398E-004   6.2499998603014891E-004
   2.0059408670154940E-003   2.1066395953419146E-003   6.2499998603016398E-004   6.2499998603014891E-004
   2.0385529358527541E-003   2.1499280540966535E-003   6.2499998603016398E-004   6.2499998603014891E-004
   2.0343862605759614E-003   2.1511775449220296E-003   6.2499998603016398E-004   6.2499998603014891E-004
   2.0386299134049881E-003   2.1398042679208001E-003   6.2499998603016398E-004   6.2499998603014891E-004
   1.9835279082521398E-003   2.0858292924074793E-003   6.2499998603016398E-004   6.2499998603014891E-004
   1.8785085956751577E-003   1.9396828087498504E-003   6.2499998603016398E-004   6.2499998603014891E-004
   1.6447922279971511E-003   1.6465276780754164E-003   6.2499998603016398E-004   6.2499998603014891E-004
   1.2749031098612746E-003   1.1178427166840931E-003   6.2499998603016398E-004   6.2499998603014891E-004
   6.2787433426842495E-004   2.4278873927827146E-004   6.2499998603016398E-004   6.2499998603014891E-004
   0.0000000000000000        0.0000000000000000        6.2499998603016398E-004   6.2499998603014891E-004
   0.0000000000000000        0.0000000000000000        6.2499998603016398E-004   6.2499998603014891E-004
   0.0000000000000000        0.0000000000000000        6.2499998603016398E-004   6.2499998603014891E-004
   0.0000000000000000        0.0000000000000000        6.2499998603016398E-004   6.2499998603014891E-004
   0.0000000000000000        0.0000000000000000        6.2499998603016398E-004   6.2499998603014891E-004
   0.0000000000000000        0.0000000000000000        6.2499998603016398E-004   6.2499998603014891E-004
   0.0000000000000000        0.0000000000000000        6.2499998603016398E-004   6.2499998603014891E-004
   0.0000000000000000        0.0000000000000000        6.2499998603016398E-004   6.2499998603014891E-004
   0.0000000000000000        0.0000000000000000        6.2499998603016398E-004   6.2499998603014891E-004
   0.0000000000000000        0.0000000000000000        6.2499998603016398E-004   6.2499998603014891E-004
   0.0000000000000000        0.0000000000000000        6.2499998603016398E-004   6.2499998603014891E-004
   0.0000000000000000        0.0000000000000000        6.2499998603016398E-004   6.2499998603014891E-004
   0.0000000000000000        0.0000000000000000        6.2499998603016398E-004   6.2499998603014891E-004
   0.0000000000000000        0.0000000000000000        6.2499998603016398E-004   6.2499998603014891E-004
   0.0000000000000000        0.0000000000000000        6.2499998603016398E-004   6.2499998603014891E-004
   0.0000000000000000        0.0000000000000000        6.2499998603016398E-004   6.2499998603014891E-004
   0.0000000000000000        0.0000000000000000        6.2499998603016398E-004   6.2499998603014891E-004
   5.8941723900335558E-004   1.9795366868164253E-004   6.2499998603016398E-004   6.2499998603014891E-004
   1.2519063285056046E-003   1.0816485649246185E-003   6.2499998603016398E-004   6.2499998603014891E-004
   1.6208674420307306E-003   1.6268101359573493E-003   6.2499998603016398E-004   6.2499998603014891E-004
   1.8727262346764765E-003   1.9285653822881561E-003   6.2499998603016398E-004   6.2499998603014891E-004
   1.9837411129228493E-003   2.0811039208360874E-003   6.2499998603016398E-004   6.2499998603014891E-004
   2.0384441396592841E-003   2.1380893956359777E-003   6.2499998603016398E-004   6.2499998603014891E-004
   2.0338576412228283E-003   2.1510636492935451E-003   6.2499998603016398E-004   6.2499998603014891E-004
   1.9767923526064959E-003   2.0988270186643827E-003   6.2499998603016398E-004   6.2499998603014891E-004
   2.0019217362227831E-003   2.1241782495743985E-003   6.2499998603016398E-004   6.2499998603014891E-004
   2.0396419962231491E-003   2.1485242309137440E-003   6.2499998603016398E-004   6.2499998603014891E-004
   2.0348180499028330E-003   2.1304188176604869E-003   6.2499998603016398E-004   6.2499998603014891E-004
   1.9418885249288293E-003   2.0165208892961653E-003   6.2499998603016398E-004   6.2499998603014891E-004
   1.7358248585242989E-003   1.7527077168750847E-003   6.2499998603016398E-004   6.2499998603014891E-004
   1.3768738944662370E-003   1.2666123184837429E-003   6.2499998603016398E-004   6.2499998603014891E-004
   7.9334767904594818E-004   4.3293828308853933E-004   6.2499998603016398E-004   6.2499998603014891E-004
   0.0000000000000000        0.0000000000000000        6.2499998603016398E-004   6.2499998603014891E-004
   0.0000000000000000        0.0000000000000000        6.2499998603016398E-004   6.2499998603014891E-004
   0.0000000000000000        0.0000000000000000        6.2499998603016398E-004   6.2499998603014891E-004
   0.0000000000000000        0.0000000000000000        6.2499998603016398E-004   6.2499998603014891E-004
   0.0000000000000000        0.0000000000000000        6.2499998603016398E-004   6.2499998603014891E-004
   0.0000000000000000        0.0000000000000000        6.2499998603016398E-004   6.2499998603014891E-004
   0.0000000000000000        0.0000000000000000        6.2499998603016398E-004   6.2499998603014891E-004
   0.0000000000000000        0.0000000000000000        6.2499998603016398E-004   6.2499998603014891E-004
   0.0000000000000000        0.0000000000000000        6.2499998603016398E-004   6.2499998603014891E-004
   0.0000000000000000        0.0000000000000000        6.2499998603016398E-004   6.2499998603014891E-004
   0.0000000000000000        0.0000000000000000        6.2499998603016398E-004   6.2499998603014891E-004
   0.0000000000000000        0.0000000000000000        6.2499998603016398E-004   6.2499998603014891E-004
   0.0000000000000000        0.0000000000000000        6.2499998603016398E-004   6.2499998603014891E-004
   0.0000000000000000        0.0000000000000000        6.2499998603016398E-004   6.2499998603014891E-004
   0.0000000000000000        0.0000000000000000        6.2499998603016398E-004   6.2499998603014891E-004
   0.0000000000000000        0.0000000000000000        6.2499998603016398E-004   6.2499998603014891E-004
   7.5837742930048510E-004   3.8239347445123944E-004   6.2499998603016398E-004   6.2499998603014891E-004
   1.3502702491430076E-003   1.2344881816078680E-003   6.2499998603016398E-004   6.2499998603014891E-004
   1.7228416193450151E-003   1.7339040554006644E-003   6.2499998603016398E-004   6.2499998603014891E-004
   1.9320646575415200E-003   2.0076174598066977E-003   6.2499998603016398E-004   6.2499998603014891E-004
   2.0320548996112572E-003   2.1272091741311632E-003   6.2499998603016398E-004   6.2499998603014891E-004
   2.0393144816785507E-003   2.1491596733651222E-003   6.2499998603016398E-004   6.2499998603014891E-004
   2.0050753264394352E-003   2.1256298058808989E-003   6.2499998603016398E-004   6.2499998603014891E-004
   1.9772682537621514E-003   2.0996820307373010E-003   6.2499998603016398E-004   6.2499998603014891E-004
   1.8324427731371377E-003   1.9538010196534297E-003   6.2499998603016398E-004   6.2499998603014891E-004
   1.8654439348480096E-003   1.9805146592407090E-003   6.2499998603016398E-004   6.2499998603014891E-004
   1.9397480926056966E-003   2.0490960771071564E-003   6.2499998603016398E-004   6.2499998603014891E-004
   2.0034080812329253E-003   2.1248212783040650E-003   6.2499998603016398E-004   6.2499998603014891E-004
   2.0241919921276472E-003   2.1498958868720196E-003   6.2499998603016398E-004   6.2499998603014891E-004
   1.9817087475079145E-003   2.0696837943705534E-003   6.2499998603016398E-004   6.2499998603014891E-004
   1.7913932316459334E-003   1.8364727016547666E-003   6.2499998603016398E-004   6.2499998603014891E-004
   1.4591926197679566E-003   1.3940355264325235E-003   6.2499998603016398E-004   6.2499998603014891E-004
   9.4398368750556140E-004   6.3255564605180627E-004   6.2499998603016398E-004   6.2499998603014891E-004
   8.4137741914409070E-005   1.3928635701764308E-008   6.2499998603016398E-004   6.2499998603014891E-004
   0.0000000000000000        0.0000000000000000        6.2499998603016398E-004   6.2499998603014891E-004
   0.0000000000000000        0.0000000000000000        6.2499998603016398E-004   6.2499998603014891E-004
   0.0000000000000000        0.0000000000000000        6.2499998603016398E-004   6.2499998603014891E-004
   0.0000000000000000        0.0000000000000000        6.2499998603016398E-004   6.2499998603014891E-004
   0.0000000000000000        0.0000000000000000        6.2499998603016398E-004   6.2499998603014891E-004
   0.0000000000000000        0.0000000000000000        6.2499998603016398E-004   6.2499998603014891E-004
   0.0000000000000000        0.0000000000000000        6.2499998603016398E-004   6.2499998603014891E-004
   0.0000000000000000        0.0000000000000000        6.2499998603016398E-004   6.2499998603014891E-004
   0.0000000000000000        0.0000000000000000        6.2499998603016398E-004   6.2499998603014891E-004
   0.0000000000000000        0.0000000000000000        6.2499998603016398E-004   6.2499998603014891E-004
   0.0000000000000000        0.0000000000000000        6.2499998603016398E-004   6.2499998603014891E-004
   0.0000000000000000        0.0000000000000000        6.2499998603016398E-004   6.2499998603014891E-004
   0.0000000000000000        0.0000000000000000        6.2499998603016398E-004   6.2499998603014891E-004
   4.7823025460950798E-005   0.0000000000000000        6.2499998603016398E-004   6.2499998603014891E-004
   9.1073936635453594E-004   5.8360599223839708E-004   6.2499998603016398E-004   6.2499998603014891E-004
   1.4442238796922606E-003   1.3639340547358860E-003   6.2499998603016398E-004   6.2499998603014891E-004
   1.7739013267192118E-003   1.8198423866250619E-003   6.2499998603016398E-004   6.2499998603014891E-004
   1.9785676335434955E-003   2.0615751057830598E-003   6.2499998603016398E-004   6.2499998603014891E-004
   2.0287463843430822E-003   2.1487369938692617E-003   6.2499998603016398E-004   6.2499998603014891E-004
   2.0089422144971628E-003   2.1276058655762156E-003   6.2499998603016398E-004   6.2499998603014891E-004
   1.9436113053859956E-003   2.0531312280541330E-003   6.2499998603016398E-004   6.2499998603014891E-004
   1.8686503441167023E-003   1.9831319188608836E-003   6.2499998603016398E-004   6.2499998603014891E-004
   1.6483069038566521E-003   1.7448377121883597E-003   6.2499998603016398E-004   6.2499998603014891E-004
   1.7192858167413639E-003   1.8223196064359709E-003   6.2499998603016398E-004   6.2499998603014891E-004
   1.8295053921887270E-003   1.9515244999731014E-003   6.2499998603016398E-004   6.2499998603014891E-004
   1.9639277896898160E-003   2.0790619121448467E-003   6.2499998603016398E-004   6.2499998603014891E-004
   2.0396011367255973E-003   2.1480063570387831E-003   6.2499998603016398E-004   6.2499998603014891E-004
   2.0039106762603622E-003   2.1050039588626397E-003   6.2499998603016398E-004   6.2499998603014891E-004
   1.8559022121567501E-003   1.9037565602077241E-003   6.2499998603016398E-004   6.2499998603014891E-004
   1.5524535701571770E-003   1.5084471780240653E-003   6.2499998603016398E-004   6.2499998603014891E-004
   1.0883728587304778E-003   8.4030517961785592E-004   6.2499998603016398E-004   6.2499998603014891E-004
   3.3085214581198084E-004   3.1598145328438002E-005   6.2499998603016398E-004   6.2499998603014891E-004
   0.0000000000000000        0.0000000000000000        6.2499998603016398E-004   6.2499998603014891E-004
   0.0000000000000000        0.0000000000000000        6.2499998603016398E-004   6.2499998603014891E-004
   0.0000000000000000        0.0000000000000000        6.2499998603016398E-004   6.2499998603014891E-004
   0.0000000000000000        0.0000000000000000        6.2499998603016398E-004   6.2499998603014891E-004
   0.0000000000000000        0.0000000000000000        6.2499998603016398E-004   6.2499998603014891E-004
   0.0000000000000000        0.0000000000000000        6.2499998603016398E-004   6.2499998603014891E-004
   0.0000000000000000        0.0000000000000000        6.2499998603016398E-004   6.2499998603014891E-004
   0.0000000000000000        0.0000000000000000        6.2499998603016398E-004   6.2499998603014891E-004
   0.0000000000000000        0.0000000000000000        6.2499998603016398E-004   6.2499998603014891E-004
   0.0000000000000000        0.0000000000000000        6.2499998603016398E-004   6.2499998603014891E-004
   0.0000000000000000        0.0000000000000000        6.2499998603016398E-004   6.2499998603014891E-004
   0.0000000000000000        0.0000000000000000        6.2499998603016398E-004   6.2499998603014891E-004
   2.7932264120320325E-004   1.8186593406965362E-005   6.2499998603016398E-004   6.2499998603014891E-004
   1.0575466075675604E-003   7.9711743462536897E-004   6.2499998603016398E-004   6.2499998603014891E-004
   1.5305304497947800E-003   1.4825471376733945E-003   6.2499998603016398E-004   6.2499998603014891E-004
   1.8433408904235994E-003   1.8888336721295128E-003   6.2499998603016398E-004   6.2499998603014891E-004
   1.9959529568933359E-003   2.0992742169613828E-003   6.2499998603016398E-004   6.2499998603014891E-004
   2.0392982388167022E-003   2.1493110382401559E-003   6.2499998603016398E-004   6.2499998603014891E-004
   1.9678893931479625E-003   2.0847078402418972E-003   6.2499998603016398E-004   6.2499998603014891E-004
   1.8383790845514646E-003   1.9585350974686846E-003   6.2499998603016398E-004   6.2499998603014891E-004
   1.7241144070686807E-003   1.8278946381089052E-003   6.2499998603016398E-004   6.2499998603014891E-004
   1.6503445987343921E-003   1.7469973986808226E-003   6.2499998603016398E-004   6.2499998603014891E-004
   1.3683539588686872E-003   1.4579220090248418E-003   6.2499998603016398E-004   6.2499998603014891E-004
   1.4125850013946629E-003   1.5086864909577796E-003   6.2499998603016398E-004   6.2499998603014891E-004
   1.5534539730603448E-003   1.6502668987888832E-003   6.2499998603016398E-004   6.2499998603014891E-004
   1.7356227375687290E-003   1.8412368535766195E-003   6.2499998603016398E-004   6.2499998603014891E-004
   1.9151469429155214E-003   2.0239315976573031E-003   6.2499998603016398E-004   6.2499998603014891E-004
   2.0266057777522609E-003   2.1367789267772819E-003   6.2499998603016398E-004   6.2499998603014891E-004
   2.0326820279735116E-003   2.1276415871182642E-003   6.2499998603016398E-004   6.2499998603014891E-004
   1.8873661873656390E-003   1.9658674558174563E-003   6.2499998603016398E-004   6.2499998603014891E-004
   1.6199952656520630E-003   1.6239341687174700E-003   6.2499998603016398E-004   6.2499998603014891E-004
   1.2354845563962602E-003   1.0582167873216205E-003   6.2499998603016398E-004   6.2499998603014891E-004
   6.3088472446517824E-004   2.4686600685550411E-004   6.2499998603016398E-004   6.2499998603014891E-004
   0.0000000000000000        0.0000000000000000        6.2499998603016398E-004   6.2499998603014891E-004
   0.0000000000000000        0.0000000000000000        6.2499998603016398E-004   6.2499998603014891E-004
   0.0000000000000000        0.0000000000000000        6.2499998603016398E-004   6.2499998603014891E-004
   0.0000000000000000        0.0000000000000000        6.2499998603016398E-004   6.2499998603014891E-004
   0.0000000000000000        0.0000000000000000        6.2499998603016398E-004   6.2499998603014891E-004
   0.0000000000000000        0.0000000000000000        6.2499998603016398E-004   6.2499998603014891E-004
   0.0000000000000000        0.0000000000000000        6.2499998603016398E-004   6.2499998603014891E-004
   0.0000000000000000        0.0000000000000000        6.2499998603016398E-004   6.2499998603014891E-004
   0.0000000000000000        0.0000000000000000        6.2499998603016398E-004   6.2499998603014891E-004
   0.0000000000000000        0.0000000000000000        6.2499998603016398E-004   6.2499998603014891E-004
   0.0000000000000000        0.0000000000000000        6.2499998603016398E-004   6.2499998603014891E-004
   5.9895292599332686E-004   2.0797439475833646E-004   6.2499998603016398E-004   6.2499998603014891E-004
   1.2082898748386186E-003   1.0225617304562762E-003   6.2499998603016398E-004   6.2499998603014891E-004
   1.6113035151531325E-003   1.6011966625167995E-003   6.2499998603016398E-004   6.2499998603014891E-004
   1.8839646641971399E-003   1.9528450272154590E-003   6.2499998603016398E-004   6.2499998603014891E-004
   2.0281131584958122E-003   2.1233944818515498E-003   6.2499998603016398E-004   6.2499998603014891E-004
   2.0309257566575086E-003   2.1393887158026020E-003   6.2499998603016398E-004   6.2499998603014891E-004
   1.9231155412908223E-003   2.0315773484990392E-003   6.2499998603016398E-004   6.2499998603014891E-004
   1.7442397340934662E-003   1.8513606256633519E-003   6.2499998603016398E-004   6.2499998603014891E-004
   1.5625663247823952E-003   1.6592091044188859E-003   6.2499998603016398E-004   6.2499998603014891E-004
   1.4171613416951775E-003   1.5138744288053770E-003   6.2499998603016398E-004   6.2499998603014891E-004
   1.0861245041083511E-003   1.1500171565235833E-003   6.2499998603016398E-004   6.2499998603014891E-004
   1.1973044014545070E-003   1.2682182331101902E-003   6.2499998603016398E-004   6.2499998603014891E-004
   1.3882459962132232E-003   1.4804604665293328E-003   6.2499998603016398E-004   6.2499998603014891E-004
   1.6362923153169077E-003   1.7325237854090077E-003   6.2499998603016398E-004   6.2499998603014891E-004
   1.8472820786042086E-003   1.9656842097165398E-003   6.2499998603016398E-004   6.2499998603014891E-004
   1.9888296279689300E-003   2.1177299394209161E-003   6.2499998603016398E-004   6.2499998603014891E-004
   2.0367335490257769E-003   2.1442472468414316E-003   6.2499998603016398E-004   6.2499998603014891E-004
   1.9465652728319109E-003   2.0207539341284414E-003   6.2499998603016398E-004   6.2499998603014891E-004
   1.7272219394126299E-003   1.7399614259607777E-003   6.2499998603016398E-004   6.2499998603014891E-004
   1.3920237095991167E-003   1.2857996381309619E-003   6.2499998603016398E-004   6.2499998603014891E-004
   9.3949510024567465E-004   6.2546352258078511E-004   6.2499998603016398E-004   6.2499998603014891E-004
   3.0214431294749719E-004   2.3665528781249179E-005   6.2499998603016398E-004   6.2499998603014891E-004
   0.0000000000000000        0.0000000000000000        6.2499998603016398E-004   6.2499998603014891E-004
   0.0000000000000000        0.0000000000000000        6.2499998603016398E-004   6.2499998603014891E-004
   0.0000000000000000        0.0000000000000000        6.2499998603016398E-004   6.2499998603014891E-004
   0.0000000000000000        0.0000000000000000        6.2499998603016398E-004   6.2499998603014891E-004
   0.0000000000000000        0.0000000000000000        6.2499998603016398E-004   6.2499998603014891E-004
   0.0000000000000000        0.0000000000000000        6.2499998603016398E-004   6.2499998603014891E-004
   0.0000000000000000        0.0000000000000000        6.2499998603016398E-004   6.2499998603014891E-004
   0.0000000000000000        0.0000000000000000        6.2499998603016398E-004   6.2499998603014891E-004
   2.6806091998147244E-004   1.4979782643384413E-005   6.2499998603016398E-004   6.2499998603014891E-004
   9.1310954751706321E-004   5.8695921049645974E-004   6.2499998603016398E-004   6.2499998603014891E-004
   1.3696666899576217E-003   1.2578053969325737E-003   6.2499998603016398E-004   6.2499998603014891E-004
   1.7129226101858593E-003   1.7210559875917772E-003   6.2499998603016398E-004   6.2499998603014891E-004
   1.9356396546293072E-003   2.0109517989861585E-003   6.2499998603016398E-004   6.2499998603014891E-004
   2.0383178499998539E-003   2.1413746879723082E-003   6.2499998603016398E-004   6.2499998603014891E-004
   1.9982191743168234E-003   2.1222784792560706E-003   6.2499998603016398E-004   6.2499998603014891E-004
   1.8595516047816159E-003   1.9755755967729898E-003   6.2499998603016398E-004   6.2499998603014891E-004
   1.6485320523628257E-003   1.7450731479303355E-003   6.2499998603016398E-004   6.2499998603014891E-004
   1.3990497407265138E-003   1.4929883739129813E-003   6.2499998603016398E-004   6.2499998603014891E-004
   1.2054516756180179E-003   1.2770401353150700E-003   6.2499998603016398E-004   6.2499998603014891E-004
   1.0891619433819062E-003   1.1532019429611967E-003   6.2499998603016398E-004   6.2499998603014891E-004
   7.4593863301396994E-004   7.9460601950191213E-004   6.2499998603016398E-004   6.2499998603014891E-004
   8.0622316267965014E-004   8.6039020693170283E-004   6.2499998603016398E-004   6.2499998603014891E-004
   9.9062622751916094E-004   1.0503681821249040E-003   6.2499998603016398E-004   6.2499998603014891E-004
   1.2498906021552701E-003   1.3255206542298243E-003   6.2499998603016398E-004   6.2499998603014891E-004
   1.5330895889561474E-003   1.6306643772945211E-003   6.2499998603016398E-004   6.2499998603014891E-004
   1.7863775671725091E-003   1.9024742509683090E-003   6.2499998603016398E-004   6.2499998603014891E-004
   1.9698625968673665E-003   2.0877173840108641E-003   6.2499998603016398E-004   6.2499998603014891E-004
   2.0343372238927284E-003   2.1511920484956863E-003   6.2499998603016398E-004   6.2499998603014891E-004
   1.9832446307598618E-003   2.0754512754157834E-003   6.2499998603016398E-004   6.2499998603014891E-004
   1.8176310522985096E-003   1.8618710371072517E-003   6.2499998603016398E-004   6.2499998603014891E-004
   1.5606219268278505E-003   1.5187780267845409E-003   6.2499998603016398E-004   6.2499998603014891E-004
   1.2263349017726701E-003   1.0459872127731508E-003   6.2499998603016398E-004   6.2499998603014891E-004
   8.1340504248280613E-004   4.6791680911057088E-004   6.2499998603016398E-004   6.2499998603014891E-004
   3.5340062026286643E-004   3.9068830624607479E-005   6.2499998603016398E-004   6.2499998603014891E-004
   2.2334874293377790E-005   0.0000000000000000        6.2499998603016398E-004   6.2499998603014891E-004
   0.0000000000000000        0.0000000000000000        6.2499998603016398E-004   6.2499998603014891E-004
   0.0000000000000000        0.0000000000000000        6.2499998603016398E-004   6.2499998603014891E-004
   0.0000000000000000        0.0000000000000000        6.2499998603016398E-004   6.2499998603014891E-004
   1.7358042756621766E-005   0.0000000000000000        6.2499998603016398E-004   6.2499998603014891E-004
   3.2781027536471209E-004   3.0700080515039996E-005   6.2499998603016398E-004   6.2499998603014891E-004
   7.9684188811859002E-004   4.3847146148127459E-004   6.2499998603016398E-004   6.2499998603014891E-004
   1.2053909213415716E-003   1.0189111944577242E-003   6.2499998603016398E-004   6.2499998603014891E-004
   1.5436805699061841E-003   1.4981037222239323E-003   6.2499998603016398E-004   6.2499998603014891E-004
   1.8033129092674897E-003   1.8479848429027730E-003   6.2499998603016398E-004   6.2499998603014891E-004
   1.9809249760996653E-003   2.0676259803389802E-003   6.2499998603016398E-004   6.2499998603014891E-004
   2.0316077935273362E-003   2.1508533717312399E-003   6.2499998603016398E-004   6.2499998603014891E-004
   1.9741026000808688E-003   2.0944332885857765E-003   6.2499998603016398E-004   6.2499998603014891E-004
   1.7958153387930872E-003   1.9146498873007756E-003   6.2499998603016398E-004   6.2499998603014891E-004
   1.5487360550675558E-003   1.6456088740020140E-003   6.2499998603016398E-004   6.2499998603014891E-004
   1.2636899747054248E-003   1.3407971723594365E-003   6.2499998603016398E-004   6.2499998603014891E-004
   1.0024384456593591E-003   1.0627819899726866E-003   6.2499998603016398E-004   6.2499998603014891E-004
   8.1291336766473011E-004   8.6728026650297106E-004   6.2499998603016398E-004   6.2499998603014891E-004
   4.5701754318033827E-004   4.7980001877778370E-004   6.2499998603016398E-004   6.2499998603014891E-004
   5.8377311572066211E-004   6.1708526610290725E-004   6.2499998603016398E-004   6.2499998603014891E-004
   8.1625451465613735E-004   8.7068900632465132E-004   6.2499998603016398E-004   6.2499998603014891E-004
   1.1280982649996614E-003   1.1942565087134857E-003   6.2499998603016398E-004   6.2499998603014891E-004
   1.4343462356398227E-003   1.5349272103099409E-003   6.2499998603016398E-004   6.2499998603014891E-004
   1.7283996044567011E-003   1.8327903565054295E-003   6.2499998603016398E-004   6.2499998603014891E-004
   1.9365735460725167E-003   2.0453472435169847E-003   6.2499998603016398E-004   6.2499998603014891E-004
   2.0371302698535573E-003   2.1441470251771511E-003   6.2499998603016398E-004   6.2499998603014891E-004
   2.0248918807448751E-003   2.1204892126164029E-003   6.2499998603016398E-004   6.2499998603014891E-004
   1.9051649707617180E-003   1.9840937651743247E-003   6.2499998603016398E-004   6.2499998603014891E-004
   1.7338073210722994E-003   1.7497354302928240E-003   6.2499998603016398E-004   6.2499998603014891E-004
   1.4951784666629093E-003   1.4429345538861235E-003   6.2499998603016398E-004   6.2499998603014891E-004
   1.2548707403253138E-003   1.0859611922994373E-003   6.2499998603016398E-004   6.2499998603014891E-004
   1.0034805455074530E-003   7.2820991420562489E-004   6.2499998603016398E-004   6.2499998603014891E-004
   7.9982202734691450E-004   4.4349338163510236E-004   6.2499998603016398E-004   6.2499998603014891E-004
   6.8058486771939940E-004   2.9543309095692879E-004   6.2499998603016398E-004   6.2499998603014891E-004
   6.7709657788954099E-004   2.9193659866235067E-004   6.2499998603016398E-004   6.2499998603014891E-004
   7.9298584643927551E-004   4.3234525487533557E-004   6.2499998603016398E-004   6.2499998603014891E-004
   9.8947401612424924E-004   7.1134049363671471E-004   6.2499998603016398E-004   6.2499998603014891E-004
   1.2420769660336324E-003   1.0673195000939994E-003   6.2499998603016398E-004   6.2499998603014891E-004
   1.4797017663455412E-003   1.4258475246831900E-003   6.2499998603016398E-004   6.2499998603014891E-004
   1.7239352105164558E-003   1.7354537019147677E-003   6.2499998603016398E-004   6.2499998603014891E-004
   1.8925672057038920E-003   1.9745595808004337E-003   6.2499998603016398E-004   6.2499998603014891E-004
   2.0196419392618033E-003   2.1164758854453681E-003   6.2499998603016398E-004   6.2499998603014891E-004
   2.0387139796728617E-003   2.1459487567793149E-003   6.2499998603016398E-004   6.2499998603014891E-004
   1.9437073128741455E-003   2.0532223374942621E-003   6.2499998603016398E-004   6.2499998603014891E-004
   1.7397632481159745E-003   1.8462430245331175E-003   6.2499998603016398E-004   6.2499998603014891E-004
   1.4493121296700355E-003   1.5514039483388990E-003   6.2499998603016398E-004   6.2499998603014891E-004
   1.1444204740411062E-003   1.2116242484206050E-003   6.2499998603016398E-004   6.2499998603014891E-004
   8.3095257607835953E-004   8.8582654353809391E-004   6.2499998603016398E-004   6.2499998603014891E-004
   5.9327139431538192E-004   6.2747230251266922E-004   6.2499998603016398E-004   6.2499998603014891E-004
   4.6041920764246648E-004   4.8346377803902199E-004   6.2499998603016398E-004   6.2499998603014891E-004
   2.1753294319360749E-004   2.2282999800005525E-004   6.2499998603016398E-004   6.2499998603014891E-004
   3.7949797328231825E-004   3.9635829819651368E-004   6.2499998603016398E-004   6.2499998603014891E-004
   6.7109769348594689E-004   7.1234527971725746E-004   6.2499998603016398E-004   6.2499998603014891E-004
   1.0447844983645907E-003   1.1067106100962521E-003   6.2499998603016398E-004   6.2499998603014891E-004
   1.4107898354845895E-003   1.5066455862346607E-003   6.2499998603016398E-004   6.2499998603014891E-004
   1.7347847219484195E-003   1.8402329500277817E-003   6.2499998603016398E-004   6.2499998603014891E-004
   1.9504882294165522E-003   2.0611474986002307E-003   6.2499998603016398E-004   6.2499998603014891E-004
   2.0396352916881217E-003   2.1485591388081117E-003   6.2499998603016398E-004   6.2499998603014891E-004
   2.0088733234011895E-003   2.1087005553339362E-003   6.2499998603016398E-004   6.2499998603014891E-004
   1.8876629843302098E-003   1.9678234703328621E-003   6.2499998603016398E-004   6.2499998603014891E-004
   1.7418308650077455E-003   1.7627417712982190E-003   6.2499998603016398E-004   6.2499998603014891E-004
   1.5753544421008648E-003   1.5388720936389821E-003   6.2499998603016398E-004   6.2499998603014891E-004
   1.4336130442393451E-003   1.3453187723430039E-003   6.2499998603016398E-004   6.2499998603014891E-004
   1.3471464529924882E-003   1.2307776930698998E-003   6.2499998603016398E-004   6.2499998603014891E-004
   1.3450065680146420E-003   1.2282369000076515E-003   6.2499998603016398E-004   6.2499998603014891E-004
   1.4291005818068670E-003   1.3382765014069643E-003   6.2499998603016398E-004   6.2499998603014891E-004
   1.5683463096895385E-003   1.5290910779800710E-003   6.2499998603016398E-004   6.2499998603014891E-004
   1.7356564527219915E-003   1.7524468583233967E-003   6.2499998603016398E-004   6.2499998603014891E-004
   1.8859658150385931E-003   1.9596785890550949E-003   6.2499998603016398E-004   6.2499998603014891E-004
   2.0030988403762716E-003   2.1044671236461754E-003   6.2499998603016398E-004   6.2499998603014891E-004
   2.0391440070983355E-003   2.1493869711243126E-003   6.2499998603016398E-004   6.2499998603014891E-004
   1.9559617259746215E-003   2.0682064163200708E-003   6.2499998603016398E-004   6.2499998603014891E-004
   1.7454521892578876E-003   1.8528370452379022E-003   6.2499998603016398E-004   6.2499998603014891E-004
   1.4252262806872555E-003   1.5233278783751045E-003   6.2499998603016398E-004   6.2499998603014891E-004
   1.0621516797686345E-003   1.1249145224047825E-003   6.2499998603016398E-004   6.2499998603014891E-004
   6.8603174461001094E-004   7.2869275770932006E-004   6.2499998603016398E-004   6.2499998603014891E-004
   3.9009668175119531E-004   4.0771419271360158E-004   6.2499998603016398E-004   6.2499998603014891E-004
   2.2133426476202036E-004   2.2688968222469736E-004   6.2499998603016398E-004   6.2499998603014891E-004
   8.5106902408480889E-005   8.1179274333383568E-005   6.2499998603016398E-004   6.2499998603014891E-004
   2.8493020653943575E-004   2.9495088702468866E-004   6.2499998603016398E-004   6.2499998603014891E-004
   6.3700192101997653E-004   6.7510059532085043E-004   6.2499998603016398E-004   6.2499998603014891E-004
   1.0689587629365660E-003   1.1319279034948818E-003   6.2499998603016398E-004   6.2499998603014891E-004
   1.4683537400199298E-003   1.5693575972386758E-003   6.2499998603016398E-004   6.2499998603014891E-004
   1.7887159102790483E-003   1.9057618619487951E-003   6.2499998603016398E-004   6.2499998603014891E-004
   1.9774419810557383E-003   2.0999244561891945E-003   6.2499998603016398E-004   6.2499998603014891E-004
   2.0310838504338166E-003   2.1509015613350745E-003   6.2499998603016398E-004   6.2499998603014891E-004
   1.9827918608655154E-003   2.0905555880420469E-003   6.2499998603016398E-004   6.2499998603014891E-004
   1.8882142929209061E-003   1.9703893535583166E-003   6.2499998603016398E-004   6.2499998603014891E-004
   1.8012900494459422E-003   1.8459264833127328E-003   6.2499998603016398E-004   6.2499998603014891E-004
   1.7447909758911446E-003   1.7676840529916586E-003   6.2499998603016398E-004   6.2499998603014891E-004
   1.7439232458386163E-003   1.7659806510413967E-003   6.2499998603016398E-004   6.2499998603014891E-004
   1.7970912320800665E-003   1.8419484312393489E-003   6.2499998603016398E-004   6.2499998603014891E-004
   1.8873128337426024E-003   1.9655137476661177E-003   6.2499998603016398E-004   6.2499998603014891E-004
   1.9834258023510858E-003   2.0868130926594308E-003   6.2499998603016398E-004   6.2499998603014891E-004
   2.0283324486367036E-003   2.1503692845074264E-003   6.2499998603016398E-004   6.2499998603014891E-004
   1.9800413180670342E-003   2.1044298268268107E-003   6.2499998603016398E-004   6.2499998603014891E-004
   1.7968427287233598E-003   1.9161049709607002E-003   6.2499998603016398E-004   6.2499998603014891E-004
   1.4842962141452874E-003   1.5843391323471121E-003   6.2499998603016398E-004   6.2499998603014891E-004
   1.0855904678634162E-003   1.1494572617133710E-003   6.2499998603016398E-004   6.2499998603014891E-004
   6.5220641777831651E-004   6.9169992222839613E-004   6.2499998603016398E-004   6.2499998603014891E-004
   2.9603319593202805E-004   3.0681440954289692E-004   6.2499998603016398E-004   6.2499998603014891E-004
   8.9137035706139241E-005   8.5494042759208505E-005   6.2499998603016398E-004   6.2499998603014891E-004
   6.9909954482123721E-005   6.4914645729912719E-005   6.2499998603016398E-004   6.2499998603014891E-004
   3.1223191281395539E-004   3.2414195994373996E-004   6.2499998603016398E-004   6.2499998603014891E-004
   7.2226044792852919E-004   7.6857367433504032E-004   6.2499998603016398E-004   6.2499998603014891E-004
   1.1988887138827777E-003   1.2698849592493264E-003   6.2499998603016398E-004   6.2499998603014891E-004
   1.6110893986542153E-003   1.7070242704293782E-003   6.2499998603016398E-004   6.2499998603014891E-004
   1.8888449228183161E-003   2.0002356551881645E-003   6.2499998603016398E-004   6.2499998603014891E-004
   2.0205175189537579E-003   2.1334299968740122E-003   6.2499998603016398E-004   6.2499998603014891E-004
   2.0364798388503736E-003   2.1444325271907376E-003   6.2499998603016398E-004   6.2499998603014891E-004
   1.9919723529601284E-003   2.0965392211780079E-003   6.2499998603016398E-004   6.2499998603014891E-004
   1.9727484568760451E-003   2.0512955701113456E-003   6.2499998603016398E-004   6.2499998603014891E-004
   1.9721828719714493E-003   2.0504795607155985E-003   6.2499998603016398E-004   6.2499998603014891E-004
   1.9894402524513986E-003   2.0949643265496904E-003   6.2499998603016398E-004   6.2499998603014891E-004
   2.0374187535069938E-003   2.1433521228943768E-003   6.2499998603016398E-004   6.2499998603014891E-004
   2.0236729808862553E-003   2.1353369408980182E-003   6.2499998603016398E-004   6.2499998603014891E-004
   1.8962591674279931E-003   2.0066780002164094E-003   6.2499998603016398E-004   6.2499998603014891E-004
   1.6226252019782281E-003   1.7184996081102098E-003   6.2499998603016398E-004   6.2499998603014891E-004
   1.2130103742575384E-003   1.2854099743461723E-003   6.2499998603016398E-004   6.2499998603014891E-004
   7.3656324921684668E-004   7.8424991620911139E-004   6.2499998603016398E-004   6.2499998603014891E-004
   3.2321935471102962E-004   3.3595681512831342E-004   6.2499998603016398E-004   6.2499998603014891E-004
   7.4015487133334581E-005   6.9312345710023396E-005   6.2499998603016398E-004   6.2499998603014891E-004
   1.6954107965501121E-004   1.7151865352603597E-004   6.2499998603016398E-004   6.2499998603014891E-004
   4.6100799849912820E-004   4.8409694796041925E-004   6.2499998603016398E-004   6.2499998603014891E-004
   9.2949967064923566E-004   9.8733511448461362E-004   6.2499998603016398E-004   6.2499998603014891E-004
   1.4044158693927926E-003   1.4990515883520985E-003   6.2499998603016398E-004   6.2499998603014891E-004
   1.7663714719042447E-003   1.8780656810616987E-003   6.2499998603016398E-004   6.2499998603014891E-004
   1.9642516620122941E-003   2.0794821520579592E-003   6.2499998603016398E-004   6.2499998603014891E-004
   2.0371467341700621E-003   2.1441593646765933E-003   6.2499998603016398E-004   6.2499998603014891E-004
   2.0305140174833101E-003   2.1506968428666737E-003   6.2499998603016398E-004   6.2499998603014891E-004
   2.0301928740070027E-003   2.1505750476273197E-003   6.2499998603016398E-004   6.2499998603014891E-004
   2.0378875330790739E-003   2.1447071944680394E-003   6.2499998603016398E-004   6.2499998603014891E-004
   1.9664686506955446E-003   2.0825772017212226E-003   6.2499998603016398E-004   6.2499998603014891E-004
   1.7723922563804336E-003   1.8854904839969359E-003   6.2499998603016398E-004   6.2499998603014891E-004
   1.4144307322809537E-003   1.5107650223997093E-003   6.2499998603016398E-004   6.2499998603014891E-004
   9.4266223223556534E-004   1.0008736065213295E-003   6.2499998603016398E-004   6.2499998603014891E-004
   4.7131448960976882E-004   4.9520116006730990E-004   6.2499998603016398E-004   6.2499998603014891E-004
   1.7357138837450925E-004   1.7582747035676524E-004   6.2499998603016398E-004   6.2499998603014891E-004
   3.7173911783718033E-004   3.8799974989410762E-004   6.2499998603016398E-004   6.2499998603014891E-004
   7.2086344893965994E-004   7.6702704514281883E-004   6.2499998603016398E-004   6.2499998603014891E-004
   1.2324927788319436E-003   1.3066415057023299E-003   6.2499998603016398E-004   6.2499998603014891E-004
   1.6580204135004824E-003   1.7550498405246315E-003   6.2499998603016398E-004   6.2499998603014891E-004
   1.8921623236669400E-003   2.0031067822926210E-003   6.2499998603016398E-004   6.2499998603014891E-004
   1.9717492527421701E-003   2.0906299751631708E-003   6.2499998603016398E-004   6.2499998603014891E-004
   1.9722254304873638E-003   2.0913332065080007E-003   6.2499998603016398E-004   6.2499998603014891E-004
   1.8954445529827714E-003   2.0059247798077983E-003   6.2499998603016398E-004   6.2499998603014891E-004
   1.6641643226818835E-003   1.7616689527007367E-003   6.2499998603016398E-004   6.2499998603014891E-004
   1.2417240992058376E-003   1.3166010269378130E-003   6.2499998603016398E-004   6.2499998603014891E-004
   7.2963920708333889E-004   7.7665410841515673E-004   6.2499998603016398E-004   6.2499998603014891E-004
   3.7550151968824815E-004   3.9206477675327121E-004   6.2499998603016398E-004   6.2499998603014891E-004
   6.5574666185038528E-004   6.9559130351511090E-004   6.2499998603016398E-004   6.2499998603014891E-004
   1.0928747688970617E-003   1.1570890262820111E-003   6.2499998603016398E-004   6.2499998603014891E-004
   1.5551962600078961E-003   1.6519400183630634E-003   6.2499998603016398E-004   6.2499998603014891E-004
   1.7804450852861259E-003   1.8954422042459947E-003   6.2499998603016398E-004   6.2499998603014891E-004
   1.7815980347494777E-003   1.8969070990331846E-003   6.2499998603016398E-004   6.2499998603014891E-004
   1.5601120700133454E-003   1.6567494095556135E-003   6.2499998603016398E-004   6.2499998603014891E-004
   1.0995745506032985E-003   1.1641429162829273E-003   6.2499998603016398E-004   6.2499998603014891E-004
   6.5907172028441838E-004   6.9924008816008715E-004   6.2499998603016398E-004   6.2499998603014891E-004
   1.0219779211871301E-003   1.0829933947085625E-003   6.2499998603016398E-004   6.2499998603014891E-004
   1.4685783594286621E-003   1.5695733455594956E-003   6.2499998603016398E-004   6.2499998603014891E-004
   1.4706747951175961E-003   1.5715806876131640E-003   6.2499998603016398E-004   6.2499998603014891E-004
   1.0246717453230606E-003   1.0858175187007540E-003   6.2499998603016398E-004   6.2499998603014891E-004
