0.0000000000	1.0000000000	1.0000000000
0.2002002002	0.5277393691	0.4269285872
0.4004004004	0.4413950921	0.3450279414
0.6006006006	0.3921617045	0.3007561514
0.8008008008	0.3584551254	0.2713980965
1.0010010010	0.3332221759	0.2499062148
1.2012012012	0.3132845333	0.2332100568
1.4014014014	0.2969459686	0.2197114561
1.6016016016	0.2831988337	0.2084796173
1.8018018018	0.2713980965	0.1989283202
2.0020020020	0.2611073500	0.1906663629
2.2022022022	0.2520184315	0.1834207583
2.4024024024	0.2439061849	0.1769941092
2.6026026026	0.2366014514	0.1712394700
2.8028028028	0.2299741562	0.1660447730
3.0030030030	0.2239222917	0.1613227836
3.2032032032	0.2183644998	0.1570043953
3.4034034034	0.2132349348	0.1530340231
3.6036036036	0.2084796173	0.1493663586
3.8038038038	0.2040537914	0.1459640323
4.0040040040	0.1999199720	0.1427958987
4.2042042042	0.1960464783	0.1398357546
4.4044044044	0.1924063159	0.1370613682
4.6046046046	0.1889763129	0.1344537321
4.8048048048	0.1857364443	0.1319964819
5.0050050050	0.1826692978	0.1296754390
5.2052052052	0.1797596475	0.1274782465
5.4054054054	0.1769941092	0.1253940771
5.6056056056	0.1743608618	0.1234133966
5.8058058058	0.1718494172	0.1215277703
6.0060060060	0.1694504319	0.1197297046
6.2062062062	0.1671555496	0.1180125154
6.4064064064	0.1649572701	0.1163702179
6.6066066066	0.1628488383	0.1147974352
6.8068068068	0.1608241514	0.1132893205
7.0070070070	0.1588776789	0.1118414915
7.2072072072	0.1570043953	0.1104499740
7.4074074074	0.1551997213	0.1091111545
7.6076076076	0.1534594742	0.1078217386
7.8078078078	0.1517798242	0.1065787157
8.0080080080	0.1501572567	0.1053793281
8.2082082082	0.1485885395	0.1042210439
8.4084084084	0.1470706941	0.1031015341
8.6086086086	0.1456009703	0.1020186518
8.8088088088	0.1441768243	0.1009704141
9.0090090090	0.1427958987	0.0999549865
9.2092092092	0.1414560053	0.0989706687
9.4094094094	0.1401551099	0.0980158822
9.6096096096	0.1388913182	0.0970891592
9.8098098098	0.1376628638	0.0961891330
10.0100100100	0.1364680970	0.0953145288
10.2102102102	0.1353054754	0.0944641561
10.4104104104	0.1341735546	0.0936369017
10.6106106106	0.1330709804	0.0928317231
10.8108108108	0.1319964819	0.0920476429
11.0110110110	0.1309488646	0.0912837439
11.2112112112	0.1299270048	0.0905391640
11.4114114114	0.1289298440	0.0898130920
11.6116116116	0.1279563846	0.0891047642
11.8118118118	0.1270056848	0.0884134606
12.0120120120	0.1260768550	0.0877385014
12.2122122122	0.1251690541	0.0870792450
12.4124124124	0.1242814860	0.0864350842
12.6126126126	0.1234133966	0.0858054448
12.8128128128	0.1225640709	0.0851897828
13.0130130130	0.1217328307	0.0845875824
13.2132132132	0.1209190317	0.0839983544
13.4134134134	0.1201220618	0.0834216341
13.6136136136	0.1193413387	0.0828569801
13.8138138138	0.1185763083	0.0823039726
14.0140140140	0.1178264428	0.0817622121
14.2142142142	0.1170912392	0.0812313181
14.4144144144	0.1163702179	0.0807109280
14.6146146146	0.1156629208	0.0802006962
14.8148148148	0.1149689109	0.0797002926
15.0150150150	0.1142877704	0.0792094022
15.2152152152	0.1136190997	0.0787277242
15.4154154154	0.1129625168	0.0782549707
15.6156156156	0.1123176559	0.0777908665
15.8158158158	0.1116841667	0.0773351483
16.0160160160	0.1110617133	0.0768875637
16.2162162162	0.1104499740	0.0764478711
16.4164164164	0.1098486399	0.0760158388
16.6166166166	0.1092574148	0.0755912445
16.8168168168	0.1086760141	0.0751738751
17.0170170170	0.1081041643	0.0747635257
17.2172172172	0.1075416029	0.0743599998
17.4174174174	0.1069880770	0.0739631083
17.6176176176	0.1064433438	0.0735726695
17.8178178178	0.1059071692	0.0731885087
18.0180180180	0.1053793281	0.0728104578
18.2182182182	0.1048596035	0.0724383547
18.4184184184	0.1043477864	0.0720720437
18.6186186186	0.1038436753	0.0717113744
18.8188188188	0.1033470758	0.0713562022
19.0190190190	0.1028578005	0.0710063873
19.2192192192	0.1023756684	0.0706617951
19.4194194194	0.1019005049	0.0703222957
19.6196196196	0.1014321411	0.0699877636
19.8198198198	0.1009704141	0.0696580777
20.0200200200	0.1005151663	0.0693331210
20.2202202202	0.1000662455	0.0690127803
20.4204204204	0.0996235043	0.0686969463
20.6206206206	0.0991868001	0.0683855135
20.8208208208	0.0987559952	0.0680783795
21.0210210210	0.0983309559	0.0677754454
21.2212212212	0.0979115530	0.0674766154
21.4214214214	0.0974976612	0.0671817968
21.6216216216	0.0970891592	0.0668908999
21.8218218218	0.0966859295	0.0666038377
22.0220220220	0.0962878580	0.0663205258
22.2222222222	0.0958948341	0.0660408825
22.4224224224	0.0955067505	0.0657648287
22.6226226226	0.0951235034	0.0654922875
22.8228228228	0.0947449915	0.0652231844
23.0230230230	0.0943711170	0.0649574469
23.2232232232	0.0940017845	0.0646950050
23.4234234234	0.0936369017	0.0644357904
23.6236236236	0.0932763787	0.0641797369
23.8238238238	0.0929201281	0.0639267803
24.0240240240	0.0925680652	0.0636768580
24.2242242242	0.0922201075	0.0634299094
24.4244244244	0.0918761748	0.0631858753
24.6246246246	0.0915361889	0.0629446985
24.8248248248	0.0912000741	0.0627063231
25.0250250250	0.0908677564	0.0624706949
25.2252252252	0.0905391640	0.0622377609
25.4254254254	0.0902142268	0.0620074699
25.6256256256	0.0898928768	0.0617797717
25.8258258258	0.0895750476	0.0615546177
26.0260260260	0.0892606745	0.0613319604
26.2262262262	0.0889496945	0.0611117536
26.4264264264	0.0886420463	0.0608939524
26.6266266266	0.0883376700	0.0606785128
26.8268268268	0.0880365074	0.0604653922
27.0270270270	0.0877385014	0.0602545489
27.2272272272	0.0874435968	0.0600459423
27.4274274274	0.0871517394	0.0598395327
27.6276276276	0.0868628764	0.0596352817
27.8278278278	0.0865769564	0.0594331514
28.0280280280	0.0862939290	0.0592331052
28.2282282282	0.0860137453	0.0590351071
28.4284284284	0.0857363574	0.0588391223
28.6286286286	0.0854617184	0.0586451164
28.8288288288	0.0851897828	0.0584530563
29.0290290290	0.0849205059	0.0582629092
29.2292292292	0.0846538442	0.0580746434
29.4294294294	0.0843897551	0.0578882279
29.6296296296	0.0841281970	0.0577036322
29.8298298298	0.0838691293	0.0575208267
30.0300300300	0.0836125121	0.0573397825
30.2302302302	0.0833583067	0.0571604712
30.4304304304	0.0831064751	0.0569828651
30.6306306306	0.0828569801	0.0568069371
30.8308308308	0.0826097853	0.0566326609
31.0310310310	0.0823648553	0.0564600104
31.2312312312	0.0821221552	0.0562889604
31.4314314314	0.0818816511	0.0561194861
31.6316316316	0.0816433096	0.0559515633
31.8318318318	0.0814070981	0.0557851683
32.0320320320	0.0811729847	0.0556202778
32.2322322322	0.0809409382	0.0554568691
32.4324324324	0.0807109280	0.0552949201
32.6326326326	0.0804829242	0.0551344089
32.8328328328	0.0802568973	0.0549753143
33.0330330330	0.0800328188	0.0548176153
33.2332332332	0.0798106604	0.0546612915
33.4334334334	0.0795903945	0.0545063229
33.6336336336	0.0793719942	0.0543526899
33.8338338338	0.0791554329	0.0542003733
34.0340340340	0.0789406847	0.0540493542
34.2342342342	0.0787277242	0.0538996141
34.4344344344	0.0785165264	0.0537511351
34.6346346346	0.0783070668	0.0536038993
34.8348348348	0.0780993215	0.0534578893
35.0350350350	0.0778932670	0.0533130882
35.2352352352	0.0776888802	0.0531694792
35.4354354354	0.0774861384	0.0530270459
35.6356356356	0.0772850195	0.0528857723
35.8358358358	0.0770855018	0.0527456426
36.0360360360	0.0768875637	0.0526066413
36.2362362362	0.0766911845	0.0524687533
36.4364364364	0.0764963434	0.0523319636
36.6366366366	0.0763030204	0.0521962576
36.8368368368	0.0761111955	0.0520616211
37.0370370370	0.0759208494	0.0519280399
37.2372372372	0.0757319628	0.0517955002
37.4374374374	0.0755445172	0.0516639885
37.6376376376	0.0753584940	0.0515334914
37.8378378378	0.0751738751	0.0514039959
38.0380380380	0.0749906428	0.0512754891
38.2382382382	0.0748087796	0.0511479585
38.4384384384	0.0746282684	0.0510213916
38.6386386386	0.0744490923	0.0508957763
38.8388388388	0.0742712348	0.0507711007
39.0390390390	0.0740946796	0.0506473529
39.2392392392	0.0739194108	0.0505245215
39.4394394394	0.0737454125	0.0504025951
39.6396396396	0.0735726695	0.0502815626
39.8398398398	0.0734011665	0.0501614130
40.0400400400	0.0732308885	0.0500421357
40.2402402402	0.0730618210	0.0499237199
40.4404404404	0.0728939495	0.0498061554
40.6406406406	0.0727272598	0.0496894319
40.8408408408	0.0725617379	0.0495735393
41.0410410410	0.0723973703	0.0494584678
41.2412412412	0.0722341433	0.0493442077
41.4414414414	0.0720720437	0.0492307494
41.6416416416	0.0719110584	0.0491180834
41.8418418418	0.0717511747	0.0490062006
42.0420420420	0.0715923799	0.0488950919
42.2422422422	0.0714346615	0.0487847483
42.4424424424	0.0712780074	0.0486751611
42.6426426426	0.0711224054	0.0485663215
42.8428428428	0.0709678438	0.0484582210
43.0430430430	0.0708143109	0.0483508513
43.2432432432	0.0706617951	0.0482442041
43.4434434434	0.0705102853	0.0481382713
43.6436436436	0.0703597703	0.0480330449
43.8438438438	0.0702102392	0.0479285170
44.0440440440	0.0700616811	0.0478246799
44.2442442442	0.0699140855	0.0477215259
44.4444444444	0.0697674419	0.0476190476
44.6446446446	0.0696217400	0.0475172376
44.8448448448	0.0694769697	0.0474160885
45.0450450450	0.0693331210	0.0473155932
45.2452452452	0.0691901840	0.0472157447
45.4454454454	0.0690481492	0.0471165360
45.6456456456	0.0689070068	0.0470179602
45.8458458458	0.0687667477	0.0469200106
46.0460460460	0.0686273624	0.0468226806
46.2462462462	0.0684888418	0.0467259636
46.4464464464	0.0683511770	0.0466298531
46.6466466466	0.0682143592	0.0465343429
46.8468468468	0.0680783795	0.0464394266
47.0470470470	0.0679432293	0.0463450981
47.2472472472	0.0678089003	0.0462513513
47.4474474474	0.0676753840	0.0461581802
47.6476476476	0.0675426721	0.0460655789
47.8478478478	0.0674107567	0.0459735415
48.0480480480	0.0672796296	0.0458820624
48.2482482482	0.0671492829	0.0457911359
48.4484484484	0.0670197089	0.0457007564
48.6486486486	0.0668908999	0.0456109184
48.8488488488	0.0667628483	0.0455216165
49.0490490490	0.0666355467	0.0454328453
49.2492492492	0.0665089877	0.0453445996
49.4494494494	0.0663831641	0.0452568742
49.6496496496	0.0662580686	0.0451696640
49.8498498498	0.0661336943	0.0450829638
50.0500500501	0.0660100341	0.0449967688
50.2502502503	0.0658870811	0.0449110740
50.4504504505	0.0657648287	0.0448258745
50.6506506507	0.0656432701	0.0447411656
50.8508508509	0.0655223988	0.0446569425
51.0510510511	0.0654022081	0.0445732006
51.2512512513	0.0652826917	0.0444899354
51.4514514515	0.0651638432	0.0444071422
51.6516516517	0.0650456565	0.0443248166
51.8518518519	0.0649281252	0.0442429542
52.0520520521	0.0648112434	0.0441615506
52.2522522523	0.0646950050	0.0440806016
52.4524524525	0.0645794040	0.0440001028
52.6526526527	0.0644644347	0.0439200502
52.8528528529	0.0643500912	0.0438404396
53.0530530531	0.0642363678	0.0437612668
53.2532532533	0.0641232589	0.0436825280
53.4534534535	0.0640107590	0.0436042190
53.6536536537	0.0638988624	0.0435263361
53.8538538539	0.0637875639	0.0434488752
54.0540540541	0.0636768580	0.0433718327
54.2542542543	0.0635667395	0.0432952047
54.4544544545	0.0634572031	0.0432189874
54.6546546547	0.0633482437	0.0431431773
54.8548548549	0.0632398562	0.0430677707
55.0550550551	0.0631320356	0.0429927639
55.2552552553	0.0630247768	0.0429181536
55.4554554555	0.0629180750	0.0428439360
55.6556556557	0.0628119254	0.0427701079
55.8558558559	0.0627063231	0.0426966657
56.0560560561	0.0626012635	0.0426236062
56.2562562563	0.0624967418	0.0425509259
56.4564564565	0.0623927534	0.0424786217
56.6566566567	0.0622892938	0.0424066902
56.8568568569	0.0621863585	0.0423351282
57.0570570571	0.0620839430	0.0422639325
57.2572572573	0.0619820429	0.0421931001
57.4574574575	0.0618806539	0.0421226279
57.6576576577	0.0617797717	0.0420525127
57.8578578579	0.0616793920	0.0419827515
58.0580580581	0.0615795106	0.0419133414
58.2582582583	0.0614801235	0.0418442795
58.4584584585	0.0613812264	0.0417755627
58.6586586587	0.0612828154	0.0417071882
58.8588588589	0.0611848864	0.0416391532
59.0590590591	0.0610874355	0.0415714549
59.2592592593	0.0609904588	0.0415040904
59.4594594595	0.0608939524	0.0414370570
59.6596596597	0.0607979125	0.0413703520
59.8598598599	0.0607023353	0.0413039727
60.0600600601	0.0606072170	0.0412379165
60.2602602603	0.0605125541	0.0411721807
60.4604604605	0.0604183428	0.0411067627
60.6606606607	0.0603245795	0.0410416600
60.8608608609	0.0602312607	0.0409768700
61.0610610611	0.0601383828	0.0409123902
61.2612612613	0.0600459423	0.0408482181
61.4614614615	0.0599539358	0.0407843513
61.6616616617	0.0598623598	0.0407207874
61.8618618619	0.0597712111	0.0406575239
62.0620620621	0.0596804862	0.0405945585
62.2622622623	0.0595901818	0.0405318888
62.4624624625	0.0595002948	0.0404695125
62.6626626627	0.0594108218	0.0404074273
62.8628628629	0.0593217596	0.0403456310
63.0630630631	0.0592331052	0.0402841213
63.2632632633	0.0591448553	0.0402228960
63.4634634635	0.0590570068	0.0401619528
63.6636636637	0.0589695568	0.0401012897
63.8638638639	0.0588825022	0.0400409044
64.0640640641	0.0587958400	0.0399807948
64.2642642643	0.0587095672	0.0399209589
64.4644644645	0.0586236809	0.0398613945
64.6646646647	0.0585381782	0.0398020996
64.8648648649	0.0584530563	0.0397430722
65.0650650651	0.0583683122	0.0396843102
65.2652652653	0.0582839432	0.0396258116
65.4654654655	0.0581999465	0.0395675745
65.6656656657	0.0581163193	0.0395095970
65.8658658659	0.0580330589	0.0394518770
66.0660660661	0.0579501627	0.0393944127
66.2662662663	0.0578676279	0.0393372021
66.4664664665	0.0577854520	0.0392802435
66.6666666667	0.0577036322	0.0392235349
66.8668668669	0.0576221660	0.0391670746
67.0670670671	0.0575410509	0.0391108606
67.2672672673	0.0574602844	0.0390548913
67.4674674675	0.0573798638	0.0389991648
67.6676676677	0.0572997868	0.0389436794
67.8678678679	0.0572200508	0.0388884332
68.0680680681	0.0571406535	0.0388334247
68.2682682683	0.0570615924	0.0387786521
68.4684684685	0.0569828651	0.0387241137
68.6686686687	0.0569044693	0.0386698078
68.8688688689	0.0568264026	0.0386157328
69.0690690691	0.0567486628	0.0385618871
69.2692692693	0.0566712475	0.0385082689
69.4694694695	0.0565941545	0.0384548767
69.6696696697	0.0565173815	0.0384017090
69.8698698699	0.0564409263	0.0383487641
70.0700700701	0.0563647866	0.0382960405
70.2702702703	0.0562889604	0.0382435366
70.4704704705	0.0562134454	0.0381912509
70.6706706707	0.0561382396	0.0381391819
70.8708708709	0.0560633407	0.0380873281
71.0710710711	0.0559887466	0.0380356879
71.2712712713	0.0559144554	0.0379842600
71.4714714715	0.0558404650	0.0379330429
71.6716716717	0.0557667732	0.0378820351
71.8718718719	0.0556933782	0.0378312352
72.0720720721	0.0556202778	0.0377806418
72.2722722723	0.0555474701	0.0377302534
72.4724724725	0.0554749532	0.0376800688
72.6726726727	0.0554027250	0.0376300865
72.8728728729	0.0553307838	0.0375803051
73.0730730731	0.0552591275	0.0375307233
73.2732732733	0.0551877542	0.0374813398
73.4734734735	0.0551166622	0.0374321532
73.6736736737	0.0550458495	0.0373831623
73.8738738739	0.0549753143	0.0373343657
74.0740740741	0.0549050548	0.0372857621
74.2742742743	0.0548350691	0.0372373503
74.4744744745	0.0547653555	0.0371891290
74.6746746747	0.0546959123	0.0371410969
74.8748748749	0.0546267376	0.0370932529
75.0750750751	0.0545578298	0.0370455956
75.2752752753	0.0544891870	0.0369981239
75.4754754755	0.0544208076	0.0369508365
75.6756756757	0.0543526899	0.0369037323
75.8758758759	0.0542848322	0.0368568101
76.0760760761	0.0542172329	0.0368100686
76.2762762763	0.0541498903	0.0367635068
76.4764764765	0.0540828028	0.0367171235
76.6766766767	0.0540159687	0.0366709175
76.8768768769	0.0539493865	0.0366248877
77.0770770771	0.0538830545	0.0365790330
77.2772772773	0.0538169712	0.0365333523
77.4774774775	0.0537511351	0.0364878444
77.6776776777	0.0536855445	0.0364425083
77.8778778779	0.0536201979	0.0363973429
78.0780780781	0.0535550939	0.0363523471
78.2782782783	0.0534902309	0.0363075198
78.4784784785	0.0534256074	0.0362628601
78.6786786787	0.0533612220	0.0362183667
78.8788788789	0.0532970731	0.0361740389
79.0790790791	0.0532331593	0.0361298753
79.2792792793	0.0531694792	0.0360858752
79.4794794795	0.0531060313	0.0360420374
79.6796796797	0.0530428143	0.0359983610
79.8798798799	0.0529798267	0.0359548449
80.0800800801	0.0529170671	0.0359114883
80.2802802803	0.0528545341	0.0358682900
80.4804804805	0.0527922264	0.0358252491
80.6806806807	0.0527301426	0.0357823648
80.8808808809	0.0526682813	0.0357396360
81.0810810811	0.0526066413	0.0356970617
81.2812812813	0.0525452212	0.0356546411
81.4814814815	0.0524840196	0.0356123733
81.6816816817	0.0524230354	0.0355702572
81.8818818819	0.0523622671	0.0355282920
82.0820820821	0.0523017135	0.0354864769
82.2822822823	0.0522413734	0.0354448108
82.4824824825	0.0521812454	0.0354032929
82.6826826827	0.0521213284	0.0353619224
82.8828828829	0.0520616211	0.0353206983
83.0830830831	0.0520021222	0.0352796198
83.2832832833	0.0519428305	0.0352386861
83.4834834835	0.0518837449	0.0351978962
83.6836836837	0.0518248641	0.0351572493
83.8838838839	0.0517661870	0.0351167447
84.0840840841	0.0517077123	0.0350763814
84.2842842843	0.0516494389	0.0350361586
84.4844844845	0.0515913657	0.0349960756
84.6846846847	0.0515334914	0.0349561314
84.8848848849	0.0514758150	0.0349163254
85.0850850851	0.0514183352	0.0348766567
85.2852852853	0.0513610511	0.0348371245
85.4854854855	0.0513039614	0.0347977280
85.6856856857	0.0512470651	0.0347584665
85.8858858859	0.0511903610	0.0347193392
86.0860860861	0.0511338482	0.0346803453
86.2862862863	0.0510775254	0.0346414840
86.4864864865	0.0510213916	0.0346027547
86.6866866867	0.0509654458	0.0345641564
86.8868868869	0.0509096870	0.0345256886
87.0870870871	0.0508541139	0.0344873505
87.2872872873	0.0507987258	0.0344491413
87.4874874875	0.0507435214	0.0344110604
87.6876876877	0.0506884998	0.0343731069
87.8878878879	0.0506336599	0.0343352802
88.0880880881	0.0505790008	0.0342975796
88.2882882883	0.0505245215	0.0342600044
88.4884884885	0.0504702209	0.0342225539
88.6886886887	0.0504160981	0.0341852273
88.8888888889	0.0503621521	0.0341480241
89.0890890891	0.0503083820	0.0341109435
89.2892892893	0.0502547868	0.0340739848
89.4894894895	0.0502013655	0.0340371474
89.6896896897	0.0501481171	0.0340004306
89.8898898899	0.0500950409	0.0339638338
90.0900900901	0.0500421357	0.0339273562
90.2902902903	0.0499894007	0.0338909974
90.4904904905	0.0499368350	0.0338547565
90.6906906907	0.0498844377	0.0338186330
90.8908908909	0.0498322078	0.0337826262
91.0910910911	0.0497801445	0.0337467355
91.2912912913	0.0497282469	0.0337109603
91.4914914915	0.0496765141	0.0336752999
91.6916916917	0.0496249452	0.0336397538
91.8918918919	0.0495735393	0.0336043213
92.0920920921	0.0495222957	0.0335690018
92.2922922923	0.0494712133	0.0335337947
92.4924924925	0.0494202915	0.0334986995
92.6926926927	0.0493695292	0.0334637154
92.8928928929	0.0493189258	0.0334288420
93.0930930931	0.0492684803	0.0333940787
93.2932932933	0.0492181920	0.0333594248
93.4934934935	0.0491680599	0.0333248799
93.6936936937	0.0491180834	0.0332904432
93.8938938939	0.0490682616	0.0332561143
94.0940940941	0.0490185937	0.0332218926
94.2942942943	0.0489690788	0.0331877775
94.4944944945	0.0489197163	0.0331537685
94.6946946947	0.0488705053	0.0331198651
94.8948948949	0.0488214451	0.0330860666
95.0950950951	0.0487725348	0.0330523725
95.2952952953	0.0487237737	0.0330187824
95.4954954955	0.0486751611	0.0329852956
95.6956956957	0.0486266961	0.0329519116
95.8958958959	0.0485783781	0.0329186300
96.0960960961	0.0485302063	0.0328854501
96.2962962963	0.0484821799	0.0328523715
96.4964964965	0.0484342982	0.0328193936
96.6966966967	0.0483865605	0.0327865159
96.8968968969	0.0483389661	0.0327537380
97.0970970971	0.0482915142	0.0327210593
97.2972972973	0.0482442041	0.0326884793
97.4974974975	0.0481970351	0.0326559975
97.6976976977	0.0481500066	0.0326236135
97.8978978979	0.0481031177	0.0325913266
98.0980980981	0.0480563679	0.0325591365
98.2982982983	0.0480097564	0.0325270427
98.4984984985	0.0479632825	0.0324950447
98.6986986987	0.0479169456	0.0324631419
98.8988988989	0.0478707449	0.0324313340
99.0990990991	0.0478246799	0.0323996204
99.2992992993	0.0477787498	0.0323680007
99.4994994995	0.0477329540	0.0323364745
99.6996996997	0.0476872918	0.0323050412
99.8998998999	0.0476417626	0.0322737004
100.1001001001	0.0475963657	0.0322424516
100.3003003003	0.0475511005	0.0322112945
100.5005005005	0.0475059663	0.0321802285
100.7007007007	0.0474609625	0.0321492532
100.9009009009	0.0474160885	0.0321183681
101.1011011011	0.0473713436	0.0320875729
101.3013013013	0.0473267273	0.0320568671
101.5015015015	0.0472822389	0.0320262502
101.7017017017	0.0472378777	0.0319957218
101.9019019019	0.0471936433	0.0319652815
102.1021021021	0.0471495349	0.0319349289
102.3023023023	0.0471055520	0.0319046636
102.5025025025	0.0470616939	0.0318744850
102.7027027027	0.0470179602	0.0318443929
102.9029029029	0.0469743501	0.0318143868
103.1031031031	0.0469308632	0.0317844663
103.3033033033	0.0468874988	0.0317546309
103.5035035035	0.0468442563	0.0317248803
103.7037037037	0.0468011352	0.0316952141
103.9039039039	0.0467581349	0.0316656319
104.1041041041	0.0467152548	0.0316361332
104.3043043043	0.0466724944	0.0316067177
104.5045045045	0.0466298531	0.0315773850
104.7047047047	0.0465873304	0.0315481347
104.9049049049	0.0465449257	0.0315189665
105.1051051051	0.0465026385	0.0314898798
105.3053053053	0.0464604681	0.0314608744
105.5055055055	0.0464184142	0.0314319499
105.7057057057	0.0463764760	0.0314031058
105.9059059059	0.0463346532	0.0313743419
106.1061061061	0.0462929451	0.0313456577
106.3063063063	0.0462513513	0.0313170529
106.5065065065	0.0462098712	0.0312885271
106.7067067067	0.0461685043	0.0312600799
106.9069069069	0.0461272501	0.0312317110
107.1071071071	0.0460861080	0.0312034201
107.3073073073	0.0460450776	0.0311752067
107.5075075075	0.0460041583	0.0311470705
107.7077077077	0.0459633497	0.0311190111
107.9079079079	0.0459226512	0.0310910283
108.1081081081	0.0458820624	0.0310631216
108.3083083083	0.0458415828	0.0310352908
108.5085085085	0.0458012117	0.0310075354
108.7087087087	0.0457609489	0.0309798551
108.9089089089	0.0457207937	0.0309522496
109.1091091091	0.0456807458	0.0309247186
109.3093093093	0.0456408046	0.0308972617
109.5095095095	0.0456009696	0.0308698785
109.7097097097	0.0455612404	0.0308425688
109.9099099099	0.0455216165	0.0308153322
110.1101101101	0.0454820974	0.0307881684
110.3103103103	0.0454426827	0.0307610771
110.5105105105	0.0454033720	0.0307340579
110.7107107107	0.0453641646	0.0307071106
110.9109109109	0.0453250603	0.0306802347
111.1111111111	0.0452860585	0.0306534300
111.3113113113	0.0452471588	0.0306266962
111.5115115115	0.0452083608	0.0306000330
111.7117117117	0.0451696640	0.0305734400
111.9119119119	0.0451310679	0.0305469169
112.1121121121	0.0450925721	0.0305204635
112.3123123123	0.0450541763	0.0304940794
112.5125125125	0.0450158798	0.0304677643
112.7127127127	0.0449776824	0.0304415179
112.9129129129	0.0449395836	0.0304153400
113.1131131131	0.0449015830	0.0303892302
113.3133133133	0.0448636801	0.0303631882
113.5135135135	0.0448258745	0.0303372137
113.7137137137	0.0447881658	0.0303113065
113.9139139139	0.0447505536	0.0302854662
114.1141141141	0.0447130375	0.0302596926
114.3143143143	0.0446756170	0.0302339853
114.5145145145	0.0446382918	0.0302083441
114.7147147147	0.0446010614	0.0301827688
114.9149149149	0.0445639255	0.0301572589
115.1151151151	0.0445268836	0.0301318143
115.3153153153	0.0444899354	0.0301064347
115.5155155155	0.0444530804	0.0300811197
115.7157157157	0.0444163182	0.0300558692
115.9159159159	0.0443796486	0.0300306828
116.1161161161	0.0443430710	0.0300055602
116.3163163163	0.0443065851	0.0299805013
116.5165165165	0.0442701904	0.0299555056
116.7167167167	0.0442338868	0.0299305730
116.9169169169	0.0441976736	0.0299057032
117.1171171171	0.0441615506	0.0298808960
117.3173173173	0.0441255174	0.0298561510
117.5175175175	0.0440895736	0.0298314680
117.7177177177	0.0440537188	0.0298068467
117.9179179179	0.0440179527	0.0297822869
118.1181181181	0.0439822750	0.0297577884
118.3183183183	0.0439466851	0.0297333508
118.5185185185	0.0439111828	0.0297089739
118.7187187187	0.0438757678	0.0296846576
118.9189189189	0.0438404396	0.0296604014
119.1191191191	0.0438051979	0.0296362052
119.3193193193	0.0437700423	0.0296120687
119.5195195195	0.0437349725	0.0295879917
119.7197197197	0.0436999882	0.0295639739
119.9199199199	0.0436650890	0.0295400151
120.1201201201	0.0436302745	0.0295161151
120.3203203203	0.0435955444	0.0294922735
120.5205205205	0.0435608984	0.0294684902
120.7207207207	0.0435263361	0.0294447650
120.9209209209	0.0434918571	0.0294210975
121.1211211211	0.0434574613	0.0293974876
121.3213213213	0.0434231481	0.0293739350
121.5215215215	0.0433889173	0.0293504395
121.7217217217	0.0433547685	0.0293270008
121.9219219219	0.0433207015	0.0293036188
122.1221221221	0.0432867159	0.0292802932
122.3223223223	0.0432528113	0.0292570237
122.5225225225	0.0432189874	0.0292338102
122.7227227227	0.0431852440	0.0292106524
122.9229229229	0.0431515807	0.0291875501
123.1231231231	0.0431179971	0.0291645031
123.3233233233	0.0430844930	0.0291415111
123.5235235235	0.0430510681	0.0291185740
123.7237237237	0.0430177220	0.0290956914
123.9239239239	0.0429844544	0.0290728633
124.1241241241	0.0429512650	0.0290500894
124.3243243243	0.0429181536	0.0290273694
124.5245245245	0.0428851197	0.0290047032
124.7247247247	0.0428521631	0.0289820905
124.9249249249	0.0428192835	0.0289595312
125.1251251251	0.0427864807	0.0289370249
125.3253253253	0.0427537542	0.0289145716
125.5255255255	0.0427211038	0.0288921710
125.7257257257	0.0426885292	0.0288698229
125.9259259259	0.0426560301	0.0288475270
126.1261261261	0.0426236062	0.0288252833
126.3263263263	0.0425912572	0.0288030914
126.5265265265	0.0425589829	0.0287809513
126.7267267267	0.0425267829	0.0287588626
126.9269269269	0.0424946570	0.0287368252
127.1271271271	0.0424626048	0.0287148388
127.3273273273	0.0424306261	0.0286929034
127.5275275275	0.0423987206	0.0286710186
127.7277277277	0.0423668881	0.0286491843
127.9279279279	0.0423351282	0.0286274003
128.1281281281	0.0423034406	0.0286056664
128.3283283283	0.0422718252	0.0285839825
128.5285285285	0.0422402815	0.0285623482
128.7287287287	0.0422088094	0.0285407635
128.9289289289	0.0421774086	0.0285192281
129.1291291291	0.0421460788	0.0284977419
129.3293293293	0.0421148197	0.0284763046
129.5295295295	0.0420836311	0.0284549161
129.7297297297	0.0420525127	0.0284335762
129.9299299299	0.0420214642	0.0284122847
130.1301301301	0.0419904854	0.0283910414
130.3303303303	0.0419595760	0.0283698462
130.5305305305	0.0419287357	0.0283486988
130.7307307307	0.0418979643	0.0283275991
130.9309309309	0.0418672616	0.0283065469
131.1311311311	0.0418366273	0.0282855421
131.3313313313	0.0418060610	0.0282645843
131.5315315315	0.0417755627	0.0282436736
131.7317317317	0.0417451319	0.0282228096
131.9319319319	0.0417147686	0.0282019922
132.1321321321	0.0416844723	0.0281812213
132.3323323323	0.0416542429	0.0281604967
132.5325325325	0.0416240801	0.0281398181
132.7327327327	0.0415939837	0.0281191855
132.9329329329	0.0415639535	0.0280985986
133.1331331331	0.0415339891	0.0280780573
133.3333333333	0.0415040904	0.0280575614
133.5335335335	0.0414742570	0.0280371108
133.7337337337	0.0414444889	0.0280167053
133.9339339339	0.0414147856	0.0279963446
134.1341341341	0.0413851471	0.0279760287
134.3343343343	0.0413555730	0.0279557574
134.5345345345	0.0413260631	0.0279355306
134.7347347347	0.0412966172	0.0279153480
134.9349349349	0.0412672351	0.0278952094
135.1351351351	0.0412379165	0.0278751149
135.3353353353	0.0412086612	0.0278550641
135.5355355355	0.0411794689	0.0278350569
135.7357357357	0.0411503395	0.0278150932
135.9359359359	0.0411212727	0.0277951727
136.1361361361	0.0410922683	0.0277752955
136.3363363363	0.0410633260	0.0277554612
136.5365365365	0.0410344457	0.0277356697
136.7367367367	0.0410056271	0.0277159210
136.9369369369	0.0409768700	0.0276962147
137.1371371371	0.0409481741	0.0276765508
137.3373373373	0.0409195393	0.0276569292
137.5375375375	0.0408909654	0.0276373496
137.7377377377	0.0408624521	0.0276178119
137.9379379379	0.0408339992	0.0275983160
138.1381381381	0.0408056065	0.0275788617
138.3383383383	0.0407772737	0.0275594489
138.5385385385	0.0407490008	0.0275400774
138.7387387387	0.0407207874	0.0275207471
138.9389389389	0.0406926333	0.0275014578
139.1391391391	0.0406645384	0.0274822094
139.3393393393	0.0406365024	0.0274630017
139.5395395395	0.0406085251	0.0274438346
139.7397397397	0.0405806064	0.0274247080
139.9399399399	0.0405527460	0.0274056217
140.1401401401	0.0405249436	0.0273865756
140.3403403403	0.0404971992	0.0273675694
140.5405405405	0.0404695125	0.0273486032
140.7407407407	0.0404418833	0.0273296767
140.9409409409	0.0404143114	0.0273107898
141.1411411411	0.0403867966	0.0272919424
141.3413413413	0.0403593387	0.0272731343
141.5415415415	0.0403319375	0.0272543655
141.7417417417	0.0403045928	0.0272356356
141.9419419419	0.0402773045	0.0272169447
142.1421421421	0.0402500723	0.0271982926
142.3423423423	0.0402228960	0.0271796791
142.5425425425	0.0401957754	0.0271611042
142.7427427427	0.0401687104	0.0271425676
142.9429429429	0.0401417008	0.0271240693
143.1431431431	0.0401147463	0.0271056091
143.3433433433	0.0400878468	0.0270871868
143.5435435435	0.0400610021	0.0270688025
143.7437437437	0.0400342120	0.0270504559
143.9439439439	0.0400074763	0.0270321468
144.1441441441	0.0399807948	0.0270138753
144.3443443443	0.0399541674	0.0269956411
144.5445445445	0.0399275939	0.0269774441
144.7447447447	0.0399010740	0.0269592841
144.9449449449	0.0398746077	0.0269411612
145.1451451451	0.0398481947	0.0269230751
145.3453453453	0.0398218348	0.0269050257
145.5455455455	0.0397955278	0.0268870129
145.7457457457	0.0397692737	0.0268690365
145.9459459459	0.0397430722	0.0268510965
146.1461461461	0.0397169231	0.0268331927
146.3463463463	0.0396908263	0.0268153250
146.5465465465	0.0396647815	0.0267974932
146.7467467467	0.0396387886	0.0267796974
146.9469469469	0.0396128475	0.0267619372
147.1471471471	0.0395869580	0.0267442127
147.3473473473	0.0395611198	0.0267265236
147.5475475475	0.0395353329	0.0267088699
147.7477477477	0.0395095970	0.0266912515
147.9479479479	0.0394839120	0.0266736682
148.1481481481	0.0394582777	0.0266561200
148.3483483483	0.0394326939	0.0266386066
148.5485485485	0.0394071605	0.0266211280
148.7487487487	0.0393816774	0.0266036841
148.9489489489	0.0393562442	0.0265862748
149.1491491491	0.0393308610	0.0265688999
149.3493493493	0.0393055275	0.0265515593
149.5495495495	0.0392802435	0.0265342530
149.7497497497	0.0392550089	0.0265169807
149.9499499499	0.0392298236	0.0264997425
150.1501501502	0.0392046873	0.0264825381
150.3503503504	0.0391796000	0.0264653675
150.5505505506	0.0391545614	0.0264482305
150.7507507508	0.0391295714	0.0264311271
150.9509509510	0.0391046298	0.0264140572
151.1511511512	0.0390797365	0.0263970205
151.3513513514	0.0390548913	0.0263800171
151.5515515516	0.0390300941	0.0263630468
151.7517517518	0.0390053447	0.0263461095
151.9519519520	0.0389806429	0.0263292051
152.1521521522	0.0389559887	0.0263123335
152.3523523524	0.0389313818	0.0262954945
152.5525525526	0.0389068221	0.0262786882
152.7527527528	0.0388823095	0.0262619143
152.9529529530	0.0388578437	0.0262451728
153.1531531532	0.0388334247	0.0262284635
153.3533533534	0.0388090523	0.0262117864
153.5535535536	0.0387847264	0.0261951414
153.7537537538	0.0387604467	0.0261785283
153.9539539540	0.0387362132	0.0261619471
154.1541541542	0.0387120257	0.0261453976
154.3543543544	0.0386878841	0.0261288797
154.5545545546	0.0386637881	0.0261123934
154.7547547548	0.0386397378	0.0260959386
154.9549549550	0.0386157328	0.0260795151
155.1551551552	0.0385917732	0.0260631228
155.3553553554	0.0385678586	0.0260467617
155.5555555556	0.0385439891	0.0260304316
155.7557557558	0.0385201645	0.0260141325
155.9559559560	0.0384963845	0.0259978643
156.1561561562	0.0384726491	0.0259816267
156.3563563564	0.0384489582	0.0259654199
156.5565565566	0.0384253115	0.0259492436
156.7567567568	0.0384017090	0.0259330978
156.9569569570	0.0383781505	0.0259169823
157.1571571572	0.0383546359	0.0259008971
157.3573573574	0.0383311651	0.0258848421
157.5575575576	0.0383077378	0.0258688172
157.7577577578	0.0382843540	0.0258528222
157.9579579580	0.0382610136	0.0258368572
158.1581581582	0.0382377163	0.0258209219
158.3583583584	0.0382144621	0.0258050164
158.5585585586	0.0381912509	0.0257891404
158.7587587588	0.0381680824	0.0257732940
158.9589589590	0.0381449567	0.0257574771
159.1591591592	0.0381218734	0.0257416894
159.3593593594	0.0380988326	0.0257259310
159.5595595596	0.0380758341	0.0257102018
159.7597597598	0.0380528776	0.0256945017
159.9599599600	0.0380299633	0.0256788305
160.1601601602	0.0380070908	0.0256631882
160.3603603604	0.0379842600	0.0256475747
160.5605605606	0.0379614709	0.0256319900
160.7607607608	0.0379387233	0.0256164338
160.9609609610	0.0379160171	0.0256009062
161.1611611612	0.0378933522	0.0255854071
161.3613613614	0.0378707283	0.0255699363
161.5615615616	0.0378481455	0.0255544937
161.7617617618	0.0378256035	0.0255390794
161.9619619620	0.0378031023	0.0255236932
162.1621621622	0.0377806418	0.0255083349
162.3623623624	0.0377582217	0.0254930047
162.5625625626	0.0377358421	0.0254777022
162.7627627628	0.0377135027	0.0254624276
162.9629629630	0.0376912034	0.0254471806
163.1631631632	0.0376689442	0.0254319612
163.3633633634	0.0376467249	0.0254167693
163.5635635636	0.0376245453	0.0254016048
163.7637637638	0.0376024054	0.0253864677
163.9639639640	0.0375803051	0.0253713578
164.1641641642	0.0375582442	0.0253562752
164.3643643644	0.0375362226	0.0253412196
164.5645645646	0.0375142402	0.0253261911
164.7647647648	0.0374922969	0.0253111894
164.9649649650	0.0374703925	0.0252962147
165.1651651652	0.0374485270	0.0252812667
165.3653653654	0.0374267002	0.0252663454
165.5655655656	0.0374049120	0.0252514507
165.7657657658	0.0373831623	0.0252365826
165.9659659660	0.0373614510	0.0252217409
166.1661661662	0.0373397780	0.0252069256
166.3663663664	0.0373181431	0.0251921367
166.5665665666	0.0372965463	0.0251773739
166.7667667668	0.0372749874	0.0251626373
166.9669669670	0.0372534663	0.0251479267
167.1671671672	0.0372319830	0.0251332421
167.3673673674	0.0372105372	0.0251185835
167.5675675676	0.0371891290	0.0251039507
167.7677677678	0.0371677581	0.0250893436
167.9679679680	0.0371464245	0.0250747623
168.1681681682	0.0371251281	0.0250602065
168.3683683684	0.0371038687	0.0250456763
168.5685685686	0.0370826463	0.0250311715
168.7687687688	0.0370614607	0.0250166922
168.9689689690	0.0370403118	0.0250022381
169.1691691692	0.0370191996	0.0249878093
169.3693693694	0.0369981239	0.0249734056
169.5695695696	0.0369770846	0.0249590271
169.7697697698	0.0369560816	0.0249446735
169.9699699700	0.0369351148	0.0249303449
170.1701701702	0.0369141842	0.0249160412
170.3703703704	0.0368932895	0.0249017623
170.5705705706	0.0368724307	0.0248875081
170.7707707708	0.0368516077	0.0248732786
170.9709709710	0.0368308204	0.0248590736
171.1711711712	0.0368100686	0.0248448932
171.3713713714	0.0367893524	0.0248307372
171.5715715716	0.0367686715	0.0248166056
171.7717717718	0.0367480260	0.0248024983
171.9719719720	0.0367274155	0.0247884152
172.1721721722	0.0367068402	0.0247743563
172.3723723724	0.0366862999	0.0247603214
172.5725725726	0.0366657944	0.0247463107
172.7727727728	0.0366453237	0.0247323238
172.9729729730	0.0366248877	0.0247183609
173.1731731732	0.0366044863	0.0247044218
173.3733733734	0.0365841194	0.0246905064
173.5735735736	0.0365637868	0.0246766147
173.7737737738	0.0365434886	0.0246627466
173.9739739740	0.0365232245	0.0246489021
174.1741741742	0.0365029945	0.0246350811
174.3743743744	0.0364827986	0.0246212835
174.5745745746	0.0364626365	0.0246075092
174.7747747748	0.0364425083	0.0245937583
174.9749749750	0.0364224138	0.0245800305
175.1751751752	0.0364023529	0.0245663259
175.3753753754	0.0363823255	0.0245526444
175.5755755756	0.0363623315	0.0245389859
175.7757757758	0.0363423709	0.0245253504
175.9759759760	0.0363224436	0.0245117378
176.1761761762	0.0363025494	0.0244981480
176.3763763764	0.0362826882	0.0244845810
176.5765765766	0.0362628601	0.0244710366
176.7767767768	0.0362430648	0.0244575149
176.9769769770	0.0362233023	0.0244440158
177.1771771772	0.0362035725	0.0244305392
177.3773773774	0.0361838753	0.0244170851
177.5775775776	0.0361642106	0.0244036533
177.7777777778	0.0361445783	0.0243902439
177.9779779780	0.0361249784	0.0243768567
178.1781781782	0.0361054107	0.0243634918
178.3783783784	0.0360858752	0.0243501489
178.5785785786	0.0360663718	0.0243368282
178.7787787788	0.0360469003	0.0243235295
178.9789789790	0.0360274607	0.0243102527
179.1791791792	0.0360080530	0.0242969978
179.3793793794	0.0359886769	0.0242837648
179.5795795796	0.0359693325	0.0242705536
179.7797797798	0.0359500197	0.0242573640
179.9799799800	0.0359307383	0.0242441961
180.1801801802	0.0359114883	0.0242310499
180.3803803804	0.0358922695	0.0242179251
180.5805805806	0.0358730820	0.0242048218
180.7807807808	0.0358539256	0.0241917400
180.9809809810	0.0358348002	0.0241786795
181.1811811812	0.0358157058	0.0241656404
181.3813813814	0.0357966422	0.0241526224
181.5815815816	0.0357776095	0.0241396257
181.7817817818	0.0357586074	0.0241266501
181.9819819820	0.0357396360	0.0241136955
182.1821821822	0.0357206950	0.0241007620
182.3823823824	0.0357017846	0.0240878495
182.5825825826	0.0356829045	0.0240749578
182.7827827828	0.0356640547	0.0240620870
182.9829829830	0.0356452351	0.0240492370
183.1831831832	0.0356264456	0.0240364077
183.3833833834	0.0356076862	0.0240235991
183.5835835836	0.0355889568	0.0240108111
183.7837837838	0.0355702572	0.0239980437
183.9839839840	0.0355515874	0.0239852968
184.1841841842	0.0355329474	0.0239725703
184.3843843844	0.0355143370	0.0239598642
184.5845845846	0.0354957562	0.0239471785
184.7847847848	0.0354772049	0.0239345131
184.9849849850	0.0354586830	0.0239218680
185.1851851852	0.0354401904	0.0239092430
185.3853853854	0.0354217271	0.0238966381
185.5855855856	0.0354032929	0.0238840533
185.7857857858	0.0353848879	0.0238714886
185.9859859860	0.0353665119	0.0238589438
186.1861861862	0.0353481648	0.0238464189
186.3863863864	0.0353298466	0.0238339139
186.5865865866	0.0353115572	0.0238214287
186.7867867868	0.0352932965	0.0238089633
186.9869869870	0.0352750645	0.0237965176
187.1871871872	0.0352568610	0.0237840915
187.3873873874	0.0352386861	0.0237716850
187.5875875876	0.0352205395	0.0237592981
187.7877877878	0.0352024213	0.0237469307
187.9879879880	0.0351843314	0.0237345827
188.1881881882	0.0351662696	0.0237222542
188.3883883884	0.0351482360	0.0237099449
188.5885885886	0.0351302305	0.0236976550
188.7887887888	0.0351122529	0.0236853843
188.9889889890	0.0350943032	0.0236731328
189.1891891892	0.0350763814	0.0236609005
189.3893893894	0.0350584873	0.0236486873
189.5895895896	0.0350406209	0.0236364931
189.7897897898	0.0350227821	0.0236243178
189.9899899900	0.0350049709	0.0236121616
190.1901901902	0.0349871871	0.0236000242
190.3903903904	0.0349694308	0.0235879057
190.5905905906	0.0349517017	0.0235758060
190.7907907908	0.0349340000	0.0235637250
190.9909909910	0.0349163254	0.0235516628
191.1911911912	0.0348986780	0.0235396192
191.3913913914	0.0348810576	0.0235275942
191.5915915916	0.0348634642	0.0235155877
191.7917917918	0.0348458977	0.0235035998
191.9919919920	0.0348283580	0.0234916303
192.1921921922	0.0348108452	0.0234796793
192.3923923924	0.0347933590	0.0234677466
192.5925925926	0.0347758995	0.0234558322
192.7927927928	0.0347584665	0.0234439361
192.9929929930	0.0347410601	0.0234320582
193.1931931932	0.0347236801	0.0234201985
193.3933933934	0.0347063264	0.0234083570
193.5935935936	0.0346889991	0.0233965335
193.7937937938	0.0346716980	0.0233847281
193.9939939940	0.0346544231	0.0233729406
194.1941941942	0.0346371743	0.0233611712
194.3943943944	0.0346199515	0.0233494196
194.5945945946	0.0346027547	0.0233376858
194.7947947948	0.0345855837	0.0233259699
194.9949949950	0.0345684387	0.0233142718
195.1951951952	0.0345513194	0.0233025914
195.3953953954	0.0345342258	0.0232909286
195.5955955956	0.0345171579	0.0232792835
195.7957957958	0.0345001155	0.0232676560
195.9959959960	0.0344830987	0.0232560460
196.1961961962	0.0344661073	0.0232444535
196.3963963964	0.0344491413	0.0232328785
196.5965965966	0.0344322007	0.0232213208
196.7967967968	0.0344152853	0.0232097806
196.9969969970	0.0343983951	0.0231982577
197.1971971972	0.0343815300	0.0231867520
197.3973973974	0.0343646901	0.0231752636
197.5975975976	0.0343478751	0.0231637924
197.7977977978	0.0343310851	0.0231523383
197.9979979980	0.0343143199	0.0231409014
198.1981981982	0.0342975796	0.0231294815
198.3983983984	0.0342808641	0.0231180786
198.5985985986	0.0342641733	0.0231066928
198.7987987988	0.0342475071	0.0230953238
198.9989989990	0.0342308655	0.0230839718
199.1991991992	0.0342142484	0.0230726366
199.3993993994	0.0341976558	0.0230613182
199.5995995996	0.0341810876	0.0230500166
199.7997997998	0.0341645437	0.0230387317
200.0000000000	0.0341480241	0.0230274635
