0.0000000000	1.0000000000	1.0000000000
0.2002002002	0.6908761793	0.6908761793
0.4004004004	0.6124553837	0.6124553837
0.6006006006	0.5633852781	0.5633852781
0.8008008008	0.5277393691	0.5277393691
1.0010010010	0.4998749375	0.4998749375
1.2012012012	0.4771007734	0.4771007734
1.4014014014	0.4579157124	0.4579157124
1.6016016016	0.4413950921	0.4413950921
1.8018018018	0.4269285872	0.4269285872
2.0020020020	0.4140921865	0.4140921865
2.2022022022	0.4025794272	0.4025794272
2.4024024024	0.3921617045	0.3921617045
2.6026026026	0.3826640364	0.3826640364
2.8028028028	0.3739495746	0.3739495746
3.0030030030	0.3659093281	0.3659093281
3.2032032032	0.3584551254	0.3584551254
3.4034034034	0.3515146632	0.3515146632
3.6036036036	0.3450279414	0.3450279414
3.8038038038	0.3389446432	0.3389446432
4.0040040040	0.3332221759	0.3332221759
4.2042042042	0.3278241805	0.3278241805
4.4044044044	0.3227193841	0.3227193841
4.6046046046	0.3178807026	0.3178807026
4.8048048048	0.3132845333	0.3132845333
5.0050050050	0.3089101884	0.3089101884
5.2052052052	0.3047394405	0.3047394405
5.4054054054	0.3007561514	0.3007561514
5.6056056056	0.2969459686	0.2969459686
5.8058058058	0.2932960748	0.2932960748
6.0060060060	0.2897949793	0.2897949793
6.2062062062	0.2864323434	0.2864323434
6.4064064064	0.2831988337	0.2831988337
6.6066066066	0.2800859974	0.2800859974
6.8068068068	0.2770861568	0.2770861568
7.0070070070	0.2741923187	0.2741923187
7.2072072072	0.2713980965	0.2713980965
7.4074074074	0.2686976433	0.2686976433
7.6076076076	0.2660855932	0.2660855932
7.8078078078	0.2635570115	0.2635570115
8.0080080080	0.2611073500	0.2611073500
8.2082082082	0.2587324083	0.2587324083
8.4084084084	0.2564283001	0.2564283001
8.6086086086	0.2541914229	0.2541914229
8.8088088088	0.2520184315	0.2520184315
9.0090090090	0.2499062148	0.2499062148
9.2092092092	0.2478518746	0.2478518746
9.4094094094	0.2458527067	0.2458527067
9.6096096096	0.2439061849	0.2439061849
9.8098098098	0.2420099454	0.2420099454
10.0100100100	0.2401617738	0.2401617738
10.2102102102	0.2383595928	0.2383595928
10.4104104104	0.2366014514	0.2366014514
10.6106106106	0.2348855150	0.2348855150
10.8108108108	0.2332100568	0.2332100568
11.0110110110	0.2315734490	0.2315734490
11.2112112112	0.2299741562	0.2299741562
11.4114114114	0.2284107285	0.2284107285
11.6116116116	0.2268817950	0.2268817950
11.8118118118	0.2253860588	0.2253860588
12.0120120120	0.2239222917	0.2239222917
12.2122122122	0.2224893293	0.2224893293
12.4124124124	0.2210860670	0.2210860670
12.6126126126	0.2197114561	0.2197114561
12.8128128128	0.2183644998	0.2183644998
13.0130130130	0.2170442504	0.2170442504
13.2132132132	0.2157498058	0.2157498058
13.4134134134	0.2144803068	0.2144803068
13.6136136136	0.2132349348	0.2132349348
13.8138138138	0.2120129085	0.2120129085
14.0140140140	0.2108134828	0.2108134828
14.2142142142	0.2096359458	0.2096359458
14.4144144144	0.2084796173	0.2084796173
14.6146146146	0.2073438468	0.2073438468
14.8148148148	0.2062280119	0.2062280119
15.0150150150	0.2051315170	0.2051315170
15.2152152152	0.2040537914	0.2040537914
15.4154154154	0.2029942880	0.2029942880
15.6156156156	0.2019524824	0.2019524824
15.8158158158	0.2009278714	0.2009278714
16.0160160160	0.1999199720	0.1999199720
16.2162162162	0.1989283202	0.1989283202
16.4164164164	0.1979524702	0.1979524702
16.6166166166	0.1969919937	0.1969919937
16.8168168168	0.1960464783	0.1960464783
17.0170170170	0.1951155276	0.1951155276
17.2172172172	0.1941987598	0.1941987598
17.4174174174	0.1932958073	0.1932958073
17.6176176176	0.1924063159	0.1924063159
17.8178178178	0.1915299442	0.1915299442
18.0180180180	0.1906663629	0.1906663629
18.2182182182	0.1898152546	0.1898152546
18.4184184184	0.1889763129	0.1889763129
18.6186186186	0.1881492418	0.1881492418
18.8188188188	0.1873337558	0.1873337558
19.0190190190	0.1865295789	0.1865295789
19.2192192192	0.1857364443	0.1857364443
19.4194194194	0.1849540942	0.1849540942
19.6196196196	0.1841822792	0.1841822792
19.8198198198	0.1834207583	0.1834207583
20.0200200200	0.1826692978	0.1826692978
20.2202202202	0.1819276719	0.1819276719
20.4204204204	0.1811956617	0.1811956617
20.6206206206	0.1804730554	0.1804730554
20.8208208208	0.1797596475	0.1797596475
21.0210210210	0.1790552389	0.1790552389
21.2212212212	0.1783596369	0.1783596369
21.4214214214	0.1776726541	0.1776726541
21.6216216216	0.1769941092	0.1769941092
21.8218218218	0.1763238260	0.1763238260
22.0220220220	0.1756616335	0.1756616335
22.2222222222	0.1750073658	0.1750073658
22.4224224224	0.1743608618	0.1743608618
22.6226226226	0.1737219648	0.1737219648
22.8228228228	0.1730905229	0.1730905229
23.0230230230	0.1724663882	0.1724663882
23.2232232232	0.1718494172	0.1718494172
23.4234234234	0.1712394700	0.1712394700
23.6236236236	0.1706364108	0.1706364108
23.8238238238	0.1700401077	0.1700401077
24.0240240240	0.1694504319	0.1694504319
24.2242242242	0.1688672583	0.1688672583
24.4244244244	0.1682904653	0.1682904653
24.6246246246	0.1677199342	0.1677199342
24.8248248248	0.1671555496	0.1671555496
25.0250250250	0.1665971991	0.1665971991
25.2252252252	0.1660447730	0.1660447730
25.4254254254	0.1654981647	0.1654981647
25.6256256256	0.1649572701	0.1649572701
25.8258258258	0.1644219878	0.1644219878
26.0260260260	0.1638922190	0.1638922190
26.2262262262	0.1633678671	0.1633678671
26.4264264264	0.1628488383	0.1628488383
26.6266266266	0.1623350408	0.1623350408
26.8268268268	0.1618263850	0.1618263850
27.0270270270	0.1613227836	0.1613227836
27.2272272272	0.1608241514	0.1608241514
27.4274274274	0.1603304051	0.1603304051
27.6276276276	0.1598414636	0.1598414636
27.8278278278	0.1593572473	0.1593572473
28.0280280280	0.1588776789	0.1588776789
28.2282282282	0.1584026827	0.1584026827
28.4284284284	0.1579321845	0.1579321845
28.6286286286	0.1574661123	0.1574661123
28.8288288288	0.1570043953	0.1570043953
29.0290290290	0.1565469644	0.1565469644
29.2292292292	0.1560937523	0.1560937523
29.4294294294	0.1556446927	0.1556446927
29.6296296296	0.1551997213	0.1551997213
29.8298298298	0.1547587748	0.1547587748
30.0300300300	0.1543217916	0.1543217916
30.2302302302	0.1538887111	0.1538887111
30.4304304304	0.1534594742	0.1534594742
30.6306306306	0.1530340231	0.1530340231
30.8308308308	0.1526123012	0.1526123012
31.0310310310	0.1521942530	0.1521942530
31.2312312312	0.1517798242	0.1517798242
31.4314314314	0.1513689617	0.1513689617
31.6316316316	0.1509616134	0.1509616134
31.8318318318	0.1505577284	0.1505577284
32.0320320320	0.1501572567	0.1501572567
32.2322322322	0.1497601494	0.1497601494
32.4324324324	0.1493663586	0.1493663586
32.6326326326	0.1489758373	0.1489758373
32.8328328328	0.1485885395	0.1485885395
33.0330330330	0.1482044201	0.1482044201
33.2332332332	0.1478234348	0.1478234348
33.4334334334	0.1474455403	0.1474455403
33.6336336336	0.1470706941	0.1470706941
33.8338338338	0.1466988545	0.1466988545
34.0340340340	0.1463299806	0.1463299806
34.2342342342	0.1459640323	0.1459640323
34.4344344344	0.1456009703	0.1456009703
34.6346346346	0.1452407561	0.1452407561
34.8348348348	0.1448833516	0.1448833516
35.0350350350	0.1445287198	0.1445287198
35.2352352352	0.1441768243	0.1441768243
35.4354354354	0.1438276292	0.1438276292
35.6356356356	0.1434810995	0.1434810995
35.8358358358	0.1431372006	0.1431372006
36.0360360360	0.1427958987	0.1427958987
36.2362362362	0.1424571605	0.1424571605
36.4364364364	0.1421209535	0.1421209535
36.6366366366	0.1417872456	0.1417872456
36.8368368368	0.1414560053	0.1414560053
37.0370370370	0.1411272017	0.1411272017
37.2372372372	0.1408008044	0.1408008044
37.4374374374	0.1404767836	0.1404767836
37.6376376376	0.1401551099	0.1401551099
37.8378378378	0.1398357546	0.1398357546
38.0380380380	0.1395186894	0.1395186894
38.2382382382	0.1392038863	0.1392038863
38.4384384384	0.1388913182	0.1388913182
38.6386386386	0.1385809581	0.1385809581
38.8388388388	0.1382727795	0.1382727795
39.0390390390	0.1379667566	0.1379667566
39.2392392392	0.1376628638	0.1376628638
39.4394394394	0.1373610759	0.1373610759
39.6396396396	0.1370613682	0.1370613682
39.8398398398	0.1367637166	0.1367637166
40.0400400400	0.1364680970	0.1364680970
40.2402402402	0.1361744860	0.1361744860
40.4404404404	0.1358828605	0.1358828605
40.6406406406	0.1355931978	0.1355931978
40.8408408408	0.1353054754	0.1353054754
41.0410410410	0.1350196714	0.1350196714
41.2412412412	0.1347357640	0.1347357640
41.4414414414	0.1344537321	0.1344537321
41.6416416416	0.1341735546	0.1341735546
41.8418418418	0.1338952108	0.1338952108
42.0420420420	0.1336186805	0.1336186805
42.2422422422	0.1333439436	0.1333439436
42.4424424424	0.1330709804	0.1330709804
42.6426426426	0.1327997716	0.1327997716
42.8428428428	0.1325302981	0.1325302981
43.0430430430	0.1322625410	0.1322625410
43.2432432432	0.1319964819	0.1319964819
43.4434434434	0.1317321025	0.1317321025
43.6436436436	0.1314693849	0.1314693849
43.8438438438	0.1312083114	0.1312083114
44.0440440440	0.1309488646	0.1309488646
44.2442442442	0.1306910273	0.1306910273
44.4444444444	0.1304347826	0.1304347826
44.6446446446	0.1301801139	0.1301801139
44.8448448448	0.1299270048	0.1299270048
45.0450450450	0.1296754390	0.1296754390
45.2452452452	0.1294254007	0.1294254007
45.4454454454	0.1291768742	0.1291768742
45.6456456456	0.1289298440	0.1289298440
45.8458458458	0.1286842949	0.1286842949
46.0460460460	0.1284402118	0.1284402118
46.2462462462	0.1281975799	0.1281975799
46.4464464464	0.1279563846	0.1279563846
46.6466466466	0.1277166115	0.1277166115
46.8468468468	0.1274782465	0.1274782465
47.0470470470	0.1272412755	0.1272412755
47.2472472472	0.1270056848	0.1270056848
47.4474474474	0.1267714607	0.1267714607
47.6476476476	0.1265385898	0.1265385898
47.8478478478	0.1263070589	0.1263070589
48.0480480480	0.1260768550	0.1260768550
48.2482482482	0.1258479652	0.1258479652
48.4484484484	0.1256203767	0.1256203767
48.6486486486	0.1253940771	0.1253940771
48.8488488488	0.1251690541	0.1251690541
49.0490490490	0.1249452954	0.1249452954
49.2492492492	0.1247227890	0.1247227890
49.4494494494	0.1245015231	0.1245015231
49.6496496496	0.1242814860	0.1242814860
49.8498498498	0.1240626661	0.1240626661
50.0500500501	0.1238450520	0.1238450520
50.2502502503	0.1236286325	0.1236286325
50.4504504505	0.1234133966	0.1234133966
50.6506506507	0.1231993332	0.1231993332
50.8508508509	0.1229864315	0.1229864315
51.0510510511	0.1227746809	0.1227746809
51.2512512513	0.1225640709	0.1225640709
51.4514514515	0.1223545911	0.1223545911
51.6516516517	0.1221462312	0.1221462312
51.8518518519	0.1219389810	0.1219389810
52.0520520521	0.1217328307	0.1217328307
52.2522522523	0.1215277703	0.1215277703
52.4524524525	0.1213237900	0.1213237900
52.6526526527	0.1211208803	0.1211208803
52.8528528529	0.1209190317	0.1209190317
53.0530530531	0.1207182347	0.1207182347
53.2532532533	0.1205184802	0.1205184802
53.4534534535	0.1203197588	0.1203197588
53.6536536537	0.1201220618	0.1201220618
53.8538538539	0.1199253800	0.1199253800
54.0540540541	0.1197297046	0.1197297046
54.2542542543	0.1195350271	0.1195350271
54.4544544545	0.1193413387	0.1193413387
54.6546546547	0.1191486309	0.1191486309
54.8548548549	0.1189568955	0.1189568955
55.0550550551	0.1187661240	0.1187661240
55.2552552553	0.1185763083	0.1185763083
55.4554554555	0.1183874402	0.1183874402
55.6556556557	0.1181995119	0.1181995119
55.8558558559	0.1180125154	0.1180125154
56.0560560561	0.1178264428	0.1178264428
56.2562562563	0.1176412865	0.1176412865
56.4564564565	0.1174570388	0.1174570388
56.6566566567	0.1172736922	0.1172736922
56.8568568569	0.1170912392	0.1170912392
57.0570570571	0.1169096726	0.1169096726
57.2572572573	0.1167289849	0.1167289849
57.4574574575	0.1165491690	0.1165491690
57.6576576577	0.1163702179	0.1163702179
57.8578578579	0.1161921244	0.1161921244
58.0580580581	0.1160148816	0.1160148816
58.2582582583	0.1158384827	0.1158384827
58.4584584585	0.1156629208	0.1156629208
58.6586586587	0.1154881893	0.1154881893
58.8588588589	0.1153142816	0.1153142816
59.0590590591	0.1151411909	0.1151411909
59.2592592593	0.1149689109	0.1149689109
59.4594594595	0.1147974352	0.1147974352
59.6596596597	0.1146267574	0.1146267574
59.8598598599	0.1144568712	0.1144568712
60.0600600601	0.1142877704	0.1142877704
60.2602602603	0.1141194489	0.1141194489
60.4604604605	0.1139519006	0.1139519006
60.6606606607	0.1137851195	0.1137851195
60.8608608609	0.1136190997	0.1136190997
61.0610610611	0.1134538353	0.1134538353
61.2612612613	0.1132893205	0.1132893205
61.4614614615	0.1131255496	0.1131255496
61.6616616617	0.1129625168	0.1129625168
61.8618618619	0.1128002166	0.1128002166
62.0620620621	0.1126386434	0.1126386434
62.2622622623	0.1124777916	0.1124777916
62.4624624625	0.1123176559	0.1123176559
62.6626626627	0.1121582309	0.1121582309
62.8628628629	0.1119995112	0.1119995112
63.0630630631	0.1118414915	0.1118414915
63.2632632633	0.1116841667	0.1116841667
63.4634634635	0.1115275315	0.1115275315
63.6636636637	0.1113715809	0.1113715809
63.8638638639	0.1112163099	0.1112163099
64.0640640641	0.1110617133	0.1110617133
64.2642642643	0.1109077863	0.1109077863
64.4644644645	0.1107545240	0.1107545240
64.6646646647	0.1106019215	0.1106019215
64.8648648649	0.1104499740	0.1104499740
65.0650650651	0.1102986768	0.1102986768
65.2652652653	0.1101480251	0.1101480251
65.4654654655	0.1099980144	0.1099980144
65.6656656657	0.1098486399	0.1098486399
65.8658658659	0.1096998973	0.1096998973
66.0660660661	0.1095517818	0.1095517818
66.2662662663	0.1094042891	0.1094042891
66.4664664665	0.1092574148	0.1092574148
66.6666666667	0.1091111545	0.1091111545
66.8668668669	0.1089655037	0.1089655037
67.0670670671	0.1088204584	0.1088204584
67.2672672673	0.1086760141	0.1086760141
67.4674674675	0.1085321667	0.1085321667
67.6676676677	0.1083889120	0.1083889120
67.8678678679	0.1082462459	0.1082462459
68.0680680681	0.1081041643	0.1081041643
68.2682682683	0.1079626632	0.1079626632
68.4684684685	0.1078217386	0.1078217386
68.6686686687	0.1076813864	0.1076813864
68.8688688689	0.1075416029	0.1075416029
69.0690690691	0.1074023840	0.1074023840
69.2692692693	0.1072637259	0.1072637259
69.4694694695	0.1071256248	0.1071256248
69.6696696697	0.1069880770	0.1069880770
69.8698698699	0.1068510787	0.1068510787
70.0700700701	0.1067146261	0.1067146261
70.2702702703	0.1065787157	0.1065787157
70.4704704705	0.1064433438	0.1064433438
70.6706706707	0.1063085067	0.1063085067
70.8708708709	0.1061742009	0.1061742009
71.0710710711	0.1060404229	0.1060404229
71.2712712713	0.1059071692	0.1059071692
71.4714714715	0.1057744363	0.1057744363
71.6716716717	0.1056422207	0.1056422207
71.8718718719	0.1055105191	0.1055105191
72.0720720721	0.1053793281	0.1053793281
72.2722722723	0.1052486443	0.1052486443
72.4724724725	0.1051184645	0.1051184645
72.6726726727	0.1049887853	0.1049887853
72.8728728729	0.1048596035	0.1048596035
73.0730730731	0.1047309159	0.1047309159
73.2732732733	0.1046027193	0.1046027193
73.4734734735	0.1044750105	0.1044750105
73.6736736737	0.1043477864	0.1043477864
73.8738738739	0.1042210439	0.1042210439
74.0740740741	0.1040947799	0.1040947799
74.2742742743	0.1039689914	0.1039689914
74.4744744745	0.1038436753	0.1038436753
74.6746746747	0.1037188287	0.1037188287
74.8748748749	0.1035944485	0.1035944485
75.0750750751	0.1034705319	0.1034705319
75.2752752753	0.1033470758	0.1033470758
75.4754754755	0.1032240776	0.1032240776
75.6756756757	0.1031015341	0.1031015341
75.8758758759	0.1029794427	0.1029794427
76.0760760761	0.1028578005	0.1028578005
76.2762762763	0.1027366048	0.1027366048
76.4764764765	0.1026158526	0.1026158526
76.6766766767	0.1024955414	0.1024955414
76.8768768769	0.1023756684	0.1023756684
77.0770770771	0.1022562309	0.1022562309
77.2772772773	0.1021372263	0.1021372263
77.4774774775	0.1020186518	0.1020186518
77.6776776777	0.1019005049	0.1019005049
77.8778778779	0.1017827829	0.1017827829
78.0780780781	0.1016654833	0.1016654833
78.2782782783	0.1015486036	0.1015486036
78.4784784785	0.1014321411	0.1014321411
78.6786786787	0.1013160934	0.1013160934
78.8788788789	0.1012004580	0.1012004580
79.0790790791	0.1010852323	0.1010852323
79.2792792793	0.1009704141	0.1009704141
79.4794794795	0.1008560008	0.1008560008
79.6796796797	0.1007419899	0.1007419899
79.8798798799	0.1006283793	0.1006283793
80.0800800801	0.1005151663	0.1005151663
80.2802802803	0.1004023488	0.1004023488
80.4804804805	0.1002899244	0.1002899244
80.6806806807	0.1001778907	0.1001778907
80.8808808809	0.1000662455	0.1000662455
81.0810810811	0.0999549865	0.0999549865
81.2812812813	0.0998441114	0.0998441114
81.4814814815	0.0997336181	0.0997336181
81.6816816817	0.0996235043	0.0996235043
81.8818818819	0.0995137677	0.0995137677
82.0820820821	0.0994044063	0.0994044063
82.2822822823	0.0992954178	0.0992954178
82.4824824825	0.0991868001	0.0991868001
82.6826826827	0.0990785511	0.0990785511
82.8828828829	0.0989706687	0.0989706687
83.0830830831	0.0988631507	0.0988631507
83.2832832833	0.0987559952	0.0987559952
83.4834834835	0.0986491999	0.0986491999
83.6836836837	0.0985427630	0.0985427630
83.8838838839	0.0984366823	0.0984366823
84.0840840841	0.0983309559	0.0983309559
84.2842842843	0.0982255817	0.0982255817
84.4844844845	0.0981205578	0.0981205578
84.6846846847	0.0980158822	0.0980158822
84.8848848849	0.0979115530	0.0979115530
85.0850850851	0.0978075681	0.0978075681
85.2852852853	0.0977039259	0.0977039259
85.4854854855	0.0976006242	0.0976006242
85.6856856857	0.0974976612	0.0974976612
85.8858858859	0.0973950351	0.0973950351
86.0860860861	0.0972927439	0.0972927439
86.2862862863	0.0971907859	0.0971907859
86.4864864865	0.0970891592	0.0970891592
86.6866866867	0.0969878621	0.0969878621
86.8868868869	0.0968868926	0.0968868926
87.0870870871	0.0967862490	0.0967862490
87.2872872873	0.0966859295	0.0966859295
87.4874874875	0.0965859324	0.0965859324
87.6876876877	0.0964862559	0.0964862559
87.8878878879	0.0963868984	0.0963868984
88.0880880881	0.0962878580	0.0962878580
88.2882882883	0.0961891330	0.0961891330
88.4884884885	0.0960907218	0.0960907218
88.6886886887	0.0959926227	0.0959926227
88.8888888889	0.0958948341	0.0958948341
89.0890890891	0.0957973541	0.0957973541
89.2892892893	0.0957001813	0.0957001813
89.4894894895	0.0956033140	0.0956033140
89.6896896897	0.0955067505	0.0955067505
89.8898898899	0.0954104893	0.0954104893
90.0900900901	0.0953145288	0.0953145288
90.2902902903	0.0952188673	0.0952188673
90.4904904905	0.0951235034	0.0951235034
90.6906906907	0.0950284353	0.0950284353
90.8908908909	0.0949336617	0.0949336617
91.0910910911	0.0948391810	0.0948391810
91.2912912913	0.0947449915	0.0947449915
91.4914914915	0.0946510919	0.0946510919
91.6916916917	0.0945574806	0.0945574806
91.8918918919	0.0944641561	0.0944641561
92.0920920921	0.0943711170	0.0943711170
92.2922922923	0.0942783617	0.0942783617
92.4924924925	0.0941858888	0.0941858888
92.6926926927	0.0940936969	0.0940936969
92.8928928929	0.0940017845	0.0940017845
93.0930930931	0.0939101502	0.0939101502
93.2932932933	0.0938187926	0.0938187926
93.4934934935	0.0937277102	0.0937277102
93.6936936937	0.0936369017	0.0936369017
93.8938938939	0.0935463657	0.0935463657
94.0940940941	0.0934561007	0.0934561007
94.2942942943	0.0933661055	0.0933661055
94.4944944945	0.0932763787	0.0932763787
94.6946946947	0.0931869188	0.0931869188
94.8948948949	0.0930977247	0.0930977247
95.0950950951	0.0930087949	0.0930087949
95.2952952953	0.0929201281	0.0929201281
95.4954954955	0.0928317231	0.0928317231
95.6956956957	0.0927435784	0.0927435784
95.8958958959	0.0926556929	0.0926556929
96.0960960961	0.0925680652	0.0925680652
96.2962962963	0.0924806941	0.0924806941
96.4964964965	0.0923935783	0.0923935783
96.6966966967	0.0923067165	0.0923067165
96.8968968969	0.0922201075	0.0922201075
97.0970970971	0.0921337501	0.0921337501
97.2972972973	0.0920476429	0.0920476429
97.4974974975	0.0919617849	0.0919617849
97.6976976977	0.0918761748	0.0918761748
97.8978978979	0.0917908113	0.0917908113
98.0980980981	0.0917056933	0.0917056933
98.2982982983	0.0916208195	0.0916208195
98.4984984985	0.0915361889	0.0915361889
98.6986986987	0.0914518002	0.0914518002
98.8988988989	0.0913676523	0.0913676523
99.0990990991	0.0912837439	0.0912837439
99.2992992993	0.0912000741	0.0912000741
99.4994994995	0.0911166415	0.0911166415
99.6996996997	0.0910334451	0.0910334451
99.8998998999	0.0909504838	0.0909504838
100.1001001001	0.0908677564	0.0908677564
100.3003003003	0.0907852618	0.0907852618
100.5005005005	0.0907029989	0.0907029989
100.7007007007	0.0906209667	0.0906209667
100.9009009009	0.0905391640	0.0905391640
101.1011011011	0.0904575897	0.0904575897
101.3013013013	0.0903762428	0.0903762428
101.5015015015	0.0902951222	0.0902951222
101.7017017017	0.0902142268	0.0902142268
101.9019019019	0.0901335557	0.0901335557
102.1021021021	0.0900531076	0.0900531076
102.3023023023	0.0899728817	0.0899728817
102.5025025025	0.0898928768	0.0898928768
102.7027027027	0.0898130920	0.0898130920
102.9029029029	0.0897335262	0.0897335262
103.1031031031	0.0896541784	0.0896541784
103.3033033033	0.0895750476	0.0895750476
103.5035035035	0.0894961328	0.0894961328
103.7037037037	0.0894174330	0.0894174330
103.9039039039	0.0893389472	0.0893389472
104.1041041041	0.0892606745	0.0892606745
104.3043043043	0.0891826138	0.0891826138
104.5045045045	0.0891047642	0.0891047642
104.7047047047	0.0890271248	0.0890271248
104.9049049049	0.0889496945	0.0889496945
105.1051051051	0.0888724725	0.0888724725
105.3053053053	0.0887954577	0.0887954577
105.5055055055	0.0887186493	0.0887186493
105.7057057057	0.0886420463	0.0886420463
105.9059059059	0.0885656478	0.0885656478
106.1061061061	0.0884894528	0.0884894528
106.3063063063	0.0884134606	0.0884134606
106.5065065065	0.0883376700	0.0883376700
106.7067067067	0.0882620803	0.0882620803
106.9069069069	0.0881866906	0.0881866906
107.1071071071	0.0881114999	0.0881114999
107.3073073073	0.0880365074	0.0880365074
107.5075075075	0.0879617121	0.0879617121
107.7077077077	0.0878871133	0.0878871133
107.9079079079	0.0878127100	0.0878127100
108.1081081081	0.0877385014	0.0877385014
108.3083083083	0.0876644867	0.0876644867
108.5085085085	0.0875906649	0.0875906649
108.7087087087	0.0875170352	0.0875170352
108.9089089089	0.0874435968	0.0874435968
109.1091091091	0.0873703489	0.0873703489
109.3093093093	0.0872972906	0.0872972906
109.5095095095	0.0872244210	0.0872244210
109.7097097097	0.0871517394	0.0871517394
109.9099099099	0.0870792450	0.0870792450
110.1101101101	0.0870069369	0.0870069369
110.3103103103	0.0869348143	0.0869348143
110.5105105105	0.0868628764	0.0868628764
110.7107107107	0.0867911225	0.0867911225
110.9109109109	0.0867195517	0.0867195517
111.1111111111	0.0866481633	0.0866481633
111.3113113113	0.0865769564	0.0865769564
111.5115115115	0.0865059303	0.0865059303
111.7117117117	0.0864350842	0.0864350842
111.9119119119	0.0863644174	0.0863644174
112.1121121121	0.0862939290	0.0862939290
112.3123123123	0.0862236184	0.0862236184
112.5125125125	0.0861534848	0.0861534848
112.7127127127	0.0860835273	0.0860835273
112.9129129129	0.0860137453	0.0860137453
113.1131131131	0.0859441381	0.0859441381
113.3133133133	0.0858747048	0.0858747048
113.5135135135	0.0858054448	0.0858054448
113.7137137137	0.0857363574	0.0857363574
113.9139139139	0.0856674417	0.0856674417
114.1141141141	0.0855986972	0.0855986972
114.3143143143	0.0855301230	0.0855301230
114.5145145145	0.0854617184	0.0854617184
114.7147147147	0.0853934828	0.0853934828
114.9149149149	0.0853254155	0.0853254155
115.1151151151	0.0852575157	0.0852575157
115.3153153153	0.0851897828	0.0851897828
115.5155155155	0.0851222161	0.0851222161
115.7157157157	0.0850548148	0.0850548148
115.9159159159	0.0849875783	0.0849875783
116.1161161161	0.0849205059	0.0849205059
116.3163163163	0.0848535970	0.0848535970
116.5165165165	0.0847868509	0.0847868509
116.7167167167	0.0847202668	0.0847202668
116.9169169169	0.0846538442	0.0846538442
117.1171171171	0.0845875824	0.0845875824
117.3173173173	0.0845214807	0.0845214807
117.5175175175	0.0844555385	0.0844555385
117.7177177177	0.0843897551	0.0843897551
117.9179179179	0.0843241299	0.0843241299
118.1181181181	0.0842586623	0.0842586623
118.3183183183	0.0841933515	0.0841933515
118.5185185185	0.0841281970	0.0841281970
118.7187187187	0.0840631982	0.0840631982
118.9189189189	0.0839983544	0.0839983544
119.1191191191	0.0839336649	0.0839336649
119.3193193193	0.0838691293	0.0838691293
119.5195195195	0.0838047468	0.0838047468
119.7197197197	0.0837405168	0.0837405168
119.9199199199	0.0836764388	0.0836764388
120.1201201201	0.0836125121	0.0836125121
120.3203203203	0.0835487362	0.0835487362
120.5205205205	0.0834851103	0.0834851103
120.7207207207	0.0834216341	0.0834216341
120.9209209209	0.0833583067	0.0833583067
121.1211211211	0.0832951277	0.0832951277
121.3213213213	0.0832320965	0.0832320965
121.5215215215	0.0831692125	0.0831692125
121.7217217217	0.0831064751	0.0831064751
121.9219219219	0.0830438837	0.0830438837
122.1221221221	0.0829814378	0.0829814378
122.3223223223	0.0829191368	0.0829191368
122.5225225225	0.0828569801	0.0828569801
122.7227227227	0.0827949671	0.0827949671
122.9229229229	0.0827330974	0.0827330974
123.1231231231	0.0826713703	0.0826713703
123.3233233233	0.0826097853	0.0826097853
123.5235235235	0.0825483419	0.0825483419
123.7237237237	0.0824870394	0.0824870394
123.9239239239	0.0824258774	0.0824258774
124.1241241241	0.0823648553	0.0823648553
124.3243243243	0.0823039726	0.0823039726
124.5245245245	0.0822432287	0.0822432287
124.7247247247	0.0821826231	0.0821826231
124.9249249249	0.0821221552	0.0821221552
125.1251251251	0.0820618247	0.0820618247
125.3253253253	0.0820016308	0.0820016308
125.5255255255	0.0819415731	0.0819415731
125.7257257257	0.0818816511	0.0818816511
125.9259259259	0.0818218643	0.0818218643
126.1261261261	0.0817622121	0.0817622121
126.3263263263	0.0817026940	0.0817026940
126.5265265265	0.0816433096	0.0816433096
126.7267267267	0.0815840583	0.0815840583
126.9269269269	0.0815249396	0.0815249396
127.1271271271	0.0814659530	0.0814659530
127.3273273273	0.0814070981	0.0814070981
127.5275275275	0.0813483743	0.0813483743
127.7277277277	0.0812897811	0.0812897811
127.9279279279	0.0812313181	0.0812313181
128.1281281281	0.0811729847	0.0811729847
128.3283283283	0.0811147805	0.0811147805
128.5285285285	0.0810567050	0.0810567050
128.7287287287	0.0809987577	0.0809987577
128.9289289289	0.0809409382	0.0809409382
129.1291291291	0.0808832459	0.0808832459
129.3293293293	0.0808256805	0.0808256805
129.5295295295	0.0807682413	0.0807682413
129.7297297297	0.0807109280	0.0807109280
129.9299299299	0.0806537401	0.0806537401
130.1301301301	0.0805966771	0.0805966771
130.3303303303	0.0805397386	0.0805397386
130.5305305305	0.0804829242	0.0804829242
130.7307307307	0.0804262332	0.0804262332
130.9309309309	0.0803696654	0.0803696654
131.1311311311	0.0803132203	0.0803132203
131.3313313313	0.0802568973	0.0802568973
131.5315315315	0.0802006962	0.0802006962
131.7317317317	0.0801446163	0.0801446163
131.9319319319	0.0800886573	0.0800886573
132.1321321321	0.0800328188	0.0800328188
132.3323323323	0.0799771003	0.0799771003
132.5325325325	0.0799215013	0.0799215013
132.7327327327	0.0798660215	0.0798660215
132.9329329329	0.0798106604	0.0798106604
133.1331331331	0.0797554175	0.0797554175
133.3333333333	0.0797002926	0.0797002926
133.5335335335	0.0796452850	0.0796452850
133.7337337337	0.0795903945	0.0795903945
133.9339339339	0.0795356206	0.0795356206
134.1341341341	0.0794809628	0.0794809628
134.3343343343	0.0794264208	0.0794264208
134.5345345345	0.0793719942	0.0793719942
134.7347347347	0.0793176825	0.0793176825
134.9349349349	0.0792634853	0.0792634853
135.1351351351	0.0792094022	0.0792094022
135.3353353353	0.0791554329	0.0791554329
135.5355355355	0.0791015769	0.0791015769
135.7357357357	0.0790478338	0.0790478338
135.9359359359	0.0789942032	0.0789942032
136.1361361361	0.0789406847	0.0789406847
136.3363363363	0.0788872780	0.0788872780
136.5365365365	0.0788339826	0.0788339826
136.7367367367	0.0787807981	0.0787807981
136.9369369369	0.0787277242	0.0787277242
137.1371371371	0.0786747605	0.0786747605
137.3373373373	0.0786219065	0.0786219065
137.5375375375	0.0785691619	0.0785691619
137.7377377377	0.0785165264	0.0785165264
137.9379379379	0.0784639995	0.0784639995
138.1381381381	0.0784115808	0.0784115808
138.3383383383	0.0783592701	0.0783592701
138.5385385385	0.0783070668	0.0783070668
138.7387387387	0.0782549707	0.0782549707
138.9389389389	0.0782029814	0.0782029814
139.1391391391	0.0781510984	0.0781510984
139.3393393393	0.0780993215	0.0780993215
139.5395395395	0.0780476503	0.0780476503
139.7397397397	0.0779960844	0.0779960844
139.9399399399	0.0779446234	0.0779446234
140.1401401401	0.0778932670	0.0778932670
140.3403403403	0.0778420148	0.0778420148
140.5405405405	0.0777908665	0.0777908665
140.7407407407	0.0777398218	0.0777398218
140.9409409409	0.0776888802	0.0776888802
141.1411411411	0.0776380414	0.0776380414
141.3413413413	0.0775873051	0.0775873051
141.5415415415	0.0775366708	0.0775366708
141.7417417417	0.0774861384	0.0774861384
141.9419419419	0.0774357074	0.0774357074
142.1421421421	0.0773853775	0.0773853775
142.3423423423	0.0773351483	0.0773351483
142.5425425425	0.0772850195	0.0772850195
142.7427427427	0.0772349908	0.0772349908
142.9429429429	0.0771850618	0.0771850618
143.1431431431	0.0771352323	0.0771352323
143.3433433433	0.0770855018	0.0770855018
143.5435435435	0.0770358700	0.0770358700
143.7437437437	0.0769863366	0.0769863366
143.9439439439	0.0769369013	0.0769369013
144.1441441441	0.0768875637	0.0768875637
144.3443443443	0.0768383236	0.0768383236
144.5445445445	0.0767891805	0.0767891805
144.7447447447	0.0767401343	0.0767401343
144.9449449449	0.0766911845	0.0766911845
145.1451451451	0.0766423308	0.0766423308
145.3453453453	0.0765935729	0.0765935729
145.5455455455	0.0765449106	0.0765449106
145.7457457457	0.0764963434	0.0764963434
145.9459459459	0.0764478711	0.0764478711
146.1461461461	0.0763994934	0.0763994934
146.3463463463	0.0763512099	0.0763512099
146.5465465465	0.0763030204	0.0763030204
146.7467467467	0.0762549245	0.0762549245
146.9469469469	0.0762069219	0.0762069219
147.1471471471	0.0761590123	0.0761590123
147.3473473473	0.0761111955	0.0761111955
147.5475475475	0.0760634711	0.0760634711
147.7477477477	0.0760158388	0.0760158388
147.9479479479	0.0759682983	0.0759682983
148.1481481481	0.0759208494	0.0759208494
148.3483483483	0.0758734916	0.0758734916
148.5485485485	0.0758262248	0.0758262248
148.7487487487	0.0757790487	0.0757790487
148.9489489489	0.0757319628	0.0757319628
149.1491491491	0.0756849671	0.0756849671
149.3493493493	0.0756380611	0.0756380611
149.5495495495	0.0755912445	0.0755912445
149.7497497497	0.0755445172	0.0755445172
149.9499499499	0.0754978787	0.0754978787
150.1501501502	0.0754513289	0.0754513289
150.3503503504	0.0754048674	0.0754048674
150.5505505506	0.0753584940	0.0753584940
150.7507507508	0.0753122083	0.0753122083
150.9509509510	0.0752660101	0.0752660101
151.1511511512	0.0752198991	0.0752198991
151.3513513514	0.0751738751	0.0751738751
151.5515515516	0.0751279377	0.0751279377
151.7517517518	0.0750820867	0.0750820867
151.9519519520	0.0750363218	0.0750363218
152.1521521522	0.0749906428	0.0749906428
152.3523523524	0.0749450493	0.0749450493
152.5525525526	0.0748995411	0.0748995411
152.7527527528	0.0748541180	0.0748541180
152.9529529530	0.0748087796	0.0748087796
153.1531531532	0.0747635257	0.0747635257
153.3533533534	0.0747183561	0.0747183561
153.5535535536	0.0746732704	0.0746732704
153.7537537538	0.0746282684	0.0746282684
153.9539539540	0.0745833499	0.0745833499
154.1541541542	0.0745385145	0.0745385145
154.3543543544	0.0744937621	0.0744937621
154.5545545546	0.0744490923	0.0744490923
154.7547547548	0.0744045050	0.0744045050
154.9549549550	0.0743599998	0.0743599998
155.1551551552	0.0743155765	0.0743155765
155.3553553554	0.0742712348	0.0742712348
155.5555555556	0.0742269746	0.0742269746
155.7557557558	0.0741827954	0.0741827954
155.9559559560	0.0741386972	0.0741386972
156.1561561562	0.0740946796	0.0740946796
156.3563563564	0.0740507424	0.0740507424
156.5565565566	0.0740068854	0.0740068854
156.7567567568	0.0739631083	0.0739631083
156.9569569570	0.0739194108	0.0739194108
157.1571571572	0.0738757927	0.0738757927
157.3573573574	0.0738322538	0.0738322538
157.5575575576	0.0737887938	0.0737887938
157.7577577578	0.0737454125	0.0737454125
157.9579579580	0.0737021097	0.0737021097
158.1581581582	0.0736588851	0.0736588851
158.3583583584	0.0736157384	0.0736157384
158.5585585586	0.0735726695	0.0735726695
158.7587587588	0.0735296781	0.0735296781
158.9589589590	0.0734867639	0.0734867639
159.1591591592	0.0734439268	0.0734439268
159.3593593594	0.0734011665	0.0734011665
159.5595595596	0.0733584827	0.0733584827
159.7597597598	0.0733158753	0.0733158753
159.9599599600	0.0732733439	0.0732733439
160.1601601602	0.0732308885	0.0732308885
160.3603603604	0.0731885087	0.0731885087
160.5605605606	0.0731462043	0.0731462043
160.7607607608	0.0731039752	0.0731039752
160.9609609610	0.0730618210	0.0730618210
161.1611611612	0.0730197415	0.0730197415
161.3613613614	0.0729777366	0.0729777366
161.5615615616	0.0729358060	0.0729358060
161.7617617618	0.0728939495	0.0728939495
161.9619619620	0.0728521668	0.0728521668
162.1621621622	0.0728104578	0.0728104578
162.3623623624	0.0727688221	0.0727688221
162.5625625626	0.0727272598	0.0727272598
162.7627627628	0.0726857703	0.0726857703
162.9629629630	0.0726443537	0.0726443537
163.1631631632	0.0726030096	0.0726030096
163.3633633634	0.0725617379	0.0725617379
163.5635635636	0.0725205383	0.0725205383
163.7637637638	0.0724794107	0.0724794107
163.9639639640	0.0724383547	0.0724383547
164.1641641642	0.0723973703	0.0723973703
164.3643643644	0.0723564571	0.0723564571
164.5645645646	0.0723156150	0.0723156150
164.7647647648	0.0722748438	0.0722748438
164.9649649650	0.0722341433	0.0722341433
165.1651651652	0.0721935132	0.0721935132
165.3653653654	0.0721529534	0.0721529534
165.5655655656	0.0721124636	0.0721124636
165.7657657658	0.0720720437	0.0720720437
165.9659659660	0.0720316934	0.0720316934
166.1661661662	0.0719914126	0.0719914126
166.3663663664	0.0719512010	0.0719512010
166.5665665666	0.0719110584	0.0719110584
166.7667667668	0.0718709847	0.0718709847
166.9669669670	0.0718309797	0.0718309797
167.1671671672	0.0717910431	0.0717910431
167.3673673674	0.0717511747	0.0717511747
167.5675675676	0.0717113744	0.0717113744
167.7677677678	0.0716716420	0.0716716420
167.9679679680	0.0716319772	0.0716319772
168.1681681682	0.0715923799	0.0715923799
168.3683683684	0.0715528499	0.0715528499
168.5685685686	0.0715133869	0.0715133869
168.7687687688	0.0714739909	0.0714739909
168.9689689690	0.0714346615	0.0714346615
169.1691691692	0.0713953987	0.0713953987
169.3693693694	0.0713562022	0.0713562022
169.5695695696	0.0713170718	0.0713170718
169.7697697698	0.0712780074	0.0712780074
169.9699699700	0.0712390087	0.0712390087
170.1701701702	0.0712000756	0.0712000756
170.3703703704	0.0711612079	0.0711612079
170.5705705706	0.0711224054	0.0711224054
170.7707707708	0.0710836679	0.0710836679
170.9709709710	0.0710449953	0.0710449953
171.1711711712	0.0710063873	0.0710063873
171.3713713714	0.0709678438	0.0709678438
171.5715715716	0.0709293646	0.0709293646
171.7717717718	0.0708909495	0.0708909495
171.9719719720	0.0708525983	0.0708525983
172.1721721722	0.0708143109	0.0708143109
172.3723723724	0.0707760870	0.0707760870
172.5725725726	0.0707379266	0.0707379266
172.7727727728	0.0706998293	0.0706998293
172.9729729730	0.0706617951	0.0706617951
173.1731731732	0.0706238238	0.0706238238
173.3733733734	0.0705859152	0.0705859152
173.5735735736	0.0705480691	0.0705480691
173.7737737738	0.0705102853	0.0705102853
173.9739739740	0.0704725637	0.0704725637
174.1741741742	0.0704349042	0.0704349042
174.3743743744	0.0703973064	0.0703973064
174.5745745746	0.0703597703	0.0703597703
174.7747747748	0.0703222957	0.0703222957
174.9749749750	0.0702848824	0.0702848824
175.1751751752	0.0702475303	0.0702475303
175.3753753754	0.0702102392	0.0702102392
175.5755755756	0.0701730088	0.0701730088
175.7757757758	0.0701358392	0.0701358392
175.9759759760	0.0700987300	0.0700987300
176.1761761762	0.0700616811	0.0700616811
176.3763763764	0.0700246924	0.0700246924
176.5765765766	0.0699877636	0.0699877636
176.7767767768	0.0699508947	0.0699508947
176.9769769770	0.0699140855	0.0699140855
177.1771771772	0.0698773357	0.0698773357
177.3773773774	0.0698406453	0.0698406453
177.5775775776	0.0698040141	0.0698040141
177.7777777778	0.0697674419	0.0697674419
177.9779779780	0.0697309285	0.0697309285
178.1781781782	0.0696944738	0.0696944738
178.3783783784	0.0696580777	0.0696580777
178.5785785786	0.0696217400	0.0696217400
178.7787787788	0.0695854604	0.0695854604
178.9789789790	0.0695492390	0.0695492390
179.1791791792	0.0695130754	0.0695130754
179.3793793794	0.0694769697	0.0694769697
179.5795795796	0.0694409215	0.0694409215
179.7797797798	0.0694049307	0.0694049307
179.9799799800	0.0693689973	0.0693689973
180.1801801802	0.0693331210	0.0693331210
180.3803803804	0.0692973016	0.0692973016
180.5805805806	0.0692615391	0.0692615391
180.7807807808	0.0692258333	0.0692258333
180.9809809810	0.0691901840	0.0691901840
181.1811811812	0.0691545911	0.0691545911
181.3813813814	0.0691190544	0.0691190544
181.5815815816	0.0690835738	0.0690835738
181.7817817818	0.0690481492	0.0690481492
181.9819819820	0.0690127803	0.0690127803
182.1821821822	0.0689774670	0.0689774670
182.3823823824	0.0689422093	0.0689422093
182.5825825826	0.0689070068	0.0689070068
182.7827827828	0.0688718596	0.0688718596
182.9829829830	0.0688367674	0.0688367674
183.1831831832	0.0688017302	0.0688017302
183.3833833834	0.0687667477	0.0687667477
183.5835835836	0.0687318198	0.0687318198
183.7837837838	0.0686969463	0.0686969463
183.9839839840	0.0686621273	0.0686621273
184.1841841842	0.0686273624	0.0686273624
184.3843843844	0.0685926515	0.0685926515
184.5845845846	0.0685579946	0.0685579946
184.7847847848	0.0685233914	0.0685233914
184.9849849850	0.0684888418	0.0684888418
185.1851851852	0.0684543458	0.0684543458
185.3853853854	0.0684199030	0.0684199030
185.5855855856	0.0683855135	0.0683855135
185.7857857858	0.0683511770	0.0683511770
185.9859859860	0.0683168935	0.0683168935
186.1861861862	0.0682826628	0.0682826628
186.3863863864	0.0682484847	0.0682484847
186.5865865866	0.0682143592	0.0682143592
186.7867867868	0.0681802860	0.0681802860
186.9869869870	0.0681462651	0.0681462651
187.1871871872	0.0681122963	0.0681122963
187.3873873874	0.0680783795	0.0680783795
187.5875875876	0.0680445145	0.0680445145
187.7877877878	0.0680107013	0.0680107013
187.9879879880	0.0679769396	0.0679769396
188.1881881882	0.0679432293	0.0679432293
188.3883883884	0.0679095704	0.0679095704
188.5885885886	0.0678759627	0.0678759627
188.7887887888	0.0678424060	0.0678424060
188.9889889890	0.0678089003	0.0678089003
189.1891891892	0.0677754454	0.0677754454
189.3893893894	0.0677420411	0.0677420411
189.5895895896	0.0677086873	0.0677086873
189.7897897898	0.0676753840	0.0676753840
189.9899899900	0.0676421309	0.0676421309
190.1901901902	0.0676089280	0.0676089280
190.3903903904	0.0675757751	0.0675757751
190.5905905906	0.0675426721	0.0675426721
190.7907907908	0.0675096189	0.0675096189
190.9909909910	0.0674766154	0.0674766154
191.1911911912	0.0674436613	0.0674436613
191.3913913914	0.0674107567	0.0674107567
191.5915915916	0.0673779013	0.0673779013
191.7917917918	0.0673450951	0.0673450951
191.9919919920	0.0673123379	0.0673123379
192.1921921922	0.0672796296	0.0672796296
192.3923923924	0.0672469700	0.0672469700
192.5925925926	0.0672143592	0.0672143592
192.7927927928	0.0671817968	0.0671817968
192.9929929930	0.0671492829	0.0671492829
193.1931931932	0.0671168173	0.0671168173
193.3933933934	0.0670843998	0.0670843998
193.5935935936	0.0670520304	0.0670520304
193.7937937938	0.0670197089	0.0670197089
193.9939939940	0.0669874352	0.0669874352
194.1941941942	0.0669552093	0.0669552093
194.3943943944	0.0669230309	0.0669230309
194.5945945946	0.0668908999	0.0668908999
194.7947947948	0.0668588163	0.0668588163
194.9949949950	0.0668267799	0.0668267799
195.1951951952	0.0667947906	0.0667947906
195.3953953954	0.0667628483	0.0667628483
195.5955955956	0.0667309529	0.0667309529
195.7957957958	0.0666991043	0.0666991043
195.9959959960	0.0666673022	0.0666673022
196.1961961962	0.0666355467	0.0666355467
196.3963963964	0.0666038377	0.0666038377
196.5965965966	0.0665721749	0.0665721749
196.7967967968	0.0665405583	0.0665405583
196.9969969970	0.0665089877	0.0665089877
197.1971971972	0.0664774632	0.0664774632
197.3973973974	0.0664459844	0.0664459844
197.5975975976	0.0664145514	0.0664145514
197.7977977978	0.0663831641	0.0663831641
197.9979979980	0.0663518222	0.0663518222
198.1981981982	0.0663205258	0.0663205258
198.3983983984	0.0662892746	0.0662892746
198.5985985986	0.0662580686	0.0662580686
198.7987987988	0.0662269077	0.0662269077
198.9989989990	0.0661957917	0.0661957917
199.1991991992	0.0661647206	0.0661647206
199.3993993994	0.0661336943	0.0661336943
199.5995995996	0.0661027125	0.0661027125
199.7997997998	0.0660717753	0.0660717753
200.0000000000	0.0660408825	0.0660408825
