0.0000000000	1.0000000000	1.0000000000
0.2002002002	0.4269285872	0.2713980965
0.4004004004	0.3450279414	0.2084796173
0.6006006006	0.3007561514	0.1769941092
0.8008008008	0.2713980965	0.1570043953
1.0010010010	0.2499062148	0.1427958987
1.2012012012	0.2332100568	0.1319964819
1.4014014014	0.2197114561	0.1234133966
1.6016016016	0.2084796173	0.1163702179
1.8018018018	0.1989283202	0.1104499740
2.0020020020	0.1906663629	0.1053793281
2.2022022022	0.1834207583	0.1009704141
2.4024024024	0.1769941092	0.0970891592
2.6026026026	0.1712394700	0.0936369017
2.8028028028	0.1660447730	0.0905391640
3.0030030030	0.1613227836	0.0877385014
3.2032032032	0.1570043953	0.0851897828
3.4034034034	0.1530340231	0.0828569801
3.6036036036	0.1493663586	0.0807109280
3.8038038038	0.1459640323	0.0787277242
4.0040040040	0.1427958987	0.0768875637
4.2042042042	0.1398357546	0.0751738751
4.4044044044	0.1370613682	0.0735726695
4.6046046046	0.1344537321	0.0720720437
4.8048048048	0.1319964819	0.0706617951
5.0050050050	0.1296754390	0.0693331210
5.2052052052	0.1274782465	0.0680783795
5.4054054054	0.1253940771	0.0668908999
5.6056056056	0.1234133966	0.0657648287
5.8058058058	0.1215277703	0.0646950050
6.0060060060	0.1197297046	0.0636768580
6.2062062062	0.1180125154	0.0627063231
6.4064064064	0.1163702179	0.0617797717
6.6066066066	0.1147974352	0.0608939524
6.8068068068	0.1132893205	0.0600459423
7.0070070070	0.1118414915	0.0592331052
7.2072072072	0.1104499740	0.0584530563
7.4074074074	0.1091111545	0.0577036322
7.6076076076	0.1078217386	0.0569828651
7.8078078078	0.1065787157	0.0562889604
8.0080080080	0.1053793281	0.0556202778
8.2082082082	0.1042210439	0.0549753143
8.4084084084	0.1031015341	0.0543526899
8.6086086086	0.1020186518	0.0537511351
8.8088088088	0.1009704141	0.0531694792
9.0090090090	0.0999549865	0.0526066413
9.2092092092	0.0989706687	0.0520616211
9.4094094094	0.0980158822	0.0515334914
9.6096096096	0.0970891592	0.0510213916
9.8098098098	0.0961891330	0.0505245215
10.0100100100	0.0953145288	0.0500421357
10.2102102102	0.0944641561	0.0495735393
10.4104104104	0.0936369017	0.0491180834
10.6106106106	0.0928317231	0.0486751611
10.8108108108	0.0920476429	0.0482442041
11.0110110110	0.0912837439	0.0478246799
11.2112112112	0.0905391640	0.0474160885
11.4114114114	0.0898130920	0.0470179602
11.6116116116	0.0891047642	0.0466298531
11.8118118118	0.0884134606	0.0462513513
12.0120120120	0.0877385014	0.0458820624
12.2122122122	0.0870792450	0.0455216165
12.4124124124	0.0864350842	0.0451696640
12.6126126126	0.0858054448	0.0448258745
12.8128128128	0.0851897828	0.0444899354
13.0130130130	0.0845875824	0.0441615506
13.2132132132	0.0839983544	0.0438404396
13.4134134134	0.0834216341	0.0435263361
13.6136136136	0.0828569801	0.0432189874
13.8138138138	0.0823039726	0.0429181536
14.0140140140	0.0817622121	0.0426236062
14.2142142142	0.0812313181	0.0423351282
14.4144144144	0.0807109280	0.0420525127
14.6146146146	0.0802006962	0.0417755627
14.8148148148	0.0797002926	0.0415040904
15.0150150150	0.0792094022	0.0412379165
15.2152152152	0.0787277242	0.0409768700
15.4154154154	0.0782549707	0.0407207874
15.6156156156	0.0777908665	0.0404695125
15.8158158158	0.0773351483	0.0402228960
16.0160160160	0.0768875637	0.0399807948
16.2162162162	0.0764478711	0.0397430722
16.4164164164	0.0760158388	0.0395095970
16.6166166166	0.0755912445	0.0392802435
16.8168168168	0.0751738751	0.0390548913
17.0170170170	0.0747635257	0.0388334247
17.2172172172	0.0743599998	0.0386157328
17.4174174174	0.0739631083	0.0384017090
17.6176176176	0.0735726695	0.0381912509
17.8178178178	0.0731885087	0.0379842600
18.0180180180	0.0728104578	0.0377806418
18.2182182182	0.0724383547	0.0375803051
18.4184184184	0.0720720437	0.0373831623
18.6186186186	0.0717113744	0.0371891290
18.8188188188	0.0713562022	0.0369981239
19.0190190190	0.0710063873	0.0368100686
19.2192192192	0.0706617951	0.0366248877
19.4194194194	0.0703222957	0.0364425083
19.6196196196	0.0699877636	0.0362628601
19.8198198198	0.0696580777	0.0360858752
20.0200200200	0.0693331210	0.0359114883
20.2202202202	0.0690127803	0.0357396360
20.4204204204	0.0686969463	0.0355702572
20.6206206206	0.0683855135	0.0354032929
20.8208208208	0.0680783795	0.0352386861
21.0210210210	0.0677754454	0.0350763814
21.2212212212	0.0674766154	0.0349163254
21.4214214214	0.0671817968	0.0347584665
21.6216216216	0.0668908999	0.0346027547
21.8218218218	0.0666038377	0.0344491413
22.0220220220	0.0663205258	0.0342975796
22.2222222222	0.0660408825	0.0341480241
22.4224224224	0.0657648287	0.0340004306
22.6226226226	0.0654922875	0.0338547565
22.8228228228	0.0652231844	0.0337109603
23.0230230230	0.0649574469	0.0335690018
23.2232232232	0.0646950050	0.0334288420
23.4234234234	0.0644357904	0.0332904432
23.6236236236	0.0641797369	0.0331537685
23.8238238238	0.0639267803	0.0330187824
24.0240240240	0.0636768580	0.0328854501
24.2242242242	0.0634299094	0.0327537380
24.4244244244	0.0631858753	0.0326236135
24.6246246246	0.0629446985	0.0324950447
24.8248248248	0.0627063231	0.0323680007
25.0250250250	0.0624706949	0.0322424516
25.2252252252	0.0622377609	0.0321183681
25.4254254254	0.0620074699	0.0319957218
25.6256256256	0.0617797717	0.0318744850
25.8258258258	0.0615546177	0.0317546309
26.0260260260	0.0613319604	0.0316361332
26.2262262262	0.0611117536	0.0315189665
26.4264264264	0.0608939524	0.0314031058
26.6266266266	0.0606785128	0.0312885271
26.8268268268	0.0604653922	0.0311752067
27.0270270270	0.0602545489	0.0310631216
27.2272272272	0.0600459423	0.0309522496
27.4274274274	0.0598395327	0.0308425688
27.6276276276	0.0596352817	0.0307340579
27.8278278278	0.0594331514	0.0306266962
28.0280280280	0.0592331052	0.0305204635
28.2282282282	0.0590351071	0.0304153400
28.4284284284	0.0588391223	0.0303113065
28.6286286286	0.0586451164	0.0302083441
28.8288288288	0.0584530563	0.0301064347
29.0290290290	0.0582629092	0.0300055602
29.2292292292	0.0580746434	0.0299057032
29.4294294294	0.0578882279	0.0298068467
29.6296296296	0.0577036322	0.0297089739
29.8298298298	0.0575208267	0.0296120687
30.0300300300	0.0573397825	0.0295161151
30.2302302302	0.0571604712	0.0294210975
30.4304304304	0.0569828651	0.0293270008
30.6306306306	0.0568069371	0.0292338102
30.8308308308	0.0566326609	0.0291415111
31.0310310310	0.0564600104	0.0290500894
31.2312312312	0.0562889604	0.0289595312
31.4314314314	0.0561194861	0.0288698229
31.6316316316	0.0559515633	0.0287809513
31.8318318318	0.0557851683	0.0286929034
32.0320320320	0.0556202778	0.0286056664
32.2322322322	0.0554568691	0.0285192281
32.4324324324	0.0552949201	0.0284335762
32.6326326326	0.0551344089	0.0283486988
32.8328328328	0.0549753143	0.0282645843
33.0330330330	0.0548176153	0.0281812213
33.2332332332	0.0546612915	0.0280985986
33.4334334334	0.0545063229	0.0280167053
33.6336336336	0.0543526899	0.0279355306
33.8338338338	0.0542003733	0.0278550641
34.0340340340	0.0540493542	0.0277752955
34.2342342342	0.0538996141	0.0276962147
34.4344344344	0.0537511351	0.0276178119
34.6346346346	0.0536038993	0.0275400774
34.8348348348	0.0534578893	0.0274630017
35.0350350350	0.0533130882	0.0273865756
35.2352352352	0.0531694792	0.0273107898
35.4354354354	0.0530270459	0.0272356356
35.6356356356	0.0528857723	0.0271611042
35.8358358358	0.0527456426	0.0270871868
36.0360360360	0.0526066413	0.0270138753
36.2362362362	0.0524687533	0.0269411612
36.4364364364	0.0523319636	0.0268690365
36.6366366366	0.0521962576	0.0267974932
36.8368368368	0.0520616211	0.0267265236
37.0370370370	0.0519280399	0.0266561200
37.2372372372	0.0517955002	0.0265862748
37.4374374374	0.0516639885	0.0265169807
37.6376376376	0.0515334914	0.0264482305
37.8378378378	0.0514039959	0.0263800171
38.0380380380	0.0512754891	0.0263123335
38.2382382382	0.0511479585	0.0262451728
38.4384384384	0.0510213916	0.0261785283
38.6386386386	0.0508957763	0.0261123934
38.8388388388	0.0507711007	0.0260467617
39.0390390390	0.0506473529	0.0259816267
39.2392392392	0.0505245215	0.0259169823
39.4394394394	0.0504025951	0.0258528222
39.6396396396	0.0502815626	0.0257891404
39.8398398398	0.0501614130	0.0257259310
40.0400400400	0.0500421357	0.0256631882
40.2402402402	0.0499237199	0.0256009062
40.4404404404	0.0498061554	0.0255390794
40.6406406406	0.0496894319	0.0254777022
40.8408408408	0.0495735393	0.0254167693
41.0410410410	0.0494584678	0.0253562752
41.2412412412	0.0493442077	0.0252962147
41.4414414414	0.0492307494	0.0252365826
41.6416416416	0.0491180834	0.0251773739
41.8418418418	0.0490062006	0.0251185835
42.0420420420	0.0488950919	0.0250602065
42.2422422422	0.0487847483	0.0250022381
42.4424424424	0.0486751611	0.0249446735
42.6426426426	0.0485663215	0.0248875081
42.8428428428	0.0484582210	0.0248307372
43.0430430430	0.0483508513	0.0247743563
43.2432432432	0.0482442041	0.0247183609
43.4434434434	0.0481382713	0.0246627466
43.6436436436	0.0480330449	0.0246075092
43.8438438438	0.0479285170	0.0245526444
44.0440440440	0.0478246799	0.0244981480
44.2442442442	0.0477215259	0.0244440158
44.4444444444	0.0476190476	0.0243902439
44.6446446446	0.0475172376	0.0243368282
44.8448448448	0.0474160885	0.0242837648
45.0450450450	0.0473155932	0.0242310499
45.2452452452	0.0472157447	0.0241786795
45.4454454454	0.0471165360	0.0241266501
45.6456456456	0.0470179602	0.0240749578
45.8458458458	0.0469200106	0.0240235991
46.0460460460	0.0468226806	0.0239725703
46.2462462462	0.0467259636	0.0239218680
46.4464464464	0.0466298531	0.0238714886
46.6466466466	0.0465343429	0.0238214287
46.8468468468	0.0464394266	0.0237716850
47.0470470470	0.0463450981	0.0237222542
47.2472472472	0.0462513513	0.0236731328
47.4474474474	0.0461581802	0.0236243178
47.6476476476	0.0460655789	0.0235758060
47.8478478478	0.0459735415	0.0235275942
48.0480480480	0.0458820624	0.0234796793
48.2482482482	0.0457911359	0.0234320582
48.4484484484	0.0457007564	0.0233847281
48.6486486486	0.0456109184	0.0233376858
48.8488488488	0.0455216165	0.0232909286
49.0490490490	0.0454328453	0.0232444535
49.2492492492	0.0453445996	0.0231982577
49.4494494494	0.0452568742	0.0231523383
49.6496496496	0.0451696640	0.0231066928
49.8498498498	0.0450829638	0.0230613182
50.0500500501	0.0449967688	0.0230162120
50.2502502503	0.0449110740	0.0229713715
50.4504504505	0.0448258745	0.0229267940
50.6506506507	0.0447411656	0.0228824771
50.8508508509	0.0446569425	0.0228384182
51.0510510511	0.0445732006	0.0227946148
51.2512512513	0.0444899354	0.0227510644
51.4514514515	0.0444071422	0.0227077646
51.6516516517	0.0443248166	0.0226647129
51.8518518519	0.0442429542	0.0226219071
52.0520520521	0.0441615506	0.0225793447
52.2522522523	0.0440806016	0.0225370236
52.4524524525	0.0440001028	0.0224949413
52.6526526527	0.0439200502	0.0224530956
52.8528528529	0.0438404396	0.0224114844
53.0530530531	0.0437612668	0.0223701055
53.2532532533	0.0436825280	0.0223289566
53.4534534535	0.0436042190	0.0222880357
53.6536536537	0.0435263361	0.0222473406
53.8538538539	0.0434488752	0.0222068694
54.0540540541	0.0433718327	0.0221666198
54.2542542543	0.0432952047	0.0221265900
54.4544544545	0.0432189874	0.0220867778
54.6546546547	0.0431431773	0.0220471814
54.8548548549	0.0430677707	0.0220077988
55.0550550551	0.0429927639	0.0219686280
55.2552552553	0.0429181536	0.0219296672
55.4554554555	0.0428439360	0.0218909145
55.6556556557	0.0427701079	0.0218523680
55.8558558559	0.0426966657	0.0218140260
56.0560560561	0.0426236062	0.0217758865
56.2562562563	0.0425509259	0.0217379479
56.4564564565	0.0424786217	0.0217002083
56.6566566567	0.0424066902	0.0216626661
56.8568568569	0.0423351282	0.0216253194
57.0570570571	0.0422639325	0.0215881667
57.2572572573	0.0421931001	0.0215512062
57.4574574575	0.0421226279	0.0215144362
57.6576576577	0.0420525127	0.0214778552
57.8578578579	0.0419827515	0.0214414615
58.0580580581	0.0419133414	0.0214052536
58.2582582583	0.0418442795	0.0213692297
58.4584584585	0.0417755627	0.0213333885
58.6586586587	0.0417071882	0.0212977283
58.8588588589	0.0416391532	0.0212622476
59.0590590591	0.0415714549	0.0212269449
59.2592592593	0.0415040904	0.0211918188
59.4594594595	0.0414370570	0.0211568677
59.6596596597	0.0413703520	0.0211220901
59.8598598599	0.0413039727	0.0210874848
60.0600600601	0.0412379165	0.0210530502
60.2602602603	0.0411721807	0.0210187849
60.4604604605	0.0411067627	0.0209846876
60.6606606607	0.0410416600	0.0209507569
60.8608608609	0.0409768700	0.0209169914
61.0610610611	0.0409123902	0.0208833898
61.2612612613	0.0408482181	0.0208499507
61.4614614615	0.0407843513	0.0208166729
61.6616616617	0.0407207874	0.0207835550
61.8618618619	0.0406575239	0.0207505959
62.0620620621	0.0405945585	0.0207177941
62.2622622623	0.0405318888	0.0206851485
62.4624624625	0.0404695125	0.0206526577
62.6626626627	0.0404074273	0.0206203207
62.8628628629	0.0403456310	0.0205881362
63.0630630631	0.0402841213	0.0205561029
63.2632632633	0.0402228960	0.0205242198
63.4634634635	0.0401619528	0.0204924855
63.6636636637	0.0401012897	0.0204608990
63.8638638639	0.0400409044	0.0204294592
64.0640640641	0.0399807948	0.0203981648
64.2642642643	0.0399209589	0.0203670148
64.4644644645	0.0398613945	0.0203360081
64.6646646647	0.0398020996	0.0203051435
64.8648648649	0.0397430722	0.0202744200
65.0650650651	0.0396843102	0.0202438364
65.2652652653	0.0396258116	0.0202133918
65.4654654655	0.0395675745	0.0201830851
65.6656656657	0.0395095970	0.0201529153
65.8658658659	0.0394518770	0.0201228812
66.0660660661	0.0393944127	0.0200929819
66.2662662663	0.0393372021	0.0200632165
66.4664664665	0.0392802435	0.0200335838
66.6666666667	0.0392235349	0.0200040829
66.8668668669	0.0391670746	0.0199747128
67.0670670671	0.0391108606	0.0199454726
67.2672672673	0.0390548913	0.0199163613
67.4674674675	0.0389991648	0.0198873780
67.6676676677	0.0389436794	0.0198585216
67.8678678679	0.0388884332	0.0198297914
68.0680680681	0.0388334247	0.0198011863
68.2682682683	0.0387786521	0.0197727055
68.4684684685	0.0387241137	0.0197443480
68.6686686687	0.0386698078	0.0197161131
68.8688688689	0.0386157328	0.0196879997
69.0690690691	0.0385618871	0.0196600070
69.2692692693	0.0385082689	0.0196321342
69.4694694695	0.0384548767	0.0196043804
69.6696696697	0.0384017090	0.0195767447
69.8698698699	0.0383487641	0.0195492264
70.0700700701	0.0382960405	0.0195218245
70.2702702703	0.0382435366	0.0194945383
70.4704704705	0.0381912509	0.0194673670
70.6706706707	0.0381391819	0.0194403097
70.8708708709	0.0380873281	0.0194133656
71.0710710711	0.0380356879	0.0193865340
71.2712712713	0.0379842600	0.0193598141
71.4714714715	0.0379330429	0.0193332051
71.6716716717	0.0378820351	0.0193067062
71.8718718719	0.0378312352	0.0192803167
72.0720720721	0.0377806418	0.0192540358
72.2722722723	0.0377302534	0.0192278628
72.4724724725	0.0376800688	0.0192017969
72.6726726727	0.0376300865	0.0191758374
72.8728728729	0.0375803051	0.0191499837
73.0730730731	0.0375307233	0.0191242348
73.2732732733	0.0374813398	0.0190985903
73.4734734735	0.0374321532	0.0190730493
73.6736736737	0.0373831623	0.0190476111
73.8738738739	0.0373343657	0.0190222751
74.0740740741	0.0372857621	0.0189970406
74.2742742743	0.0372373503	0.0189719069
74.4744744745	0.0371891290	0.0189468734
74.6746746747	0.0371410969	0.0189219393
74.8748748749	0.0370932529	0.0188971040
75.0750750751	0.0370455956	0.0188723668
75.2752752753	0.0369981239	0.0188477272
75.4754754755	0.0369508365	0.0188231845
75.6756756757	0.0369037323	0.0187987380
75.8758758759	0.0368568101	0.0187743871
76.0760760761	0.0368100686	0.0187501311
76.2762762763	0.0367635068	0.0187259696
76.4764764765	0.0367171235	0.0187019018
76.6766766767	0.0366709175	0.0186779271
76.8768768769	0.0366248877	0.0186540450
77.0770770771	0.0365790330	0.0186302549
77.2772772773	0.0365333523	0.0186065561
77.4774774775	0.0364878444	0.0185829481
77.6776776777	0.0364425083	0.0185594302
77.8778778779	0.0363973429	0.0185360020
78.0780780781	0.0363523471	0.0185126629
78.2782782783	0.0363075198	0.0184894123
78.4784784785	0.0362628601	0.0184662495
78.6786786787	0.0362183667	0.0184431742
78.8788788789	0.0361740389	0.0184201857
79.0790790791	0.0361298753	0.0183972835
79.2792792793	0.0360858752	0.0183744670
79.4794794795	0.0360420374	0.0183517357
79.6796796797	0.0359983610	0.0183290891
79.8798798799	0.0359548449	0.0183065266
80.0800800801	0.0359114883	0.0182840478
80.2802802803	0.0358682900	0.0182616521
80.4804804805	0.0358252491	0.0182393390
80.6806806807	0.0357823648	0.0182171080
80.8808808809	0.0357396360	0.0181949586
81.0810810811	0.0356970617	0.0181728902
81.2812812813	0.0356546411	0.0181509025
81.4814814815	0.0356123733	0.0181289949
81.6816816817	0.0355702572	0.0181071669
81.8818818819	0.0355282920	0.0180854180
82.0820820821	0.0354864769	0.0180637478
82.2822822823	0.0354448108	0.0180421558
82.4824824825	0.0354032929	0.0180206415
82.6826826827	0.0353619224	0.0179992044
82.8828828829	0.0353206983	0.0179778442
83.0830830831	0.0352796198	0.0179565602
83.2832832833	0.0352386861	0.0179353522
83.4834834835	0.0351978962	0.0179142195
83.6836836837	0.0351572493	0.0178931618
83.8838838839	0.0351167447	0.0178721787
84.0840840841	0.0350763814	0.0178512697
84.2842842843	0.0350361586	0.0178304343
84.4844844845	0.0349960756	0.0178096721
84.6846846847	0.0349561314	0.0177889827
84.8848848849	0.0349163254	0.0177683657
85.0850850851	0.0348766567	0.0177478207
85.2852852853	0.0348371245	0.0177273472
85.4854854855	0.0347977280	0.0177069447
85.6856856857	0.0347584665	0.0176866130
85.8858858859	0.0347193392	0.0176663516
86.0860860861	0.0346803453	0.0176461601
86.2862862863	0.0346414840	0.0176260381
86.4864864865	0.0346027547	0.0176059851
86.6866866867	0.0345641564	0.0175860009
86.8868868869	0.0345256886	0.0175660849
87.0870870871	0.0344873505	0.0175462369
87.2872872873	0.0344491413	0.0175264564
87.4874874875	0.0344110604	0.0175067430
87.6876876877	0.0343731069	0.0174870964
87.8878878879	0.0343352802	0.0174675161
88.0880880881	0.0342975796	0.0174480019
88.2882882883	0.0342600044	0.0174285534
88.4884884885	0.0342225539	0.0174091701
88.6886886887	0.0341852273	0.0173898517
88.8888888889	0.0341480241	0.0173705978
89.0890890891	0.0341109435	0.0173514082
89.2892892893	0.0340739848	0.0173322824
89.4894894895	0.0340371474	0.0173132200
89.6896896897	0.0340004306	0.0172942208
89.8898898899	0.0339638338	0.0172752843
90.0900900901	0.0339273562	0.0172564103
90.2902902903	0.0338909974	0.0172375984
90.4904904905	0.0338547565	0.0172188482
90.6906906907	0.0338186330	0.0172001594
90.8908908909	0.0337826262	0.0171815317
91.0910910911	0.0337467355	0.0171629648
91.2912912913	0.0337109603	0.0171444582
91.4914914915	0.0336752999	0.0171260117
91.6916916917	0.0336397538	0.0171076250
91.8918918919	0.0336043213	0.0170892978
92.0920920921	0.0335690018	0.0170710296
92.2922922923	0.0335337947	0.0170528202
92.4924924925	0.0334986995	0.0170346694
92.6926926927	0.0334637154	0.0170165767
92.8928928929	0.0334288420	0.0169985418
93.0930930931	0.0333940787	0.0169805645
93.2932932933	0.0333594248	0.0169626444
93.4934934935	0.0333248799	0.0169447813
93.6936936937	0.0332904432	0.0169269748
93.8938938939	0.0332561143	0.0169092247
94.0940940941	0.0332218926	0.0168915306
94.2942942943	0.0331877775	0.0168738923
94.4944944945	0.0331537685	0.0168563094
94.6946946947	0.0331198651	0.0168387816
94.8948948949	0.0330860666	0.0168213088
95.0950950951	0.0330523725	0.0168038905
95.2952952953	0.0330187824	0.0167865265
95.4954954955	0.0329852956	0.0167692166
95.6956956957	0.0329519116	0.0167519604
95.8958958959	0.0329186300	0.0167347576
96.0960960961	0.0328854501	0.0167176081
96.2962962963	0.0328523715	0.0167005114
96.4964964965	0.0328193936	0.0166834674
96.6966966967	0.0327865159	0.0166664758
96.8968968969	0.0327537380	0.0166495363
97.0970970971	0.0327210593	0.0166326486
97.2972972973	0.0326884793	0.0166158125
97.4974974975	0.0326559975	0.0165990277
97.6976976977	0.0326236135	0.0165822939
97.8978978979	0.0325913266	0.0165656109
98.0980980981	0.0325591365	0.0165489785
98.2982982983	0.0325270427	0.0165323963
98.4984984985	0.0324950447	0.0165158642
98.6986986987	0.0324631419	0.0164993818
98.8988988989	0.0324313340	0.0164829490
99.0990990991	0.0323996204	0.0164665654
99.2992992993	0.0323680007	0.0164502309
99.4994994995	0.0323364745	0.0164339452
99.6996996997	0.0323050412	0.0164177079
99.8998998999	0.0322737004	0.0164015190
100.1001001001	0.0322424516	0.0163853782
100.3003003003	0.0322112945	0.0163692852
100.5005005005	0.0321802285	0.0163532397
100.7007007007	0.0321492532	0.0163372416
100.9009009009	0.0321183681	0.0163212907
101.1011011011	0.0320875729	0.0163053866
101.3013013013	0.0320568671	0.0162895292
101.5015015015	0.0320262502	0.0162737182
101.7017017017	0.0319957218	0.0162579534
101.9019019019	0.0319652815	0.0162422346
102.1021021021	0.0319349289	0.0162265615
102.3023023023	0.0319046636	0.0162109340
102.5025025025	0.0318744850	0.0161953518
102.7027027027	0.0318443929	0.0161798147
102.9029029029	0.0318143868	0.0161643224
103.1031031031	0.0317844663	0.0161488748
103.3033033033	0.0317546309	0.0161334717
103.5035035035	0.0317248803	0.0161181128
103.7037037037	0.0316952141	0.0161027979
103.9039039039	0.0316656319	0.0160875268
104.1041041041	0.0316361332	0.0160722993
104.3043043043	0.0316067177	0.0160571152
104.5045045045	0.0315773850	0.0160419743
104.7047047047	0.0315481347	0.0160268764
104.9049049049	0.0315189665	0.0160118213
105.1051051051	0.0314898798	0.0159968087
105.3053053053	0.0314608744	0.0159818385
105.5055055055	0.0314319499	0.0159669105
105.7057057057	0.0314031058	0.0159520245
105.9059059059	0.0313743419	0.0159371802
106.1061061061	0.0313456577	0.0159223775
106.3063063063	0.0313170529	0.0159076163
106.5065065065	0.0312885271	0.0158928962
106.7067067067	0.0312600799	0.0158782171
106.9069069069	0.0312317110	0.0158635789
107.1071071071	0.0312034201	0.0158489812
107.3073073073	0.0311752067	0.0158344241
107.5075075075	0.0311470705	0.0158199071
107.7077077077	0.0311190111	0.0158054303
107.9079079079	0.0310910283	0.0157909933
108.1081081081	0.0310631216	0.0157765960
108.3083083083	0.0310352908	0.0157622382
108.5085085085	0.0310075354	0.0157479198
108.7087087087	0.0309798551	0.0157336405
108.9089089089	0.0309522496	0.0157194002
109.1091091091	0.0309247186	0.0157051987
109.3093093093	0.0308972617	0.0156910359
109.5095095095	0.0308698785	0.0156769114
109.7097097097	0.0308425688	0.0156628253
109.9099099099	0.0308153322	0.0156487773
110.1101101101	0.0307881684	0.0156347671
110.3103103103	0.0307610771	0.0156207948
110.5105105105	0.0307340579	0.0156068600
110.7107107107	0.0307071106	0.0155929627
110.9109109109	0.0306802347	0.0155791026
111.1111111111	0.0306534300	0.0155652796
111.3113113113	0.0306266962	0.0155514935
111.5115115115	0.0306000330	0.0155377442
111.7117117117	0.0305734400	0.0155240315
111.9119119119	0.0305469169	0.0155103552
112.1121121121	0.0305204635	0.0154967152
112.3123123123	0.0304940794	0.0154831113
112.5125125125	0.0304677643	0.0154695433
112.7127127127	0.0304415179	0.0154560112
112.9129129129	0.0304153400	0.0154425147
113.1131131131	0.0303892302	0.0154290536
113.3133133133	0.0303631882	0.0154156279
113.5135135135	0.0303372137	0.0154022373
113.7137137137	0.0303113065	0.0153888818
113.9139139139	0.0302854662	0.0153755611
114.1141141141	0.0302596926	0.0153622751
114.3143143143	0.0302339853	0.0153490237
114.5145145145	0.0302083441	0.0153358067
114.7147147147	0.0301827688	0.0153226240
114.9149149149	0.0301572589	0.0153094754
115.1151151151	0.0301318143	0.0152963607
115.3153153153	0.0301064347	0.0152832799
115.5155155155	0.0300811197	0.0152702327
115.7157157157	0.0300558692	0.0152572191
115.9159159159	0.0300306828	0.0152442388
116.1161161161	0.0300055602	0.0152312918
116.3163163163	0.0299805013	0.0152183779
116.5165165165	0.0299555056	0.0152054970
116.7167167167	0.0299305730	0.0151926489
116.9169169169	0.0299057032	0.0151798334
117.1171171171	0.0298808960	0.0151670505
117.3173173173	0.0298561510	0.0151543000
117.5175175175	0.0298314680	0.0151415818
117.7177177177	0.0298068467	0.0151288957
117.9179179179	0.0297822869	0.0151162416
118.1181181181	0.0297577884	0.0151036193
118.3183183183	0.0297333508	0.0150910288
118.5185185185	0.0297089739	0.0150784699
118.7187187187	0.0296846576	0.0150659425
118.9189189189	0.0296604014	0.0150534463
119.1191191191	0.0296362052	0.0150409814
119.3193193193	0.0296120687	0.0150285475
119.5195195195	0.0295879917	0.0150161446
119.7197197197	0.0295639739	0.0150037725
119.9199199199	0.0295400151	0.0149914311
120.1201201201	0.0295161151	0.0149791202
120.3203203203	0.0294922735	0.0149668398
120.5205205205	0.0294684902	0.0149545897
120.7207207207	0.0294447650	0.0149423698
120.9209209209	0.0294210975	0.0149301799
121.1211211211	0.0293974876	0.0149180199
121.3213213213	0.0293739350	0.0149058898
121.5215215215	0.0293504395	0.0148937894
121.7217217217	0.0293270008	0.0148817185
121.9219219219	0.0293036188	0.0148696771
122.1221221221	0.0292802932	0.0148576650
122.3223223223	0.0292570237	0.0148456821
122.5225225225	0.0292338102	0.0148337283
122.7227227227	0.0292106524	0.0148218035
122.9229229229	0.0291875501	0.0148099075
123.1231231231	0.0291645031	0.0147980403
123.3233233233	0.0291415111	0.0147862017
123.5235235235	0.0291185740	0.0147743916
123.7237237237	0.0290956914	0.0147626099
123.9239239239	0.0290728633	0.0147508565
124.1241241241	0.0290500894	0.0147391312
124.3243243243	0.0290273694	0.0147274340
124.5245245245	0.0290047032	0.0147157648
124.7247247247	0.0289820905	0.0147041234
124.9249249249	0.0289595312	0.0146925097
125.1251251251	0.0289370249	0.0146809236
125.3253253253	0.0289145716	0.0146693650
125.5255255255	0.0288921710	0.0146578338
125.7257257257	0.0288698229	0.0146463299
125.9259259259	0.0288475270	0.0146348532
126.1261261261	0.0288252833	0.0146234035
126.3263263263	0.0288030914	0.0146119808
126.5265265265	0.0287809513	0.0146005850
126.7267267267	0.0287588626	0.0145892159
126.9269269269	0.0287368252	0.0145778735
127.1271271271	0.0287148388	0.0145665576
127.3273273273	0.0286929034	0.0145552681
127.5275275275	0.0286710186	0.0145440050
127.7277277277	0.0286491843	0.0145327681
127.9279279279	0.0286274003	0.0145215574
128.1281281281	0.0286056664	0.0145103727
128.3283283283	0.0285839825	0.0144992139
128.5285285285	0.0285623482	0.0144880809
128.7287287287	0.0285407635	0.0144769737
128.9289289289	0.0285192281	0.0144658921
129.1291291291	0.0284977419	0.0144548360
129.3293293293	0.0284763046	0.0144438054
129.5295295295	0.0284549161	0.0144328001
129.7297297297	0.0284335762	0.0144218201
129.9299299299	0.0284122847	0.0144108652
130.1301301301	0.0283910414	0.0143999353
130.3303303303	0.0283698462	0.0143890304
130.5305305305	0.0283486988	0.0143781503
130.7307307307	0.0283275991	0.0143672951
130.9309309309	0.0283065469	0.0143564644
131.1311311311	0.0282855421	0.0143456584
131.3313313313	0.0282645843	0.0143348768
131.5315315315	0.0282436736	0.0143241197
131.7317317317	0.0282228096	0.0143133868
131.9319319319	0.0282019922	0.0143026781
132.1321321321	0.0281812213	0.0142919936
132.3323323323	0.0281604967	0.0142813330
132.5325325325	0.0281398181	0.0142706965
132.7327327327	0.0281191855	0.0142600837
132.9329329329	0.0280985986	0.0142494947
133.1331331331	0.0280780573	0.0142389294
133.3333333333	0.0280575614	0.0142283876
133.5335335335	0.0280371108	0.0142178694
133.7337337337	0.0280167053	0.0142073745
133.9339339339	0.0279963446	0.0141969030
134.1341341341	0.0279760287	0.0141864547
134.3343343343	0.0279557574	0.0141760295
134.5345345345	0.0279355306	0.0141656274
134.7347347347	0.0279153480	0.0141552483
134.9349349349	0.0278952094	0.0141448921
135.1351351351	0.0278751149	0.0141345587
135.3353353353	0.0278550641	0.0141242480
135.5355355355	0.0278350569	0.0141139599
135.7357357357	0.0278150932	0.0141036944
135.9359359359	0.0277951727	0.0140934513
136.1361361361	0.0277752955	0.0140832307
136.3363363363	0.0277554612	0.0140730323
136.5365365365	0.0277356697	0.0140628562
136.7367367367	0.0277159210	0.0140527023
136.9369369369	0.0276962147	0.0140425704
137.1371371371	0.0276765508	0.0140324605
137.3373373373	0.0276569292	0.0140223725
137.5375375375	0.0276373496	0.0140123063
137.7377377377	0.0276178119	0.0140022619
137.9379379379	0.0275983160	0.0139922391
138.1381381381	0.0275788617	0.0139822380
138.3383383383	0.0275594489	0.0139722583
138.5385385385	0.0275400774	0.0139623001
138.7387387387	0.0275207471	0.0139523633
138.9389389389	0.0275014578	0.0139424477
139.1391391391	0.0274822094	0.0139325534
139.3393393393	0.0274630017	0.0139226801
139.5395395395	0.0274438346	0.0139128280
139.7397397397	0.0274247080	0.0139029968
139.9399399399	0.0274056217	0.0138931866
140.1401401401	0.0273865756	0.0138833971
140.3403403403	0.0273675694	0.0138736285
140.5405405405	0.0273486032	0.0138638805
140.7407407407	0.0273296767	0.0138541531
140.9409409409	0.0273107898	0.0138444463
141.1411411411	0.0272919424	0.0138347600
141.3413413413	0.0272731343	0.0138250940
141.5415415415	0.0272543655	0.0138154484
141.7417417417	0.0272356356	0.0138058230
141.9419419419	0.0272169447	0.0137962178
142.1421421421	0.0271982926	0.0137866327
142.3423423423	0.0271796791	0.0137770677
142.5425425425	0.0271611042	0.0137675226
142.7427427427	0.0271425676	0.0137579975
142.9429429429	0.0271240693	0.0137484922
143.1431431431	0.0271056091	0.0137390066
143.3433433433	0.0270871868	0.0137295407
143.5435435435	0.0270688025	0.0137200945
143.7437437437	0.0270504559	0.0137106678
143.9439439439	0.0270321468	0.0137012607
144.1441441441	0.0270138753	0.0136918729
144.3443443443	0.0269956411	0.0136825045
144.5445445445	0.0269774441	0.0136731554
144.7447447447	0.0269592841	0.0136638256
144.9449449449	0.0269411612	0.0136545148
145.1451451451	0.0269230751	0.0136452232
145.3453453453	0.0269050257	0.0136359506
145.5455455455	0.0268870129	0.0136266970
145.7457457457	0.0268690365	0.0136174623
145.9459459459	0.0268510965	0.0136082464
146.1461461461	0.0268331927	0.0135990493
146.3463463463	0.0268153250	0.0135898709
146.5465465465	0.0267974932	0.0135807111
146.7467467467	0.0267796974	0.0135715699
146.9469469469	0.0267619372	0.0135624473
147.1471471471	0.0267442127	0.0135533431
147.3473473473	0.0267265236	0.0135442573
147.5475475475	0.0267088699	0.0135351898
147.7477477477	0.0266912515	0.0135261406
147.9479479479	0.0266736682	0.0135171096
148.1481481481	0.0266561200	0.0135080967
148.3483483483	0.0266386066	0.0134991019
148.5485485485	0.0266211280	0.0134901252
148.7487487487	0.0266036841	0.0134811664
148.9489489489	0.0265862748	0.0134722255
149.1491491491	0.0265688999	0.0134633025
149.3493493493	0.0265515593	0.0134543973
149.5495495495	0.0265342530	0.0134455098
149.7497497497	0.0265169807	0.0134366399
149.9499499499	0.0264997425	0.0134277877
150.1501501502	0.0264825381	0.0134189530
150.3503503504	0.0264653675	0.0134101358
150.5505505506	0.0264482305	0.0134013361
150.7507507508	0.0264311271	0.0133925537
150.9509509510	0.0264140572	0.0133837887
151.1511511512	0.0263970205	0.0133750409
151.3513513514	0.0263800171	0.0133663103
151.5515515516	0.0263630468	0.0133575969
151.7517517518	0.0263461095	0.0133489005
151.9519519520	0.0263292051	0.0133402212
152.1521521522	0.0263123335	0.0133315589
152.3523523524	0.0262954945	0.0133229136
152.5525525526	0.0262786882	0.0133142851
152.7527527528	0.0262619143	0.0133056734
152.9529529530	0.0262451728	0.0132970784
153.1531531532	0.0262284635	0.0132885002
153.3533533534	0.0262117864	0.0132799387
153.5535535536	0.0261951414	0.0132713937
153.7537537538	0.0261785283	0.0132628653
153.9539539540	0.0261619471	0.0132543534
154.1541541542	0.0261453976	0.0132458579
154.3543543544	0.0261288797	0.0132373788
154.5545545546	0.0261123934	0.0132289160
154.7547547548	0.0260959386	0.0132204696
154.9549549550	0.0260795151	0.0132120393
155.1551551552	0.0260631228	0.0132036253
155.3553553554	0.0260467617	0.0131952273
155.5555555556	0.0260304316	0.0131868455
155.7557557558	0.0260141325	0.0131784796
155.9559559560	0.0259978643	0.0131701298
156.1561561562	0.0259816267	0.0131617958
156.3563563564	0.0259654199	0.0131534777
156.5565565566	0.0259492436	0.0131451755
156.7567567568	0.0259330978	0.0131368890
156.9569569570	0.0259169823	0.0131286182
157.1571571572	0.0259008971	0.0131203631
157.3573573574	0.0258848421	0.0131121237
157.5575575576	0.0258688172	0.0131038998
157.7577577578	0.0258528222	0.0130956914
157.9579579580	0.0258368572	0.0130874985
158.1581581582	0.0258209219	0.0130793210
158.3583583584	0.0258050164	0.0130711589
158.5585585586	0.0257891404	0.0130630121
158.7587587588	0.0257732940	0.0130548807
158.9589589590	0.0257574771	0.0130467644
159.1591591592	0.0257416894	0.0130386633
159.3593593594	0.0257259310	0.0130305774
159.5595595596	0.0257102018	0.0130225065
159.7597597598	0.0256945017	0.0130144508
159.9599599600	0.0256788305	0.0130064099
160.1601601602	0.0256631882	0.0129983841
160.3603603604	0.0256475747	0.0129903732
160.5605605606	0.0256319900	0.0129823771
160.7607607608	0.0256164338	0.0129743958
160.9609609610	0.0256009062	0.0129664293
161.1611611612	0.0255854071	0.0129584775
161.3613613614	0.0255699363	0.0129505404
161.5615615616	0.0255544937	0.0129426179
161.7617617618	0.0255390794	0.0129347100
161.9619619620	0.0255236932	0.0129268166
162.1621621622	0.0255083349	0.0129189378
162.3623623624	0.0254930047	0.0129110734
162.5625625626	0.0254777022	0.0129032234
162.7627627628	0.0254624276	0.0128953877
162.9629629630	0.0254471806	0.0128875664
163.1631631632	0.0254319612	0.0128797594
163.3633633634	0.0254167693	0.0128719665
163.5635635636	0.0254016048	0.0128641879
163.7637637638	0.0253864677	0.0128564234
163.9639639640	0.0253713578	0.0128486731
164.1641641642	0.0253562752	0.0128409368
164.3643643644	0.0253412196	0.0128332145
164.5645645646	0.0253261911	0.0128255061
164.7647647648	0.0253111894	0.0128178118
164.9649649650	0.0252962147	0.0128101313
165.1651651652	0.0252812667	0.0128024646
165.3653653654	0.0252663454	0.0127948118
165.5655655656	0.0252514507	0.0127871727
165.7657657658	0.0252365826	0.0127795474
165.9659659660	0.0252217409	0.0127719357
166.1661661662	0.0252069256	0.0127643377
166.3663663664	0.0251921367	0.0127567533
166.5665665666	0.0251773739	0.0127491824
166.7667667668	0.0251626373	0.0127416251
166.9669669670	0.0251479267	0.0127340812
167.1671671672	0.0251332421	0.0127265508
167.3673673674	0.0251185835	0.0127190338
167.5675675676	0.0251039507	0.0127115302
167.7677677678	0.0250893436	0.0127040398
167.9679679680	0.0250747623	0.0126965628
168.1681681682	0.0250602065	0.0126890990
168.3683683684	0.0250456763	0.0126816484
168.5685685686	0.0250311715	0.0126742109
168.7687687688	0.0250166922	0.0126667866
168.9689689690	0.0250022381	0.0126593754
169.1691691692	0.0249878093	0.0126519772
169.3693693694	0.0249734056	0.0126445921
169.5695695696	0.0249590271	0.0126372199
169.7697697698	0.0249446735	0.0126298606
169.9699699700	0.0249303449	0.0126225143
170.1701701702	0.0249160412	0.0126151808
170.3703703704	0.0249017623	0.0126078601
170.5705705706	0.0248875081	0.0126005522
170.7707707708	0.0248732786	0.0125932571
170.9709709710	0.0248590736	0.0125859746
171.1711711712	0.0248448932	0.0125787049
171.3713713714	0.0248307372	0.0125714477
171.5715715716	0.0248166056	0.0125642032
171.7717717718	0.0248024983	0.0125569713
171.9719719720	0.0247884152	0.0125497518
172.1721721722	0.0247743563	0.0125425449
172.3723723724	0.0247603214	0.0125353504
172.5725725726	0.0247463107	0.0125281683
172.7727727728	0.0247323238	0.0125209986
172.9729729730	0.0247183609	0.0125138413
173.1731731732	0.0247044218	0.0125066962
173.3733733734	0.0246905064	0.0124995635
173.5735735736	0.0246766147	0.0124924430
173.7737737738	0.0246627466	0.0124853346
173.9739739740	0.0246489021	0.0124782385
174.1741741742	0.0246350811	0.0124711545
174.3743743744	0.0246212835	0.0124640826
174.5745745746	0.0246075092	0.0124570228
174.7747747748	0.0245937583	0.0124499750
174.9749749750	0.0245800305	0.0124429392
175.1751751752	0.0245663259	0.0124359153
175.3753753754	0.0245526444	0.0124289034
175.5755755756	0.0245389859	0.0124219034
175.7757757758	0.0245253504	0.0124149153
175.9759759760	0.0245117378	0.0124079390
176.1761761762	0.0244981480	0.0124009744
176.3763763764	0.0244845810	0.0123940217
176.5765765766	0.0244710366	0.0123870807
176.7767767768	0.0244575149	0.0123801513
176.9769769770	0.0244440158	0.0123732337
177.1771771772	0.0244305392	0.0123663276
177.3773773774	0.0244170851	0.0123594332
177.5775775776	0.0244036533	0.0123525503
177.7777777778	0.0243902439	0.0123456790
177.9779779780	0.0243768567	0.0123388192
178.1781781782	0.0243634918	0.0123319708
178.3783783784	0.0243501489	0.0123251339
178.5785785786	0.0243368282	0.0123183084
178.7787787788	0.0243235295	0.0123114942
178.9789789790	0.0243102527	0.0123046914
179.1791791792	0.0242969978	0.0122978999
179.3793793794	0.0242837648	0.0122911197
179.5795795796	0.0242705536	0.0122843508
179.7797797798	0.0242573640	0.0122775930
179.9799799800	0.0242441961	0.0122708465
180.1801801802	0.0242310499	0.0122641111
180.3803803804	0.0242179251	0.0122573868
180.5805805806	0.0242048218	0.0122506736
180.7807807808	0.0241917400	0.0122439715
180.9809809810	0.0241786795	0.0122372804
181.1811811812	0.0241656404	0.0122306003
181.3813813814	0.0241526224	0.0122239312
181.5815815816	0.0241396257	0.0122172730
181.7817817818	0.0241266501	0.0122106258
181.9819819820	0.0241136955	0.0122039894
182.1821821822	0.0241007620	0.0121973639
182.3823823824	0.0240878495	0.0121907492
182.5825825826	0.0240749578	0.0121841453
182.7827827828	0.0240620870	0.0121775522
182.9829829830	0.0240492370	0.0121709698
183.1831831832	0.0240364077	0.0121643981
183.3833833834	0.0240235991	0.0121578370
183.5835835836	0.0240108111	0.0121512867
183.7837837838	0.0239980437	0.0121447469
183.9839839840	0.0239852968	0.0121382178
184.1841841842	0.0239725703	0.0121316992
184.3843843844	0.0239598642	0.0121251911
184.5845845846	0.0239471785	0.0121186935
184.7847847848	0.0239345131	0.0121122064
184.9849849850	0.0239218680	0.0121057298
185.1851851852	0.0239092430	0.0120992636
185.3853853854	0.0238966381	0.0120928078
185.5855855856	0.0238840533	0.0120863623
185.7857857858	0.0238714886	0.0120799272
185.9859859860	0.0238589438	0.0120735024
186.1861861862	0.0238464189	0.0120670879
186.3863863864	0.0238339139	0.0120606836
186.5865865866	0.0238214287	0.0120542896
186.7867867868	0.0238089633	0.0120479057
186.9869869870	0.0237965176	0.0120415320
187.1871871872	0.0237840915	0.0120351685
187.3873873874	0.0237716850	0.0120288151
187.5875875876	0.0237592981	0.0120224718
187.7877877878	0.0237469307	0.0120161385
187.9879879880	0.0237345827	0.0120098153
188.1881881882	0.0237222542	0.0120035021
188.3883883884	0.0237099449	0.0119971989
188.5885885886	0.0236976550	0.0119909057
188.7887887888	0.0236853843	0.0119846224
188.9889889890	0.0236731328	0.0119783489
189.1891891892	0.0236609005	0.0119720854
189.3893893894	0.0236486873	0.0119658317
189.5895895896	0.0236364931	0.0119595879
189.7897897898	0.0236243178	0.0119533538
189.9899899900	0.0236121616	0.0119471296
190.1901901902	0.0236000242	0.0119409151
190.3903903904	0.0235879057	0.0119347103
190.5905905906	0.0235758060	0.0119285152
190.7907907908	0.0235637250	0.0119223298
190.9909909910	0.0235516628	0.0119161540
191.1911911912	0.0235396192	0.0119099879
191.3913913914	0.0235275942	0.0119038313
191.5915915916	0.0235155877	0.0118976844
191.7917917918	0.0235035998	0.0118915470
191.9919919920	0.0234916303	0.0118854191
192.1921921922	0.0234796793	0.0118793007
192.3923923924	0.0234677466	0.0118731918
192.5925925926	0.0234558322	0.0118670924
192.7927927928	0.0234439361	0.0118610023
192.9929929930	0.0234320582	0.0118549217
193.1931931932	0.0234201985	0.0118488505
193.3933933934	0.0234083570	0.0118427886
193.5935935936	0.0233965335	0.0118367361
193.7937937938	0.0233847281	0.0118306928
193.9939939940	0.0233729406	0.0118246588
194.1941941942	0.0233611712	0.0118186341
194.3943943944	0.0233494196	0.0118126187
194.5945945946	0.0233376858	0.0118066124
194.7947947948	0.0233259699	0.0118006154
194.9949949950	0.0233142718	0.0117946275
195.1951951952	0.0233025914	0.0117886487
195.3953953954	0.0232909286	0.0117826791
195.5955955956	0.0232792835	0.0117767185
195.7957957958	0.0232676560	0.0117707671
195.9959959960	0.0232560460	0.0117648246
196.1961961962	0.0232444535	0.0117588912
196.3963963964	0.0232328785	0.0117529669
196.5965965966	0.0232213208	0.0117470514
196.7967967968	0.0232097806	0.0117411450
196.9969969970	0.0231982577	0.0117352475
197.1971971972	0.0231867520	0.0117293589
197.3973973974	0.0231752636	0.0117234792
197.5975975976	0.0231637924	0.0117176083
197.7977977978	0.0231523383	0.0117117463
197.9979979980	0.0231409014	0.0117058932
198.1981981982	0.0231294815	0.0117000488
198.3983983984	0.0231180786	0.0116942132
198.5985985986	0.0231066928	0.0116883864
198.7987987988	0.0230953238	0.0116825683
198.9989989990	0.0230839718	0.0116767589
199.1991991992	0.0230726366	0.0116709582
199.3993993994	0.0230613182	0.0116651662
199.5995995996	0.0230500166	0.0116593828
199.7997997998	0.0230387317	0.0116536080
200.0000000000	0.0230274635	0.0116478419
