0.0000000000	60.0000000000	60.0000000000
0.2002002002	58.6870607929	58.6870607929
0.4004004004	58.1599021287	58.1599021287
0.6006006006	57.7617766194	57.7617766194
0.8008008008	57.4303514577	57.4303514577
1.0010010010	57.1414956098	57.1414956098
1.2012012012	56.8828395920	56.8828395920
1.4014014014	56.6470390738	56.6470390738
1.6016016016	56.4293112050	56.4293112050
1.8018018018	56.2263354500	56.2263354500
2.0020020020	56.0356953358	56.0356953358
2.2022022022	55.8555675126	55.8555675126
2.4024024024	55.6845361086	55.6845361086
2.6026026026	55.5214757011	55.5214757011
2.8028028028	55.3654742426	55.3654742426
3.0030030030	55.2157804371	55.2157804371
3.2032032032	55.0717667071	55.0717667071
3.4034034034	54.9329024541	54.9329024541
3.6036036036	54.7987343166	54.7987343166
3.8038038038	54.6688713116	54.6688713116
4.0040040040	54.5429734584	54.5429734584
4.2042042042	54.4207429384	54.4207429384
4.4044044044	54.3019171301	54.3019171301
4.6046046046	54.1862630576	54.1862630576
4.8048048048	54.0735729152	54.0735729152
5.0050050050	53.9636604241	53.9636604241
5.2052052052	53.8563578410	53.8563578410
5.4054054054	53.7515134791	53.7515134791
5.6056056056	53.6489896406	53.6489896406
5.8058058058	53.5486608783	53.5486608783
6.0060060060	53.4504125257	53.4504125257
6.2062062062	53.3541394462	53.3541394462
6.4064064064	53.2597449623	53.2597449623
6.6066066066	53.1671399353	53.1671399353
6.8068068068	53.0762419690	53.0762419690
7.0070070070	52.9869747187	52.9869747187
7.2072072072	52.8992672886	52.8992672886
7.4074074074	52.8130537038	52.8130537038
7.6076076076	52.7282724466	52.7282724466
7.8078078078	52.6448660476	52.6448660476
8.0080080080	52.5627807228	52.5627807228
8.2082082082	52.4819660529	52.4819660529
8.4084084084	52.4023746960	52.4023746960
8.6086086086	52.3239621326	52.3239621326
8.8088088088	52.2466864356	52.2466864356
9.0090090090	52.1705080651	52.1705080651
9.2092092092	52.0953896828	52.0953896828
9.4094094094	52.0212959848	52.0212959848
9.6096096096	51.9481935504	51.9481935504
9.8098098098	51.8760507047	51.8760507047
10.0100100100	51.8048373947	51.8048373947
10.2102102102	51.7345250750	51.7345250750
10.4104104104	51.6650866050	51.6650866050
10.6106106106	51.5964961543	51.5964961543
10.8108108108	51.5287291162	51.5287291162
11.0110110110	51.4617620283	51.4617620283
11.2112112112	51.3955724999	51.3955724999
11.4114114114	51.3301391448	51.3301391448
11.6116116116	51.2654415198	51.2654415198
11.8118118118	51.2014600677	51.2014600677
12.0120120120	51.1381760647	51.1381760647
12.2122122122	51.0755715718	51.0755715718
12.4124124124	51.0136293897	51.0136293897
12.6126126126	50.9523330171	50.9523330171
12.8128128128	50.8916666116	50.8916666116
13.0130130130	50.8316149542	50.8316149542
13.2132132132	50.7721634151	50.7721634151
13.4134134134	50.7132979227	50.7132979227
13.6136136136	50.6550049342	50.6550049342
13.8138138138	50.5972714089	50.5972714089
14.0140140140	50.5400847817	50.5400847817
14.2142142142	50.4834329404	50.4834329404
14.4144144144	50.4273042024	50.4273042024
14.6146146146	50.3716872944	50.3716872944
14.8148148148	50.3165713322	50.3165713322
15.0150150150	50.2619458029	50.2619458029
15.2152152152	50.2078005469	50.2078005469
15.4154154154	50.1541257420	50.1541257420
15.6156156156	50.1009118878	50.1009118878
15.8158158158	50.0481497914	50.0481497914
16.0160160160	49.9958305534	49.9958305534
16.2162162162	49.9439455557	49.9439455557
16.4164164164	49.8924864485	49.8924864485
16.6166166166	49.8414451392	49.8414451392
16.8168168168	49.7908137817	49.7908137817
17.0170170170	49.7405847658	49.7405847658
17.2172172172	49.6907507076	49.6907507076
17.4174174174	49.6413044399	49.6413044399
17.6176176176	49.5922390042	49.5922390042
17.8178178178	49.5435476417	49.5435476417
18.0180180180	49.4952237856	49.4952237856
18.2182182182	49.4472610537	49.4472610537
18.4184184184	49.3996532412	49.3996532412
18.6186186186	49.3523943139	49.3523943139
18.8188188188	49.3054784019	49.3054784019
19.0190190190	49.2588997932	49.2588997932
19.2192192192	49.2126529280	49.2126529280
19.4194194194	49.1667323933	49.1667323933
19.6196196196	49.1211329173	49.1211329173
19.8198198198	49.0758493642	49.0758493642
20.0200200200	49.0308767301	49.0308767301
20.2202202202	48.9862101373	48.9862101373
20.4204204204	48.9418448309	48.9418448309
20.6206206206	48.8977761739	48.8977761739
20.8208208208	48.8539996436	48.8539996436
21.0210210210	48.8105108273	48.8105108273
21.2212212212	48.7673054189	48.7673054189
21.4214214214	48.7243792155	48.7243792155
21.6216216216	48.6817281136	48.6817281136
21.8218218218	48.6393481063	48.6393481063
22.0220220220	48.5972352796	48.5972352796
22.2222222222	48.5553858102	48.5553858102
22.4224224224	48.5137959618	48.5137959618
22.6226226226	48.4724620832	48.4724620832
22.8228228228	48.4313806048	48.4313806048
23.0230230230	48.3905480368	48.3905480368
23.2232232232	48.3499609664	48.3499609664
23.4234234234	48.3096160552	48.3096160552
23.6236236236	48.2695100378	48.2695100378
23.8238238238	48.2296397187	48.2296397187
24.0240240240	48.1900019708	48.1900019708
24.2242242242	48.1505937331	48.1505937331
24.4244244244	48.1114120090	48.1114120090
24.6246246246	48.0724538643	48.0724538643
24.8248248248	48.0337164254	48.0337164254
25.0250250250	47.9951968777	47.9951968777
25.2252252252	47.9568924637	47.9568924637
25.4254254254	47.9188004818	47.9188004818
25.6256256256	47.8809182844	47.8809182844
25.8258258258	47.8432432763	47.8432432763
26.0260260260	47.8057729139	47.8057729139
26.2262262262	47.7685047030	47.7685047030
26.4264264264	47.7314361982	47.7314361982
26.6266266266	47.6945650009	47.6945650009
26.8268268268	47.6578887587	47.6578887587
27.0270270270	47.6214051638	47.6214051638
27.2272272272	47.5851119518	47.5851119518
27.4274274274	47.5490069010	47.5490069010
27.6276276276	47.5130878307	47.5130878307
27.8278278278	47.4773526006	47.4773526006
28.0280280280	47.4417991096	47.4417991096
28.2282282282	47.4064252950	47.4064252950
28.4284284284	47.3712291311	47.3712291311
28.6286286286	47.3362086287	47.3362086287
28.8288288288	47.3013618341	47.3013618341
29.0290290290	47.2666868281	47.2666868281
29.2292292292	47.2321817254	47.2321817254
29.4294294294	47.1978446735	47.1978446735
29.6296296296	47.1636738520	47.1636738520
29.8298298298	47.1296674719	47.1296674719
30.0300300300	47.0958237751	47.0958237751
30.2302302302	47.0621410330	47.0621410330
30.4304304304	47.0286175465	47.0286175465
30.6306306306	46.9952516448	46.9952516448
30.8308308308	46.9620416852	46.9620416852
31.0310310310	46.9289860521	46.9289860521
31.2312312312	46.8960831566	46.8960831566
31.4314314314	46.8633314356	46.8633314356
31.6316316316	46.8307293517	46.8307293517
31.8318318318	46.7982753923	46.7982753923
32.0320320320	46.7659680689	46.7659680689
32.2322322322	46.7338059169	46.7338059169
32.4324324324	46.7017874950	46.7017874950
32.6326326326	46.6699113845	46.6699113845
32.8328328328	46.6381761892	46.6381761892
33.0330330330	46.6065805343	46.6065805343
33.2332332332	46.5751230665	46.5751230665
33.4334334334	46.5438024534	46.5438024534
33.6336336336	46.5126173830	46.5126173830
33.8338338338	46.4815665630	46.4815665630
34.0340340340	46.4506487210	46.4506487210
34.2342342342	46.4198626036	46.4198626036
34.4344344344	46.3892069761	46.3892069761
34.6346346346	46.3586806222	46.3586806222
34.8348348348	46.3282823438	46.3282823438
35.0350350350	46.2980109600	46.2980109600
35.2352352352	46.2678653075	46.2678653075
35.4354354354	46.2378442399	46.2378442399
35.6356356356	46.2079466272	46.2079466272
35.8358358358	46.1781713558	46.1781713558
36.0360360360	46.1485173280	46.1485173280
36.2362362362	46.1189834617	46.1189834617
36.4364364364	46.0895686902	46.0895686902
36.6366366366	46.0602719616	46.0602719616
36.8368368368	46.0310922390	46.0310922390
37.0370370370	46.0020284998	46.0020284998
37.2372372372	45.9730797355	45.9730797355
37.4374374374	45.9442449516	45.9442449516
37.6376376376	45.9155231672	45.9155231672
37.8378378378	45.8869134148	45.8869134148
38.0380380380	45.8584147399	45.8584147399
38.2382382382	45.8300262012	45.8300262012
38.4384384384	45.8017468695	45.8017468695
38.6386386386	45.7735758286	45.7735758286
38.8388388388	45.7455121741	45.7455121741
39.0390390390	45.7175550137	45.7175550137
39.2392392392	45.6897034668	45.6897034668
39.4394394394	45.6619566642	45.6619566642
39.6396396396	45.6343137484	45.6343137484
39.8398398398	45.6067738726	45.6067738726
40.0400400400	45.5793362012	45.5793362012
40.2402402402	45.5519999091	45.5519999091
40.4404404404	45.5247641820	45.5247641820
40.6406406406	45.4976282156	45.4976282156
40.8408408408	45.4705912162	45.4705912162
41.0410410410	45.4436523998	45.4436523998
41.2412412412	45.4168109923	45.4168109923
41.4414414414	45.3900662292	45.3900662292
41.6416416416	45.3634173556	45.3634173556
41.8418418418	45.3368636259	45.3368636259
42.0420420420	45.3104043035	45.3104043035
42.2422422422	45.2840386610	45.2840386610
42.4424424424	45.2577659799	45.2577659799
42.6426426426	45.2315855503	45.2315855503
42.8428428428	45.2054966708	45.2054966708
43.0430430430	45.1794986485	45.1794986485
43.2432432432	45.1535907989	45.1535907989
43.4434434434	45.1277724455	45.1277724455
43.6436436436	45.1020429199	45.1020429199
43.8438438438	45.0764015615	45.0764015615
44.0440440440	45.0508477176	45.0508477176
44.2442442442	45.0253807430	45.0253807430
44.4444444444	45.0000000000	45.0000000000
44.6446446446	44.9747048584	44.9747048584
44.8448448448	44.9494946953	44.9494946953
45.0450450450	44.9243688948	44.9243688948
45.2452452452	44.8993268481	44.8993268481
45.4454454454	44.8743679535	44.8743679535
45.6456456456	44.8494916158	44.8494916158
45.8458458458	44.8246972469	44.8246972469
46.0460460460	44.7999842650	44.7999842650
46.2462462462	44.7753520950	44.7753520950
46.4464464464	44.7508001681	44.7508001681
46.6466466466	44.7263279219	44.7263279219
46.8468468468	44.7019348001	44.7019348001
47.0470470470	44.6776202528	44.6776202528
47.2472472472	44.6533837358	44.6533837358
47.4474474474	44.6292247111	44.6292247111
47.6476476476	44.6051426463	44.6051426463
47.8478478478	44.5811370149	44.5811370149
48.0480480480	44.5572072962	44.5572072962
48.2482482482	44.5333529750	44.5333529750
48.4484484484	44.5095735414	44.5095735414
48.6486486486	44.4858684913	44.4858684913
48.8488488488	44.4622373256	44.4622373256
49.0490490490	44.4386795508	44.4386795508
49.2492492492	44.4151946784	44.4151946784
49.4494494494	44.3917822251	44.3917822251
49.6496496496	44.3684417125	44.3684417125
49.8498498498	44.3451726674	44.3451726674
50.0500500501	44.3219746214	44.3219746214
50.2502502503	44.2988471108	44.2988471108
50.4504504505	44.2757896770	44.2757896770
50.6506506507	44.2528018657	44.2528018657
50.8508508509	44.2298832276	44.2298832276
51.0510510511	44.2070333177	44.2070333177
51.2512512513	44.1842516957	44.1842516957
51.4514514515	44.1615379255	44.1615379255
51.6516516517	44.1388915756	44.1388915756
51.8518518519	44.1163122189	44.1163122189
52.0520520521	44.0937994322	44.0937994322
52.2522522523	44.0713527968	44.0713527968
52.4524524525	44.0489718981	44.0489718981
52.6526526527	44.0266563255	44.0266563255
52.8528528529	44.0044056725	44.0044056725
53.0530530531	43.9822195365	43.9822195365
53.2532532533	43.9600975191	43.9600975191
53.4534534535	43.9380392253	43.9380392253
53.6536536537	43.9160442644	43.9160442644
53.8538538539	43.8941122491	43.8941122491
54.0540540541	43.8722427961	43.8722427961
54.2542542543	43.8504355256	43.8504355256
54.4544544545	43.8286900615	43.8286900615
54.6546546547	43.8070060313	43.8070060313
54.8548548549	43.7853830658	43.7853830658
55.0550550551	43.7638207997	43.7638207997
55.2552552553	43.7423188707	43.7423188707
55.4554554555	43.7208769203	43.7208769203
55.6556556557	43.6994945930	43.6994945930
55.8558558559	43.6781715368	43.6781715368
56.0560560561	43.6569074030	43.6569074030
56.2562562563	43.6357018460	43.6357018460
56.4564564565	43.6145545234	43.6145545234
56.6566566567	43.5934650960	43.5934650960
56.8568568569	43.5724332277	43.5724332277
57.0570570571	43.5514585855	43.5514585855
57.2572572573	43.5305408392	43.5305408392
57.4574574575	43.5096796620	43.5096796620
57.6576576577	43.4888747296	43.4888747296
57.8578578579	43.4681257210	43.4681257210
58.0580580581	43.4474323178	43.4474323178
58.2582582583	43.4267942046	43.4267942046
58.4584584585	43.4062110687	43.4062110687
58.6586586587	43.3856826004	43.3856826004
58.8588588589	43.3652084923	43.3652084923
59.0590590591	43.3447884403	43.3447884403
59.2592592593	43.3244221424	43.3244221424
59.4594594595	43.3041092996	43.3041092996
59.6596596597	43.2838496155	43.2838496155
59.8598598599	43.2636427961	43.2636427961
60.0600600601	43.2434885500	43.2434885500
60.2602602603	43.2233865885	43.2233865885
60.4604604605	43.2033366252	43.2033366252
60.6606606607	43.1833383761	43.1833383761
60.8608608609	43.1633915598	43.1633915598
61.0610610611	43.1434958973	43.1434958973
61.2612612613	43.1236511119	43.1236511119
61.4614614615	43.1038569293	43.1038569293
61.6616616617	43.0841130774	43.0841130774
61.8618618619	43.0644192865	43.0644192865
62.0620620621	43.0447752891	43.0447752891
62.2622622623	43.0251808201	43.0251808201
62.4624624625	43.0056356163	43.0056356163
62.6626626627	42.9861394171	42.9861394171
62.8628628629	42.9666919638	42.9666919638
63.0630630631	42.9472929997	42.9472929997
63.2632632633	42.9279422706	42.9279422706
63.4634634635	42.9086395242	42.9086395242
63.6636636637	42.8893845101	42.8893845101
63.8638638639	42.8701769802	42.8701769802
64.0640640641	42.8510166883	42.8510166883
64.2642642643	42.8319033903	42.8319033903
64.4644644645	42.8128368439	42.8128368439
64.6646646647	42.7938168089	42.7938168089
64.8648648649	42.7748430469	42.7748430469
65.0650650651	42.7559153217	42.7559153217
65.2652652653	42.7370333986	42.7370333986
65.4654654655	42.7181970450	42.7181970450
65.6656656657	42.6994060302	42.6994060302
65.8658658659	42.6806601252	42.6806601252
66.0660660661	42.6619591028	42.6619591028
66.2662662663	42.6433027377	42.6433027377
66.4664664665	42.6246908062	42.6246908062
66.6666666667	42.6061230866	42.6061230866
66.8668668669	42.5875993587	42.5875993587
67.0670670671	42.5691194042	42.5691194042
67.2672672673	42.5506830063	42.5506830063
67.4674674675	42.5322899501	42.5322899501
67.6676676677	42.5139400221	42.5139400221
67.8678678679	42.4956330107	42.4956330107
68.0680680681	42.4773687057	42.4773687057
68.2682682683	42.4591468988	42.4591468988
68.4684684685	42.4409673829	42.4409673829
68.6686686687	42.4228299529	42.4228299529
68.8688688689	42.4047344049	42.4047344049
69.0690690691	42.3866805367	42.3866805367
69.2692692693	42.3686681477	42.3686681477
69.4694694695	42.3506970386	42.3506970386
69.6696696697	42.3327670118	42.3327670118
69.8698698699	42.3148778710	42.3148778710
70.0700700701	42.2970294216	42.2970294216
70.2702702703	42.2792214703	42.2792214703
70.4704704705	42.2614538251	42.2614538251
70.6706706707	42.2437262958	42.2437262958
70.8708708709	42.2260386931	42.2260386931
71.0710710711	42.2083908296	42.2083908296
71.2712712713	42.1907825189	42.1907825189
71.4714714715	42.1732135762	42.1732135762
71.6716716717	42.1556838178	42.1556838178
71.8718718719	42.1381930617	42.1381930617
72.0720720721	42.1207411269	42.1207411269
72.2722722723	42.1033278338	42.1033278338
72.4724724725	42.0859530042	42.0859530042
72.6726726727	42.0686164610	42.0686164610
72.8728728729	42.0513180286	42.0513180286
73.0730730731	42.0340575325	42.0340575325
73.2732732733	42.0168347994	42.0168347994
73.4734734735	41.9996496574	41.9996496574
73.6736736737	41.9825019358	41.9825019358
73.8738738739	41.9653914649	41.9653914649
74.0740740741	41.9483180765	41.9483180765
74.2742742743	41.9312816033	41.9312816033
74.4744744745	41.9142818794	41.9142818794
74.6746746747	41.8973187400	41.8973187400
74.8748748749	41.8803920214	41.8803920214
75.0750750751	41.8635015610	41.8635015610
75.2752752753	41.8466471975	41.8466471975
75.4754754755	41.8298287706	41.8298287706
75.6756756757	41.8130461211	41.8130461211
75.8758758759	41.7962990910	41.7962990910
76.0760760761	41.7795875234	41.7795875234
76.2762762763	41.7629112622	41.7629112622
76.4764764765	41.7462701527	41.7462701527
76.6766766767	41.7296640410	41.7296640410
76.8768768769	41.7130927746	41.7130927746
77.0770770771	41.6965562017	41.6965562017
77.2772772773	41.6800541716	41.6800541716
77.4774774775	41.6635865348	41.6635865348
77.6776776777	41.6471531425	41.6471531425
77.8778778779	41.6307538473	41.6307538473
78.0780780781	41.6143885023	41.6143885023
78.2782782783	41.5980569621	41.5980569621
78.4784784785	41.5817590820	41.5817590820
78.6786786787	41.5654947181	41.5654947181
78.8788788789	41.5492637278	41.5492637278
79.0790790791	41.5330659693	41.5330659693
79.2792792793	41.5169013017	41.5169013017
79.4794794795	41.5007695851	41.5007695851
79.6796796797	41.4846706804	41.4846706804
79.8798798799	41.4686044496	41.4686044496
80.0800800801	41.4525707555	41.4525707555
80.2802802803	41.4365694617	41.4365694617
80.4804804805	41.4206004329	41.4206004329
80.6806806807	41.4046635345	41.4046635345
80.8808808809	41.3887586329	41.3887586329
81.0810810811	41.3728855953	41.3728855953
81.2812812813	41.3570442898	41.3570442898
81.4814814815	41.3412345852	41.3412345852
81.6816816817	41.3254563514	41.3254563514
81.8818818819	41.3097094590	41.3097094590
82.0820820821	41.2939937793	41.2939937793
82.2822822823	41.2783091846	41.2783091846
82.4824824825	41.2626555481	41.2626555481
82.6826826827	41.2470327435	41.2470327435
82.8828828829	41.2314406455	41.2314406455
83.0830830831	41.2158791296	41.2158791296
83.2832832833	41.2003480720	41.2003480720
83.4834834835	41.1848473498	41.1848473498
83.6836836837	41.1693768408	41.1693768408
83.8838838839	41.1539364235	41.1539364235
84.0840840841	41.1385259772	41.1385259772
84.2842842843	41.1231453821	41.1231453821
84.4844844845	41.1077945189	41.1077945189
84.6846846847	41.0924732692	41.0924732692
84.8848848849	41.0771815153	41.0771815153
85.0850850851	41.0619191403	41.0619191403
85.2852852853	41.0466860279	41.0466860279
85.4854854855	41.0314820625	41.0314820625
85.6856856857	41.0163071293	41.0163071293
85.8858858859	41.0011611142	41.0011611142
86.0860860861	40.9860439038	40.9860439038
86.2862862863	40.9709553853	40.9709553853
86.4864864865	40.9558954467	40.9558954467
86.6866866867	40.9408639766	40.9408639766
86.8868868869	40.9258608643	40.9258608643
87.0870870871	40.9108859998	40.9108859998
87.2872872873	40.8959392737	40.8959392737
87.4874874875	40.8810205773	40.8810205773
87.6876876877	40.8661298026	40.8661298026
87.8878878879	40.8512668421	40.8512668421
88.0880880881	40.8364315891	40.8364315891
88.2882882883	40.8216239375	40.8216239375
88.4884884885	40.8068437817	40.8068437817
88.6886886887	40.7920910170	40.7920910170
88.8888888889	40.7773655390	40.7773655390
89.0890890891	40.7626672441	40.7626672441
89.2892892893	40.7479960293	40.7479960293
89.4894894895	40.7333517922	40.7333517922
89.6896896897	40.7187344310	40.7187344310
89.8898898899	40.7041438444	40.7041438444
90.0900900901	40.6895799319	40.6895799319
90.2902902903	40.6750425934	40.6750425934
90.4904904905	40.6605317294	40.6605317294
90.6906906907	40.6460472411	40.6460472411
90.8908908909	40.6315890301	40.6315890301
91.0910910911	40.6171569988	40.6171569988
91.2912912913	40.6027510499	40.6027510499
91.4914914915	40.5883710869	40.5883710869
91.6916916917	40.5740170137	40.5740170137
91.8918918919	40.5596887348	40.5596887348
92.0920920921	40.5453861552	40.5453861552
92.2922922923	40.5311091806	40.5311091806
92.4924924925	40.5168577170	40.5168577170
92.6926926927	40.5026316710	40.5026316710
92.8928928929	40.4884309500	40.4884309500
93.0930930931	40.4742554616	40.4742554616
93.2932932933	40.4601051141	40.4601051141
93.4934934935	40.4459798161	40.4459798161
93.6936936937	40.4318794770	40.4318794770
93.8938938939	40.4178040065	40.4178040065
94.0940940941	40.4037533150	40.4037533150
94.2942942943	40.3897273132	40.3897273132
94.4944944945	40.3757259123	40.3757259123
94.6946946947	40.3617490242	40.3617490242
94.8948948949	40.3477965612	40.3477965612
95.0950950951	40.3338684359	40.3338684359
95.2952952953	40.3199645617	40.3199645617
95.4954954955	40.3060848522	40.3060848522
95.6956956957	40.2922292217	40.2922292217
95.8958958959	40.2783975848	40.2783975848
96.0960960961	40.2645898566	40.2645898566
96.2962962963	40.2508059527	40.2508059527
96.4964964965	40.2370457893	40.2370457893
96.6966966967	40.2233092827	40.2233092827
96.8968968969	40.2095963501	40.2095963501
97.0970970971	40.1959069088	40.1959069088
97.2972972973	40.1822408767	40.1822408767
97.4974974975	40.1685981721	40.1685981721
97.6976976977	40.1549787137	40.1549787137
97.8978978979	40.1413824209	40.1413824209
98.0980980981	40.1278092132	40.1278092132
98.2982982983	40.1142590106	40.1142590106
98.4984984985	40.1007317338	40.1007317338
98.6986986987	40.0872273035	40.0872273035
98.8988988989	40.0737456412	40.0737456412
99.0990990991	40.0602866686	40.0602866686
99.2992992993	40.0468503078	40.0468503078
99.4994994995	40.0334364816	40.0334364816
99.6996996997	40.0200451128	40.0200451128
99.8998998999	40.0066761249	40.0066761249
100.1001001001	39.9933294418	39.9933294418
100.3003003003	39.9800049875	39.9800049875
100.5005005005	39.9667026868	39.9667026868
100.7007007007	39.9534224647	39.9534224647
100.9009009009	39.9401642465	39.9401642465
101.1011011011	39.9269279580	39.9269279580
101.3013013013	39.9137135255	39.9137135255
101.5015015015	39.9005208755	39.9005208755
101.7017017017	39.8873499349	39.8873499349
101.9019019019	39.8742006311	39.8742006311
102.1021021021	39.8610728918	39.8610728918
102.3023023023	39.8479666451	39.8479666451
102.5025025025	39.8348818194	39.8348818194
102.7027027027	39.8218183434	39.8218183434
102.9029029029	39.8087761465	39.8087761465
103.1031031031	39.7957551582	39.7957551582
103.3033033033	39.7827553083	39.7827553083
103.5035035035	39.7697765272	39.7697765272
103.7037037037	39.7568187454	39.7568187454
103.9039039039	39.7438818939	39.7438818939
104.1041041041	39.7309659041	39.7309659041
104.3043043043	39.7180707077	39.7180707077
104.5045045045	39.7051962366	39.7051962366
104.7047047047	39.6923424232	39.6923424232
104.9049049049	39.6795092002	39.6795092002
105.1051051051	39.6666965007	39.6666965007
105.3053053053	39.6539042581	39.6539042581
105.5055055055	39.6411324061	39.6411324061
105.7057057057	39.6283808786	39.6283808786
105.9059059059	39.6156496102	39.6156496102
106.1061061061	39.6029385355	39.6029385355
106.3063063063	39.5902475895	39.5902475895
106.5065065065	39.5775767076	39.5775767076
106.7067067067	39.5649258255	39.5649258255
106.9069069069	39.5522948791	39.5522948791
107.1071071071	39.5396838049	39.5396838049
107.3073073073	39.5270925393	39.5270925393
107.5075075075	39.5145210193	39.5145210193
107.7077077077	39.5019691823	39.5019691823
107.9079079079	39.4894369657	39.4894369657
108.1081081081	39.4769243074	39.4769243074
108.3083083083	39.4644311456	39.4644311456
108.5085085085	39.4519574187	39.4519574187
108.7087087087	39.4395030655	39.4395030655
108.9089089089	39.4270680251	39.4270680251
109.1091091091	39.4146522369	39.4146522369
109.3093093093	39.4022556405	39.4022556405
109.5095095095	39.3898781758	39.3898781758
109.7097097097	39.3775197830	39.3775197830
109.9099099099	39.3651804029	39.3651804029
110.1101101101	39.3528599760	39.3528599760
110.3103103103	39.3405584436	39.3405584436
110.5105105105	39.3282757469	39.3282757469
110.7107107107	39.3160118278	39.3160118278
110.9109109109	39.3037666281	39.3037666281
111.1111111111	39.2915400900	39.2915400900
111.3113113113	39.2793321560	39.2793321560
111.5115115115	39.2671427689	39.2671427689
111.7117117117	39.2549718718	39.2549718718
111.9119119119	39.2428194079	39.2428194079
112.1121121121	39.2306853209	39.2306853209
112.3123123123	39.2185695545	39.2185695545
112.5125125125	39.2064720529	39.2064720529
112.7127127127	39.1943927604	39.1943927604
112.9129129129	39.1823316217	39.1823316217
113.1131131131	39.1702885817	39.1702885817
113.3133133133	39.1582635856	39.1582635856
113.5135135135	39.1462565787	39.1462565787
113.7137137137	39.1342675066	39.1342675066
113.9139139139	39.1222963154	39.1222963154
114.1141141141	39.1103429512	39.1103429512
114.3143143143	39.0984073605	39.0984073605
114.5145145145	39.0864894897	39.0864894897
114.7147147147	39.0745892860	39.0745892860
114.9149149149	39.0627066965	39.0627066965
115.1151151151	39.0508416684	39.0508416684
115.3153153153	39.0389941496	39.0389941496
115.5155155155	39.0271640879	39.0271640879
115.7157157157	39.0153514314	39.0153514314
115.9159159159	39.0035561284	39.0035561284
116.1161161161	38.9917781277	38.9917781277
116.3163163163	38.9800173779	38.9800173779
116.5165165165	38.9682738282	38.9682738282
116.7167167167	38.9565474279	38.9565474279
116.9169169169	38.9448381265	38.9448381265
117.1171171171	38.9331458738	38.9331458738
117.3173173173	38.9214706197	38.9214706197
117.5175175175	38.9098123145	38.9098123145
117.7177177177	38.8981709086	38.8981709086
117.9179179179	38.8865463527	38.8865463527
118.1181181181	38.8749385976	38.8749385976
118.3183183183	38.8633475945	38.8633475945
118.5185185185	38.8517732946	38.8517732946
118.7187187187	38.8402156496	38.8402156496
118.9189189189	38.8286746112	38.8286746112
119.1191191191	38.8171501313	38.8171501313
119.3193193193	38.8056421621	38.8056421621
119.5195195195	38.7941506561	38.7941506561
119.7197197197	38.7826755658	38.7826755658
119.9199199199	38.7712168441	38.7712168441
120.1201201201	38.7597744440	38.7597744440
120.3203203203	38.7483483188	38.7483483188
120.5205205205	38.7369384219	38.7369384219
120.7207207207	38.7255447069	38.7255447069
120.9209209209	38.7141671276	38.7141671276
121.1211211211	38.7028056383	38.7028056383
121.3213213213	38.6914601930	38.6914601930
121.5215215215	38.6801307464	38.6801307464
121.7217217217	38.6688172529	38.6688172529
121.9219219219	38.6575196675	38.6575196675
122.1221221221	38.6462379453	38.6462379453
122.3223223223	38.6349720415	38.6349720415
122.5225225225	38.6237219115	38.6237219115
122.7227227227	38.6124875109	38.6124875109
122.9229229229	38.6012687957	38.6012687957
123.1231231231	38.5900657217	38.5900657217
123.3233233233	38.5788782453	38.5788782453
123.5235235235	38.5677063228	38.5677063228
123.7237237237	38.5565499108	38.5565499108
123.9239239239	38.5454089661	38.5454089661
124.1241241241	38.5342834456	38.5342834456
124.3243243243	38.5231733065	38.5231733065
124.5245245245	38.5120785061	38.5120785061
124.7247247247	38.5009990019	38.5009990019
124.9249249249	38.4899347516	38.4899347516
125.1251251251	38.4788857131	38.4788857131
125.3253253253	38.4678518444	38.4678518444
125.5255255255	38.4568331038	38.4568331038
125.7257257257	38.4458294496	38.4458294496
125.9259259259	38.4348408404	38.4348408404
126.1261261261	38.4238672350	38.4238672350
126.3263263263	38.4129085923	38.4129085923
126.5265265265	38.4019648715	38.4019648715
126.7267267267	38.3910360317	38.3910360317
126.9269269269	38.3801220324	38.3801220324
127.1271271271	38.3692228333	38.3692228333
127.3273273273	38.3583383941	38.3583383941
127.5275275275	38.3474686748	38.3474686748
127.7277277277	38.3366136355	38.3366136355
127.9279279279	38.3257732365	38.3257732365
128.1281281281	38.3149474382	38.3149474382
128.3283283283	38.3041362013	38.3041362013
128.5285285285	38.2933394865	38.2933394865
128.7287287287	38.2825572548	38.2825572548
128.9289289289	38.2717894672	38.2717894672
129.1291291291	38.2610360851	38.2610360851
129.3293293293	38.2502970698	38.2502970698
129.5295295295	38.2395723830	38.2395723830
129.7297297297	38.2288619863	38.2288619863
129.9299299299	38.2181658417	38.2181658417
130.1301301301	38.2074839113	38.2074839113
130.3303303303	38.1968161572	38.1968161572
130.5305305305	38.1861625417	38.1861625417
130.7307307307	38.1755230275	38.1755230275
130.9309309309	38.1648975772	38.1648975772
131.1311311311	38.1542861536	38.1542861536
131.3313313313	38.1436887197	38.1436887197
131.5315315315	38.1331052386	38.1331052386
131.7317317317	38.1225356735	38.1225356735
131.9319319319	38.1119799879	38.1119799879
132.1321321321	38.1014381454	38.1014381454
132.3323323323	38.0909101097	38.0909101097
132.5325325325	38.0803958446	38.0803958446
132.7327327327	38.0698953142	38.0698953142
132.9329329329	38.0594084825	38.0594084825
133.1331331331	38.0489353140	38.0489353140
133.3333333333	38.0384757729	38.0384757729
133.5335335335	38.0280298240	38.0280298240
133.7337337337	38.0175974319	38.0175974319
133.9339339339	38.0071785615	38.0071785615
134.1341341341	37.9967731779	37.9967731779
134.3343343343	37.9863812460	37.9863812460
134.5345345345	37.9760027313	37.9760027313
134.7347347347	37.9656375991	37.9656375991
134.9349349349	37.9552858150	37.9552858150
135.1351351351	37.9449473446	37.9449473446
135.3353353353	37.9346221539	37.9346221539
135.5355355355	37.9243102088	37.9243102088
135.7357357357	37.9140114753	37.9140114753
135.9359359359	37.9037259197	37.9037259197
136.1361361361	37.8934535084	37.8934535084
136.3363363363	37.8831942078	37.8831942078
136.5365365365	37.8729479846	37.8729479846
136.7367367367	37.8627148055	37.8627148055
136.9369369369	37.8524946374	37.8524946374
137.1371371371	37.8422874473	37.8422874473
137.3373373373	37.8320932024	37.8320932024
137.5375375375	37.8219118700	37.8219118700
137.7377377377	37.8117434173	37.8117434173
137.9379379379	37.8015878120	37.8015878120
138.1381381381	37.7914450218	37.7914450218
138.3383383383	37.7813150143	37.7813150143
138.5385385385	37.7711977574	37.7711977574
138.7387387387	37.7610932193	37.7610932193
138.9389389389	37.7510013680	37.7510013680
139.1391391391	37.7409221718	37.7409221718
139.3393393393	37.7308555991	37.7308555991
139.5395395395	37.7208016184	37.7208016184
139.7397397397	37.7107601984	37.7107601984
139.9399399399	37.7007313077	37.7007313077
140.1401401401	37.6907149153	37.6907149153
140.3403403403	37.6807109901	37.6807109901
140.5405405405	37.6707195013	37.6707195013
140.7407407407	37.6607404181	37.6607404181
140.9409409409	37.6507737098	37.6507737098
141.1411411411	37.6408193459	37.6408193459
141.3413413413	37.6308772959	37.6308772959
141.5415415415	37.6209475296	37.6209475296
141.7417417417	37.6110300167	37.6110300167
141.9419419419	37.6011247272	37.6011247272
142.1421421421	37.5912316310	37.5912316310
142.3423423423	37.5813506984	37.5813506984
142.5425425425	37.5714818996	37.5714818996
142.7427427427	37.5616252049	37.5616252049
142.9429429429	37.5517805848	37.5517805848
143.1431431431	37.5419480100	37.5419480100
143.3433433433	37.5321274511	37.5321274511
143.5435435435	37.5223188788	37.5223188788
143.7437437437	37.5125222643	37.5125222643
143.9439439439	37.5027375784	37.5027375784
144.1441441441	37.4929647923	37.4929647923
144.3443443443	37.4832038772	37.4832038772
144.5445445445	37.4734548045	37.4734548045
144.7447447447	37.4637175456	37.4637175456
144.9449449449	37.4539920721	37.4539920721
145.1451451451	37.4442783556	37.4442783556
145.3453453453	37.4345763680	37.4345763680
145.5455455455	37.4248860810	37.4248860810
145.7457457457	37.4152074667	37.4152074667
145.9459459459	37.4055404971	37.4055404971
146.1461461461	37.3958851445	37.3958851445
146.3463463463	37.3862413810	37.3862413810
146.5465465465	37.3766091791	37.3766091791
146.7467467467	37.3669885112	37.3669885112
146.9469469469	37.3573793500	37.3573793500
147.1471471471	37.3477816682	37.3477816682
147.3473473473	37.3381954384	37.3381954384
147.5475475475	37.3286206336	37.3286206336
147.7477477477	37.3190572268	37.3190572268
147.9479479479	37.3095051910	37.3095051910
148.1481481481	37.2999644995	37.2999644995
148.3483483483	37.2904351254	37.2904351254
148.5485485485	37.2809170422	37.2809170422
148.7487487487	37.2714102233	37.2714102233
148.9489489489	37.2619146423	37.2619146423
149.1491491491	37.2524302729	37.2524302729
149.3493493493	37.2429570887	37.2429570887
149.5495495495	37.2334950637	37.2334950637
149.7497497497	37.2240441718	37.2240441718
149.9499499499	37.2146043870	37.2146043870
150.1501501502	37.2051756834	37.2051756834
150.3503503504	37.1957580352	37.1957580352
150.5505505506	37.1863514168	37.1863514168
150.7507507508	37.1769558025	37.1769558025
150.9509509510	37.1675711669	37.1675711669
151.1511511512	37.1581974845	37.1581974845
151.3513513514	37.1488347300	37.1488347300
151.5515515516	37.1394828782	37.1394828782
151.7517517518	37.1301419039	37.1301419039
151.9519519520	37.1208117820	37.1208117820
152.1521521522	37.1114924876	37.1114924876
152.3523523524	37.1021839958	37.1021839958
152.5525525526	37.0928862817	37.0928862817
152.7527527528	37.0835993208	37.0835993208
152.9529529530	37.0743230883	37.0743230883
153.1531531532	37.0650575597	37.0650575597
153.3533533534	37.0558027106	37.0558027106
153.5535535536	37.0465585166	37.0465585166
153.7537537538	37.0373249535	37.0373249535
153.9539539540	37.0281019969	37.0281019969
154.1541541542	37.0188896229	37.0188896229
154.3543543544	37.0096878073	37.0096878073
154.5545545546	37.0004965264	37.0004965264
154.7547547548	36.9913157561	36.9913157561
154.9549549550	36.9821454726	36.9821454726
155.1551551552	36.9729856525	36.9729856525
155.3553553554	36.9638362719	36.9638362719
155.5555555556	36.9546973073	36.9546973073
155.7557557558	36.9455687354	36.9455687354
155.9559559560	36.9364505327	36.9364505327
156.1561561562	36.9273426760	36.9273426760
156.3563563564	36.9182451420	36.9182451420
156.5565565566	36.9091579077	36.9091579077
156.7567567568	36.9000809499	36.9000809499
156.9569569570	36.8910142456	36.8910142456
157.1571571572	36.8819577721	36.8819577721
157.3573573574	36.8729115065	36.8729115065
157.5575575576	36.8638754260	36.8638754260
157.7577577578	36.8548495080	36.8548495080
157.9579579580	36.8458337298	36.8458337298
158.1581581582	36.8368280691	36.8368280691
158.3583583584	36.8278325033	36.8278325033
158.5585585586	36.8188470102	36.8188470102
158.7587587588	36.8098715674	36.8098715674
158.9589589590	36.8009061527	36.8009061527
159.1591591592	36.7919507440	36.7919507440
159.3593593594	36.7830053192	36.7830053192
159.5595595596	36.7740698564	36.7740698564
159.7597597598	36.7651443337	36.7651443337
159.9599599600	36.7562287293	36.7562287293
160.1601601602	36.7473230213	36.7473230213
160.3603603604	36.7384271880	36.7384271880
160.5605605606	36.7295412080	36.7295412080
160.7607607608	36.7206650596	36.7206650596
160.9609609610	36.7117987214	36.7117987214
161.1611611612	36.7029421719	36.7029421719
161.3613613614	36.6940953899	36.6940953899
161.5615615616	36.6852583541	36.6852583541
161.7617617618	36.6764310433	36.6764310433
161.9619619620	36.6676134365	36.6676134365
162.1621621622	36.6588055124	36.6588055124
162.3623623624	36.6500072503	36.6500072503
162.5625625626	36.6412186291	36.6412186291
162.7627627628	36.6324396281	36.6324396281
162.9629629630	36.6236702264	36.6236702264
163.1631631632	36.6149104035	36.6149104035
163.3633633634	36.6061601386	36.6061601386
163.5635635636	36.5974194112	36.5974194112
163.7637637638	36.5886882008	36.5886882008
163.9639639640	36.5799664870	36.5799664870
164.1641641642	36.5712542493	36.5712542493
164.3643643644	36.5625514676	36.5625514676
164.5645645646	36.5538581217	36.5538581217
164.7647647648	36.5451741912	36.5451741912
164.9649649650	36.5364996562	36.5364996562
165.1651651652	36.5278344966	36.5278344966
165.3653653654	36.5191786924	36.5191786924
165.5655655656	36.5105322238	36.5105322238
165.7657657658	36.5018950710	36.5018950710
165.9659659660	36.4932672140	36.4932672140
166.1661661662	36.4846486333	36.4846486333
166.3663663664	36.4760393093	36.4760393093
166.5665665666	36.4674392222	36.4674392222
166.7667667668	36.4588483526	36.4588483526
166.9669669670	36.4502666811	36.4502666811
167.1671671672	36.4416941883	36.4416941883
167.3673673674	36.4331308548	36.4331308548
167.5675675676	36.4245766614	36.4245766614
167.7677677678	36.4160315889	36.4160315889
167.9679679680	36.4074956181	36.4074956181
168.1681681682	36.3989687299	36.3989687299
168.3683683684	36.3904509054	36.3904509054
168.5685685686	36.3819421256	36.3819421256
168.7687687688	36.3734423715	36.3734423715
168.9689689690	36.3649516244	36.3649516244
169.1691691692	36.3564698655	36.3564698655
169.3693693694	36.3479970760	36.3479970760
169.5695695696	36.3395332372	36.3395332372
169.7697697698	36.3310783307	36.3310783307
169.9699699700	36.3226323379	36.3226323379
170.1701701702	36.3141952402	36.3141952402
170.3703703704	36.3057670192	36.3057670192
170.5705705706	36.2973476566	36.2973476566
170.7707707708	36.2889371341	36.2889371341
170.9709709710	36.2805354335	36.2805354335
171.1711711712	36.2721425365	36.2721425365
171.3713713714	36.2637584250	36.2637584250
171.5715715716	36.2553830809	36.2553830809
171.7717717718	36.2470164862	36.2470164862
171.9719719720	36.2386586230	36.2386586230
172.1721721722	36.2303094733	36.2303094733
172.3723723724	36.2219690193	36.2219690193
172.5725725726	36.2136372432	36.2136372432
172.7727727728	36.2053141272	36.2053141272
172.9729729730	36.1969996537	36.1969996537
173.1731731732	36.1886938051	36.1886938051
173.3733733734	36.1803965637	36.1803965637
173.5735735736	36.1721079121	36.1721079121
173.7737737738	36.1638278327	36.1638278327
173.9739739740	36.1555563082	36.1555563082
174.1741741742	36.1472933212	36.1472933212
174.3743743744	36.1390388545	36.1390388545
174.5745745746	36.1307928907	36.1307928907
174.7747747748	36.1225554126	36.1225554126
174.9749749750	36.1143264032	36.1143264032
175.1751751752	36.1061058453	36.1061058453
175.3753753754	36.0978937219	36.0978937219
175.5755755756	36.0896900160	36.0896900160
175.7757757758	36.0814947106	36.0814947106
175.9759759760	36.0733077890	36.0733077890
176.1761761762	36.0651292342	36.0651292342
176.3763763764	36.0569590295	36.0569590295
176.5765765766	36.0487971581	36.0487971581
176.7767767768	36.0406436034	36.0406436034
176.9769769770	36.0324983488	36.0324983488
177.1771771772	36.0243613776	36.0243613776
177.3773773774	36.0162326734	36.0162326734
177.5775775776	36.0081122197	36.0081122197
177.7777777778	36.0000000000	36.0000000000
177.9779779780	35.9918959980	35.9918959980
178.1781781782	35.9838001974	35.9838001974
178.3783783784	35.9757125818	35.9757125818
178.5785785786	35.9676331351	35.9676331351
178.7787787788	35.9595618411	35.9595618411
178.9789789790	35.9514986836	35.9514986836
179.1791791792	35.9434436467	35.9434436467
179.3793793794	35.9353967141	35.9353967141
179.5795795796	35.9273578700	35.9273578700
179.7797797798	35.9193270985	35.9193270985
179.9799799800	35.9113043835	35.9113043835
180.1801801802	35.9032897094	35.9032897094
180.3803803804	35.8952830603	35.8952830603
180.5805805806	35.8872844205	35.8872844205
180.7807807808	35.8792937742	35.8792937742
180.9809809810	35.8713111058	35.8713111058
181.1811811812	35.8633363998	35.8633363998
181.3813813814	35.8553696405	35.8553696405
181.5815815816	35.8474108125	35.8474108125
181.7817817818	35.8394599002	35.8394599002
181.9819819820	35.8315168883	35.8315168883
182.1821821822	35.8235817614	35.8235817614
182.3823823824	35.8156545042	35.8156545042
182.5825825826	35.8077351013	35.8077351013
182.7827827828	35.7998235376	35.7998235376
182.9829829830	35.7919197978	35.7919197978
183.1831831832	35.7840238669	35.7840238669
183.3833833834	35.7761357297	35.7761357297
183.5835835836	35.7682553711	35.7682553711
183.7837837838	35.7603827761	35.7603827761
183.9839839840	35.7525179298	35.7525179298
184.1841841842	35.7446608172	35.7446608172
184.3843843844	35.7368114235	35.7368114235
184.5845845846	35.7289697339	35.7289697339
184.7847847848	35.7211357334	35.7211357334
184.9849849850	35.7133094074	35.7133094074
185.1851851852	35.7054907412	35.7054907412
185.3853853854	35.6976797201	35.6976797201
185.5855855856	35.6898763295	35.6898763295
185.7857857858	35.6820805547	35.6820805547
185.9859859860	35.6742923814	35.6742923814
186.1861861862	35.6665117949	35.6665117949
186.3863863864	35.6587387808	35.6587387808
186.5865865866	35.6509733247	35.6509733247
186.7867867868	35.6432154123	35.6432154123
186.9869869870	35.6354650291	35.6354650291
187.1871871872	35.6277221610	35.6277221610
187.3873873874	35.6199867937	35.6199867937
187.5875875876	35.6122589129	35.6122589129
187.7877877878	35.6045385045	35.6045385045
187.9879879880	35.5968255545	35.5968255545
188.1881881882	35.5891200486	35.5891200486
188.3883883884	35.5814219729	35.5814219729
188.5885885886	35.5737313134	35.5737313134
188.7887887888	35.5660480560	35.5660480560
188.9889889890	35.5583721870	35.5583721870
189.1891891892	35.5507036923	35.5507036923
189.3893893894	35.5430425582	35.5430425582
189.5895895896	35.5353887709	35.5353887709
189.7897897898	35.5277423166	35.5277423166
189.9899899900	35.5201031815	35.5201031815
190.1901901902	35.5124713520	35.5124713520
190.3903903904	35.5048468145	35.5048468145
190.5905905906	35.4972295553	35.4972295553
190.7907907908	35.4896195609	35.4896195609
190.9909909910	35.4820168177	35.4820168177
191.1911911912	35.4744213123	35.4744213123
191.3913913914	35.4668330312	35.4668330312
191.5915915916	35.4592519610	35.4592519610
191.7917917918	35.4516780883	35.4516780883
191.9919919920	35.4441113997	35.4441113997
192.1921921922	35.4365518821	35.4365518821
192.3923923924	35.4289995220	35.4289995220
192.5925925926	35.4214543063	35.4214543063
192.7927927928	35.4139162218	35.4139162218
192.9929929930	35.4063852554	35.4063852554
193.1931931932	35.3988613938	35.3988613938
193.3933933934	35.3913446241	35.3913446241
193.5935935936	35.3838349332	35.3838349332
193.7937937938	35.3763323082	35.3763323082
193.9939939940	35.3688367359	35.3688367359
194.1941941942	35.3613482035	35.3613482035
194.3943943944	35.3538666982	35.3538666982
194.5945945946	35.3463922070	35.3463922070
194.7947947948	35.3389247171	35.3389247171
194.9949949950	35.3314642157	35.3314642157
195.1951951952	35.3240106901	35.3240106901
195.3953953954	35.3165641275	35.3165641275
195.5955955956	35.3091245153	35.3091245153
195.7957957958	35.3016918409	35.3016918409
195.9959959960	35.2942660915	35.2942660915
196.1961961962	35.2868472547	35.2868472547
196.3963963964	35.2794353178	35.2794353178
196.5965965966	35.2720302685	35.2720302685
196.7967967968	35.2646320941	35.2646320941
196.9969969970	35.2572407823	35.2572407823
197.1971971972	35.2498563207	35.2498563207
197.3973973974	35.2424786968	35.2424786968
197.5975975976	35.2351078984	35.2351078984
197.7977977978	35.2277439132	35.2277439132
197.9979979980	35.2203867288	35.2203867288
198.1981981982	35.2130363331	35.2130363331
198.3983983984	35.2056927138	35.2056927138
198.5985985986	35.1983558587	35.1983558587
198.7987987988	35.1910257558	35.1910257558
198.9989989990	35.1837023929	35.1837023929
199.1991991992	35.1763857580	35.1763857580
199.3993993994	35.1690758390	35.1690758390
199.5995995996	35.1617726239	35.1617726239
199.7997997998	35.1544761008	35.1544761008
200.0000000000	35.1471862576	35.1471862576
