0.0000000000	60.0000000000	60.0000000000
0.2002002002	59.8660684189	59.8660684189
0.4004004004	59.8107671072	59.8107671072
0.6006006006	59.7684021460	59.7684021460
0.8008008008	59.7327334284	59.7327334284
1.0010010010	59.7013439150	59.7013439150
1.2012012012	59.6729940072	59.6729940072
1.4014014014	59.6469473303	59.6469473303
1.6016016016	59.6227240980	59.6227240980
1.8018018018	59.5999910512	59.5999910512
2.0020020020	59.5785055472	59.5785055472
2.2022022022	59.5580844114	59.5580844114
2.4024024024	59.5385853360	59.5385853360
2.6026026026	59.5198951517	59.5198951517
2.8028028028	59.5019221015	59.5019221015
3.0030030030	59.4845905652	59.4845905652
3.2032032032	59.4678373450	59.4678373450
3.4034034034	59.4516089838	59.4516089838
3.6036036036	59.4358597845	59.4358597845
3.8038038038	59.4205503189	59.4205503189
4.0040040040	59.4056462860	59.4056462860
4.2042042042	59.3911176244	59.3911176244
4.4044044044	59.3769378134	59.3769378134
4.6046046046	59.3630833148	59.3630833148
4.8048048048	59.3495331238	59.3495331238
5.0050050050	59.3362684028	59.3362684028
5.2052052052	59.3232721807	59.3232721807
5.4054054054	59.3105291039	59.3105291039
5.6056056056	59.2980252284	59.2980252284
5.8058058058	59.2857478447	59.2857478447
6.0060060060	59.2736853307	59.2736853307
6.2062062062	59.2618270247	59.2618270247
6.4064064064	59.2501631190	59.2501631190
6.6066066066	59.2386845662	59.2386845662
6.8068068068	59.2273829995	59.2273829995
7.0070070070	59.2162506632	59.2162506632
7.2072072072	59.2052803518	59.2052803518
7.4074074074	59.1944653571	59.1944653571
7.6076076076	59.1837994211	59.1837994211
7.8078078078	59.1732766950	59.1732766950
8.0080080080	59.1628917028	59.1628917028
8.2082082082	59.1526393086	59.1526393086
8.4084084084	59.1425146880	59.1425146880
8.6086086086	59.1325133021	59.1325133021
8.8088088088	59.1226308744	59.1226308744
9.0090090090	59.1128633702	59.1128633702
9.2092092092	59.1032069776	59.1032069776
9.4094094094	59.0936580911	59.0936580911
9.6096096096	59.0842132956	59.0842132956
9.8098098098	59.0748693535	59.0748693535
10.0100100100	59.0656231912	59.0656231912
10.2102102102	59.0564718883	59.0564718883
10.4104104104	59.0474126666	59.0474126666
10.6106106106	59.0384428812	59.0384428812
10.8108108108	59.0295600113	59.0295600113
11.0110110110	59.0207616522	59.0207616522
11.2112112112	59.0120455080	59.0120455080
11.4114114114	59.0034093851	59.0034093851
11.6116116116	58.9948511854	58.9948511854
11.8118118118	58.9863689013	58.9863689013
12.0120120120	58.9779606095	58.9779606095
12.2122122122	58.9696244667	58.9696244667
12.4124124124	58.9613587048	58.9613587048
12.6126126126	58.9531616269	58.9531616269
12.8128128128	58.9450316031	58.9450316031
13.0130130130	58.9369670667	58.9369670667
13.2132132132	58.9289665114	58.9289665114
13.4134134134	58.9210284875	58.9210284875
13.6136136136	58.9131515993	58.9131515993
13.8138138138	58.9053345023	58.9053345023
14.0140140140	58.8975759004	58.8975759004
14.2142142142	58.8898745438	58.8898745438
14.4144144144	58.8822292264	58.8822292264
14.6146146146	58.8746387840	58.8746387840
14.8148148148	58.8671020920	58.8671020920
15.0150150150	58.8596180638	58.8596180638
15.2152152152	58.8521856488	58.8521856488
15.4154154154	58.8448038308	58.8448038308
15.6156156156	58.8374716268	58.8374716268
15.8158158158	58.8301880849	58.8301880849
16.0160160160	58.8229522833	58.8229522833
16.2162162162	58.8157633290	58.8157633290
16.4164164164	58.8086203565	58.8086203565
16.6166166166	58.8015225265	58.8015225265
16.8168168168	58.7944690249	58.7944690249
17.0170170170	58.7874590620	58.7874590620
17.2172172172	58.7804918710	58.7804918710
17.4174174174	58.7735667075	58.7735667075
17.6176176176	58.7666828482	58.7666828482
17.8178178178	58.7598395906	58.7598395906
18.0180180180	58.7530362517	58.7530362517
18.2182182182	58.7462721675	58.7462721675
18.4184184184	58.7395466921	58.7395466921
18.6186186186	58.7328591971	58.7328591971
18.8188188188	58.7262090712	58.7262090712
19.0190190190	58.7195957190	58.7195957190
19.2192192192	58.7130185609	58.7130185609
19.4194194194	58.7064770324	58.7064770324
19.6196196196	58.6999705833	58.6999705833
19.8198198198	58.6934986777	58.6934986777
20.0200200200	58.6870607929	58.6870607929
20.2202202202	58.6806564194	58.6806564194
20.4204204204	58.6742850604	58.6742850604
20.6206206206	58.6679462310	58.6679462310
20.8208208208	58.6616394582	58.6616394582
21.0210210210	58.6553642803	58.6553642803
21.2212212212	58.6491202466	58.6491202466
21.4214214214	58.6429069169	58.6429069169
21.6216216216	58.6367238615	58.6367238615
21.8218218218	58.6305706603	58.6305706603
22.0220220220	58.6244469031	58.6244469031
22.2222222222	58.6183521888	58.6183521888
22.4224224224	58.6122861256	58.6122861256
22.6226226226	58.6062483300	58.6062483300
22.8228228228	58.6002384273	58.6002384273
23.0230230230	58.5942560509	58.5942560509
23.2232232232	58.5883008423	58.5883008423
23.4234234234	58.5823724503	58.5823724503
23.6236236236	58.5764705317	58.5764705317
23.8238238238	58.5705947502	58.5705947502
24.0240240240	58.5647447767	58.5647447767
24.2242242242	58.5589202889	58.5589202889
24.4244244244	58.5531209712	58.5531209712
24.6246246246	58.5473465144	58.5473465144
24.8248248248	58.5415966156	58.5415966156
25.0250250250	58.5358709779	58.5358709779
25.2252252252	58.5301693106	58.5301693106
25.4254254254	58.5244913284	58.5244913284
25.6256256256	58.5188367519	58.5188367519
25.8258258258	58.5132053069	58.5132053069
26.0260260260	58.5075967248	58.5075967248
26.2262262262	58.5020107418	58.5020107418
26.4264264264	58.4964470995	58.4964470995
26.6266266266	58.4909055441	58.4909055441
26.8268268268	58.4853858266	58.4853858266
27.0270270270	58.4798877029	58.4798877029
27.2272272272	58.4744109331	58.4744109331
27.4274274274	58.4689552818	58.4689552818
27.6276276276	58.4635205179	58.4635205179
27.8278278278	58.4581064146	58.4581064146
28.0280280280	58.4527127490	58.4527127490
28.2282282282	58.4473393021	58.4473393021
28.4284284284	58.4419858592	58.4419858592
28.6286286286	58.4366522088	58.4366522088
28.8288288288	58.4313381436	58.4313381436
29.0290290290	58.4260434596	58.4260434596
29.2292292292	58.4207679563	58.4207679563
29.4294294294	58.4155114369	58.4155114369
29.6296296296	58.4102737076	58.4102737076
29.8298298298	58.4050545780	58.4050545780
30.0300300300	58.3998538611	58.3998538611
30.2302302302	58.3946713727	58.3946713727
30.4304304304	58.3895069317	58.3895069317
30.6306306306	58.3843603603	58.3843603603
30.8308308308	58.3792314831	58.3792314831
31.0310310310	58.3741201279	58.3741201279
31.2312312312	58.3690261252	58.3690261252
31.4314314314	58.3639493082	58.3639493082
31.6316316316	58.3588895126	58.3588895126
31.8318318318	58.3538465769	58.3538465769
32.0320320320	58.3488203421	58.3488203421
32.2322322322	58.3438106517	58.3438106517
32.4324324324	58.3388173514	58.3388173514
32.6326326326	58.3338402897	58.3338402897
32.8328328328	58.3288793169	58.3288793169
33.0330330330	58.3239342860	58.3239342860
33.2332332332	58.3190050521	58.3190050521
33.4334334334	58.3140914725	58.3140914725
33.6336336336	58.3091934064	58.3091934064
33.8338338338	58.3043107155	58.3043107155
34.0340340340	58.2994432631	58.2994432631
34.2342342342	58.2945909150	58.2945909150
34.4344344344	58.2897535385	58.2897535385
34.6346346346	58.2849310031	58.2849310031
34.8348348348	58.2801231801	58.2801231801
35.0350350350	58.2753299426	58.2753299426
35.2352352352	58.2705511657	58.2705511657
35.4354354354	58.2657867260	58.2657867260
35.6356356356	58.2610365021	58.2610365021
35.8358358358	58.2563003740	58.2563003740
36.0360360360	58.2515782237	58.2515782237
36.2362362362	58.2468699347	58.2468699347
36.4364364364	58.2421753921	58.2421753921
36.6366366366	58.2374944825	58.2374944825
36.8368368368	58.2328270941	58.2328270941
37.0370370370	58.2281731168	58.2281731168
37.2372372372	58.2235324416	58.2235324416
37.4374374374	58.2189049615	58.2189049615
37.6376376376	58.2142905703	58.2142905703
37.8378378378	58.2096891638	58.2096891638
38.0380380380	58.2051006387	58.2051006387
38.2382382382	58.2005248934	58.2005248934
38.4384384384	58.1959618275	58.1959618275
38.6386386386	58.1914113418	58.1914113418
38.8388388388	58.1868733386	58.1868733386
39.0390390390	58.1823477212	58.1823477212
39.2392392392	58.1778343945	58.1778343945
39.4394394394	58.1733332641	58.1733332641
39.6396396396	58.1688442374	58.1688442374
39.8398398398	58.1643672225	58.1643672225
40.0400400400	58.1599021287	58.1599021287
40.2402402402	58.1554488668	58.1554488668
40.4404404404	58.1510073483	58.1510073483
40.6406406406	58.1465774860	58.1465774860
40.8408408408	58.1421591937	58.1421591937
41.0410410410	58.1377523862	58.1377523862
41.2412412412	58.1333569796	58.1333569796
41.4414414414	58.1289728907	58.1289728907
41.6416416416	58.1246000374	58.1246000374
41.8418418418	58.1202383387	58.1202383387
42.0420420420	58.1158877145	58.1158877145
42.2422422422	58.1115480857	58.1115480857
42.4424424424	58.1072193739	58.1072193739
42.6426426426	58.1029015020	58.1029015020
42.8428428428	58.0985943934	58.0985943934
43.0430430430	58.0942979728	58.0942979728
43.2432432432	58.0900121655	58.0900121655
43.4434434434	58.0857368977	58.0857368977
43.6436436436	58.0814720966	58.0814720966
43.8438438438	58.0772176900	58.0772176900
44.0440440440	58.0729736067	58.0729736067
44.2442442442	58.0687397762	58.0687397762
44.4444444444	58.0645161290	58.0645161290
44.6446446446	58.0603025962	58.0603025962
44.8448448448	58.0560991096	58.0560991096
45.0450450450	58.0519056019	58.0519056019
45.2452452452	58.0477220066	58.0477220066
45.4454454454	58.0435482578	58.0435482578
45.6456456456	58.0393842904	58.0393842904
45.8458458458	58.0352300399	58.0352300399
46.0460460460	58.0310854427	58.0310854427
46.2462462462	58.0269504358	58.0269504358
46.4464464464	58.0228249567	58.0228249567
46.6466466466	58.0187089440	58.0187089440
46.8468468468	58.0146023364	58.0146023364
47.0470470470	58.0105050738	58.0105050738
47.2472472472	58.0064170964	58.0064170964
47.4474474474	58.0023383451	58.0023383451
47.6476476476	57.9982687615	57.9982687615
47.8478478478	57.9942082877	57.9942082877
48.0480480480	57.9901568664	57.9901568664
48.2482482482	57.9861144412	57.9861144412
48.4484484484	57.9820809558	57.9820809558
48.6486486486	57.9780563549	57.9780563549
48.8488488488	57.9740405836	57.9740405836
49.0490490490	57.9700335874	57.9700335874
49.2492492492	57.9660353126	57.9660353126
49.4494494494	57.9620457060	57.9620457060
49.6496496496	57.9580647148	57.9580647148
49.8498498498	57.9540922870	57.9540922870
50.0500500501	57.9501283707	57.9501283707
50.2502502503	57.9461729151	57.9461729151
50.4504504505	57.9422258693	57.9422258693
50.6506506507	57.9382871833	57.9382871833
50.8508508509	57.9343568074	57.9343568074
51.0510510511	57.9304346926	57.9304346926
51.2512512513	57.9265207901	57.9265207901
51.4514514515	57.9226150518	57.9226150518
51.6516516517	57.9187174300	57.9187174300
51.8518518519	57.9148278774	57.9148278774
52.0520520521	57.9109463473	57.9109463473
52.2522522523	57.9070727932	57.9070727932
52.4524524525	57.9032071693	57.9032071693
52.6526526527	57.8993494302	57.8993494302
52.8528528529	57.8954995307	57.8954995307
53.0530530531	57.8916574264	57.8916574264
53.2532532533	57.8878230729	57.8878230729
53.4534534535	57.8839964266	57.8839964266
53.6536536537	57.8801774441	57.8801774441
53.8538538539	57.8763660824	57.8763660824
54.0540540541	57.8725622990	57.8725622990
54.2542542543	57.8687660517	57.8687660517
54.4544544545	57.8649772987	57.8649772987
54.6546546547	57.8611959987	57.8611959987
54.8548548549	57.8574221107	57.8574221107
55.0550550551	57.8536555939	57.8536555939
55.2552552553	57.8498964082	57.8498964082
55.4554554555	57.8461445137	57.8461445137
55.6556556557	57.8423998707	57.8423998707
55.8558558559	57.8386624401	57.8386624401
56.0560560561	57.8349321832	57.8349321832
56.2562562563	57.8312090613	57.8312090613
56.4564564565	57.8274930363	57.8274930363
56.6566566567	57.8237840705	57.8237840705
56.8568568569	57.8200821264	57.8200821264
57.0570570571	57.8163871667	57.8163871667
57.2572572573	57.8126991548	57.8126991548
57.4574574575	57.8090180540	57.8090180540
57.6576576577	57.8053438283	57.8053438283
57.8578578579	57.8016764418	57.8016764418
58.0580580581	57.7980158588	57.7980158588
58.2582582583	57.7943620442	57.7943620442
58.4584584585	57.7907149630	57.7907149630
58.6586586587	57.7870745805	57.7870745805
58.8588588589	57.7834408625	57.7834408625
59.0590590591	57.7798137748	57.7798137748
59.2592592593	57.7761932837	57.7761932837
59.4594594595	57.7725793556	57.7725793556
59.6596596597	57.7689719575	57.7689719575
59.8598598599	57.7653710563	57.7653710563
60.0600600601	57.7617766194	57.7617766194
60.2602602603	57.7581886145	57.7581886145
60.4604604605	57.7546070094	57.7546070094
60.6606606607	57.7510317723	57.7510317723
60.8608608609	57.7474628716	57.7474628716
61.0610610611	57.7439002759	57.7439002759
61.2612612613	57.7403439543	57.7403439543
61.4614614615	57.7367938758	57.7367938758
61.6616616617	57.7332500101	57.7332500101
61.8618618619	57.7297123266	57.7297123266
62.0620620621	57.7261807954	57.7261807954
62.2622622623	57.7226553867	57.7226553867
62.4624624625	57.7191360708	57.7191360708
62.6626626627	57.7156228184	57.7156228184
62.8628628629	57.7121156004	57.7121156004
63.0630630631	57.7086143880	57.7086143880
63.2632632633	57.7051191524	57.7051191524
63.4634634635	57.7016298652	57.7016298652
63.6636636637	57.6981464983	57.6981464983
63.8638638639	57.6946690236	57.6946690236
64.0640640641	57.6911974134	57.6911974134
64.2642642643	57.6877316402	57.6877316402
64.4644644645	57.6842716766	57.6842716766
64.6646646647	57.6808174955	57.6808174955
64.8648648649	57.6773690700	57.6773690700
65.0650650651	57.6739263734	57.6739263734
65.2652652653	57.6704893792	57.6704893792
65.4654654655	57.6670580611	57.6670580611
65.6656656657	57.6636323930	57.6636323930
65.8658658659	57.6602123491	57.6602123491
66.0660660661	57.6567979036	57.6567979036
66.2662662663	57.6533890311	57.6533890311
66.4664664665	57.6499857061	57.6499857061
66.6666666667	57.6465879037	57.6465879037
66.8668668669	57.6431955989	57.6431955989
67.0670670671	57.6398087669	57.6398087669
67.2672672673	57.6364273832	57.6364273832
67.4674674675	57.6330514234	57.6330514234
67.6676676677	57.6296808634	57.6296808634
67.8678678679	57.6263156790	57.6263156790
68.0680680681	57.6229558465	57.6229558465
68.2682682683	57.6196013422	57.6196013422
68.4684684685	57.6162521426	57.6162521426
68.6686686687	57.6129082244	57.6129082244
68.8688688689	57.6095695645	57.6095695645
69.0690690691	57.6062361398	57.6062361398
69.2692692693	57.6029079276	57.6029079276
69.4694694695	57.5995849052	57.5995849052
69.6696696697	57.5962670502	57.5962670502
69.8698698699	57.5929543401	57.5929543401
70.0700700701	57.5896467529	57.5896467529
70.2702702703	57.5863442665	57.5863442665
70.4704704705	57.5830468591	57.5830468591
70.6706706707	57.5797545090	57.5797545090
70.8708708709	57.5764671947	57.5764671947
71.0710710711	57.5731848947	57.5731848947
71.2712712713	57.5699075879	57.5699075879
71.4714714715	57.5666352531	57.5666352531
71.6716716717	57.5633678694	57.5633678694
71.8718718719	57.5601054160	57.5601054160
72.0720720721	57.5568478723	57.5568478723
72.2722722723	57.5535952178	57.5535952178
72.4724724725	57.5503474320	57.5503474320
72.6726726727	57.5471044948	57.5471044948
72.8728728729	57.5438663861	57.5438663861
73.0730730731	57.5406330860	57.5406330860
73.2732732733	57.5374045746	57.5374045746
73.4734734735	57.5341808322	57.5341808322
73.6736736737	57.5309618394	57.5309618394
73.8738738739	57.5277475767	57.5277475767
74.0740740741	57.5245380248	57.5245380248
74.2742742743	57.5213331646	57.5213331646
74.4744744745	57.5181329771	57.5181329771
74.6746746747	57.5149374434	57.5149374434
74.8748748749	57.5117465447	57.5117465447
75.0750750751	57.5085602624	57.5085602624
75.2752752753	57.5053785780	57.5053785780
75.4754754755	57.5022014731	57.5022014731
75.6756756757	57.4990289294	57.4990289294
75.8758758759	57.4958609288	57.4958609288
76.0760760761	57.4926974533	57.4926974533
76.2762762763	57.4895384848	57.4895384848
76.4764764765	57.4863840058	57.4863840058
76.6766766767	57.4832339984	57.4832339984
76.8768768769	57.4800884452	57.4800884452
77.0770770771	57.4769473286	57.4769473286
77.2772772773	57.4738106314	57.4738106314
77.4774774775	57.4706783363	57.4706783363
77.6776776777	57.4675504262	57.4675504262
77.8778778779	57.4644268842	57.4644268842
78.0780780781	57.4613076933	57.4613076933
78.2782782783	57.4581928367	57.4581928367
78.4784784785	57.4550822979	57.4550822979
78.6786786787	57.4519760601	57.4519760601
78.8788788789	57.4488741071	57.4488741071
79.0790790791	57.4457764223	57.4457764223
79.2792792793	57.4426829896	57.4426829896
79.4794794795	57.4395937928	57.4395937928
79.6796796797	57.4365088158	57.4365088158
79.8798798799	57.4334280427	57.4334280427
80.0800800801	57.4303514577	57.4303514577
80.2802802803	57.4272790450	57.4272790450
80.4804804805	57.4242107890	57.4242107890
80.6806806807	57.4211466741	57.4211466741
80.8808808809	57.4180866848	57.4180866848
81.0810810811	57.4150308059	57.4150308059
81.2812812813	57.4119790219	57.4119790219
81.4814814815	57.4089313178	57.4089313178
81.6816816817	57.4058876785	57.4058876785
81.8818818819	57.4028480889	57.4028480889
82.0820820821	57.3998125343	57.3998125343
82.2822822823	57.3967809998	57.3967809998
82.4824824825	57.3937534706	57.3937534706
82.6826826827	57.3907299322	57.3907299322
82.8828828829	57.3877103700	57.3877103700
83.0830830831	57.3846947695	57.3846947695
83.2832832833	57.3816831165	57.3816831165
83.4834834835	57.3786753966	57.3786753966
83.6836836837	57.3756715957	57.3756715957
83.8838838839	57.3726716995	57.3726716995
84.0840840841	57.3696756943	57.3696756943
84.2842842843	57.3666835658	57.3666835658
84.4844844845	57.3636953005	57.3636953005
84.6846846847	57.3607108844	57.3607108844
84.8848848849	57.3577303038	57.3577303038
85.0850850851	57.3547535452	57.3547535452
85.2852852853	57.3517805951	57.3517805951
85.4854854855	57.3488114399	57.3488114399
85.6856856857	57.3458460663	57.3458460663
85.8858858859	57.3428844610	57.3428844610
86.0860860861	57.3399266109	57.3399266109
86.2862862863	57.3369725027	57.3369725027
86.4864864865	57.3340221234	57.3340221234
86.6866866867	57.3310754600	57.3310754600
86.8868868869	57.3281324996	57.3281324996
87.0870870871	57.3251932294	57.3251932294
87.2872872873	57.3222576366	57.3222576366
87.4874874875	57.3193257084	57.3193257084
87.6876876877	57.3163974324	57.3163974324
87.8878878879	57.3134727959	57.3134727959
88.0880880881	57.3105517865	57.3105517865
88.2882882883	57.3076343918	57.3076343918
88.4884884885	57.3047205993	57.3047205993
88.6886886887	57.3018103970	57.3018103970
88.8888888889	57.2989037725	57.2989037725
89.0890890891	57.2960007138	57.2960007138
89.2892892893	57.2931012088	57.2931012088
89.4894894895	57.2902052455	57.2902052455
89.6896896897	57.2873128119	57.2873128119
89.8898898899	57.2844238963	57.2844238963
90.0900900901	57.2815384868	57.2815384868
90.2902902903	57.2786565717	57.2786565717
90.4904904905	57.2757781394	57.2757781394
90.6906906907	57.2729031783	57.2729031783
90.8908908909	57.2700316767	57.2700316767
91.0910910911	57.2671636233	57.2671636233
91.2912912913	57.2642990067	57.2642990067
91.4914914915	57.2614378155	57.2614378155
91.6916916917	57.2585800384	57.2585800384
91.8918918919	57.2557256642	57.2557256642
92.0920920921	57.2528746818	57.2528746818
92.2922922923	57.2500270800	57.2500270800
92.4924924925	57.2471828479	57.2471828479
92.6926926927	57.2443419744	57.2443419744
92.8928928929	57.2415044486	57.2415044486
93.0930930931	57.2386702597	57.2386702597
93.2932932933	57.2358393969	57.2358393969
93.4934934935	57.2330118494	57.2330118494
93.6936936937	57.2301876066	57.2301876066
93.8938938939	57.2273666578	57.2273666578
94.0940940941	57.2245489924	57.2245489924
94.2942942943	57.2217345999	57.2217345999
94.4944944945	57.2189234700	57.2189234700
94.6946946947	57.2161155921	57.2161155921
94.8948948949	57.2133109559	57.2133109559
95.0950950951	57.2105095511	57.2105095511
95.2952952953	57.2077113676	57.2077113676
95.4954954955	57.2049163950	57.2049163950
95.6956956957	57.2021246233	57.2021246233
95.8958958959	57.1993360424	57.1993360424
96.0960960961	57.1965506423	57.1965506423
96.2962962963	57.1937684130	57.1937684130
96.4964964965	57.1909893445	57.1909893445
96.6966966967	57.1882134270	57.1882134270
96.8968968969	57.1854406507	57.1854406507
97.0970970971	57.1826710058	57.1826710058
97.2972972973	57.1799044827	57.1799044827
97.4974974975	57.1771410715	57.1771410715
97.6976976977	57.1743807627	57.1743807627
97.8978978979	57.1716235468	57.1716235468
98.0980980981	57.1688694142	57.1688694142
98.2982982983	57.1661183554	57.1661183554
98.4984984985	57.1633703610	57.1633703610
98.6986986987	57.1606254217	57.1606254217
98.8988988989	57.1578835281	57.1578835281
99.0990990991	57.1551446709	57.1551446709
99.2992992993	57.1524088409	57.1524088409
99.4994994995	57.1496760289	57.1496760289
99.6996996997	57.1469462258	57.1469462258
99.8998998999	57.1442194224	57.1442194224
100.1001001001	57.1414956098	57.1414956098
100.3003003003	57.1387747789	57.1387747789
100.5005005005	57.1360569208	57.1360569208
100.7007007007	57.1333420265	57.1333420265
100.9009009009	57.1306300871	57.1306300871
101.1011011011	57.1279210939	57.1279210939
101.3013013013	57.1252150381	57.1252150381
101.5015015015	57.1225119109	57.1225119109
101.7017017017	57.1198117036	57.1198117036
101.9019019019	57.1171144076	57.1171144076
102.1021021021	57.1144200142	57.1144200142
102.3023023023	57.1117285149	57.1117285149
102.5025025025	57.1090399012	57.1090399012
102.7027027027	57.1063541646	57.1063541646
102.9029029029	57.1036712966	57.1036712966
103.1031031031	57.1009912888	57.1009912888
103.3033033033	57.0983141329	57.0983141329
103.5035035035	57.0956398206	57.0956398206
103.7037037037	57.0929683435	57.0929683435
103.9039039039	57.0902996935	57.0902996935
104.1041041041	57.0876338622	57.0876338622
104.3043043043	57.0849708416	57.0849708416
104.5045045045	57.0823106236	57.0823106236
104.7047047047	57.0796532000	57.0796532000
104.9049049049	57.0769985629	57.0769985629
105.1051051051	57.0743467041	57.0743467041
105.3053053053	57.0716976157	57.0716976157
105.5055055055	57.0690512899	57.0690512899
105.7057057057	57.0664077187	57.0664077187
105.9059059059	57.0637668942	57.0637668942
106.1061061061	57.0611288087	57.0611288087
106.3063063063	57.0584934543	57.0584934543
106.5065065065	57.0558608233	57.0558608233
106.7067067067	57.0532309080	57.0532309080
106.9069069069	57.0506037007	57.0506037007
107.1071071071	57.0479791939	57.0479791939
107.3073073073	57.0453573798	57.0453573798
107.5075075075	57.0427382509	57.0427382509
107.7077077077	57.0401217997	57.0401217997
107.9079079079	57.0375080188	57.0375080188
108.1081081081	57.0348969005	57.0348969005
108.3083083083	57.0322884376	57.0322884376
108.5085085085	57.0296826226	57.0296826226
108.7087087087	57.0270794482	57.0270794482
108.9089089089	57.0244789070	57.0244789070
109.1091091091	57.0218809917	57.0218809917
109.3093093093	57.0192856951	57.0192856951
109.5095095095	57.0166930100	57.0166930100
109.7097097097	57.0141029292	57.0141029292
109.9099099099	57.0115154455	57.0115154455
110.1101101101	57.0089305518	57.0089305518
110.3103103103	57.0063482410	57.0063482410
110.5105105105	57.0037685061	57.0037685061
110.7107107107	57.0011913400	57.0011913400
110.9109109109	56.9986167356	56.9986167356
111.1111111111	56.9960446862	56.9960446862
111.3113113113	56.9934751846	56.9934751846
111.5115115115	56.9909082241	56.9909082241
111.7117117117	56.9883437978	56.9883437978
111.9119119119	56.9857818987	56.9857818987
112.1121121121	56.9832225201	56.9832225201
112.3123123123	56.9806656553	56.9806656553
112.5125125125	56.9781112974	56.9781112974
112.7127127127	56.9755594398	56.9755594398
112.9129129129	56.9730100758	56.9730100758
113.1131131131	56.9704631986	56.9704631986
113.3133133133	56.9679188017	56.9679188017
113.5135135135	56.9653768785	56.9653768785
113.7137137137	56.9628374224	56.9628374224
113.9139139139	56.9603004269	56.9603004269
114.1141141141	56.9577658854	56.9577658854
114.3143143143	56.9552337914	56.9552337914
114.5145145145	56.9527041386	56.9527041386
114.7147147147	56.9501769204	56.9501769204
114.9149149149	56.9476521305	56.9476521305
115.1151151151	56.9451297625	56.9451297625
115.3153153153	56.9426098101	56.9426098101
115.5155155155	56.9400922669	56.9400922669
115.7157157157	56.9375771266	56.9375771266
115.9159159159	56.9350643831	56.9350643831
116.1161161161	56.9325540300	56.9325540300
116.3163163163	56.9300460611	56.9300460611
116.5165165165	56.9275404703	56.9275404703
116.7167167167	56.9250372514	56.9250372514
116.9169169169	56.9225363982	56.9225363982
117.1171171171	56.9200379048	56.9200379048
117.3173173173	56.9175417649	56.9175417649
117.5175175175	56.9150479726	56.9150479726
117.7177177177	56.9125565218	56.9125565218
117.9179179179	56.9100674065	56.9100674065
118.1181181181	56.9075806207	56.9075806207
118.3183183183	56.9050961586	56.9050961586
118.5185185185	56.9026140141	56.9026140141
118.7187187187	56.9001341814	56.9001341814
118.9189189189	56.8976566546	56.8976566546
119.1191191191	56.8951814279	56.8951814279
119.3193193193	56.8927084954	56.8927084954
119.5195195195	56.8902378513	56.8902378513
119.7197197197	56.8877694899	56.8877694899
119.9199199199	56.8853034054	56.8853034054
120.1201201201	56.8828395920	56.8828395920
120.3203203203	56.8803780441	56.8803780441
120.5205205205	56.8779187561	56.8779187561
120.7207207207	56.8754617221	56.8754617221
120.9209209209	56.8730069367	56.8730069367
121.1211211211	56.8705543941	56.8705543941
121.3213213213	56.8681040889	56.8681040889
121.5215215215	56.8656560154	56.8656560154
121.7217217217	56.8632101682	56.8632101682
121.9219219219	56.8607665416	56.8607665416
122.1221221221	56.8583251302	56.8583251302
122.3223223223	56.8558859285	56.8558859285
122.5225225225	56.8534489311	56.8534489311
122.7227227227	56.8510141326	56.8510141326
122.9229229229	56.8485815275	56.8485815275
123.1231231231	56.8461511104	56.8461511104
123.3233233233	56.8437228761	56.8437228761
123.5235235235	56.8412968191	56.8412968191
123.7237237237	56.8388729341	56.8388729341
123.9239239239	56.8364512159	56.8364512159
124.1241241241	56.8340316592	56.8340316592
124.3243243243	56.8316142587	56.8316142587
124.5245245245	56.8291990091	56.8291990091
124.7247247247	56.8267859054	56.8267859054
124.9249249249	56.8243749422	56.8243749422
125.1251251251	56.8219661144	56.8219661144
125.3253253253	56.8195594169	56.8195594169
125.5255255255	56.8171548445	56.8171548445
125.7257257257	56.8147523922	56.8147523922
125.9259259259	56.8123520548	56.8123520548
126.1261261261	56.8099538273	56.8099538273
126.3263263263	56.8075577045	56.8075577045
126.5265265265	56.8051636816	56.8051636816
126.7267267267	56.8027717535	56.8027717535
126.9269269269	56.8003819152	56.8003819152
127.1271271271	56.7979941617	56.7979941617
127.3273273273	56.7956084881	56.7956084881
127.5275275275	56.7932248895	56.7932248895
127.7277277277	56.7908433609	56.7908433609
127.9279279279	56.7884638975	56.7884638975
128.1281281281	56.7860864943	56.7860864943
128.3283283283	56.7837111466	56.7837111466
128.5285285285	56.7813378495	56.7813378495
128.7287287287	56.7789665982	56.7789665982
128.9289289289	56.7765973879	56.7765973879
129.1291291291	56.7742302138	56.7742302138
129.3293293293	56.7718650712	56.7718650712
129.5295295295	56.7695019552	56.7695019552
129.7297297297	56.7671408613	56.7671408613
129.9299299299	56.7647817847	56.7647817847
130.1301301301	56.7624247207	56.7624247207
130.3303303303	56.7600696646	56.7600696646
130.5305305305	56.7577166118	56.7577166118
130.7307307307	56.7553655577	56.7553655577
130.9309309309	56.7530164976	56.7530164976
131.1311311311	56.7506694270	56.7506694270
131.3313313313	56.7483243413	56.7483243413
131.5315315315	56.7459812358	56.7459812358
131.7317317317	56.7436401062	56.7436401062
131.9319319319	56.7413009478	56.7413009478
132.1321321321	56.7389637561	56.7389637561
132.3323323323	56.7366285266	56.7366285266
132.5325325325	56.7342952550	56.7342952550
132.7327327327	56.7319639366	56.7319639366
132.9329329329	56.7296345671	56.7296345671
133.1331331331	56.7273071421	56.7273071421
133.3333333333	56.7249816571	56.7249816571
133.5335335335	56.7226581077	56.7226581077
133.7337337337	56.7203364896	56.7203364896
133.9339339339	56.7180167984	56.7180167984
134.1341341341	56.7156990298	56.7156990298
134.3343343343	56.7133831794	56.7133831794
134.5345345345	56.7110692430	56.7110692430
134.7347347347	56.7087572162	56.7087572162
134.9349349349	56.7064470948	56.7064470948
135.1351351351	56.7041388744	56.7041388744
135.3353353353	56.7018325509	56.7018325509
135.5355355355	56.6995281201	56.6995281201
135.7357357357	56.6972255777	56.6972255777
135.9359359359	56.6949249194	56.6949249194
136.1361361361	56.6926261412	56.6926261412
136.3363363363	56.6903292389	56.6903292389
136.5365365365	56.6880342082	56.6880342082
136.7367367367	56.6857410452	56.6857410452
136.9369369369	56.6834497456	56.6834497456
137.1371371371	56.6811603053	56.6811603053
137.3373373373	56.6788727202	56.6788727202
137.5375375375	56.6765869864	56.6765869864
137.7377377377	56.6743030996	56.6743030996
137.9379379379	56.6720210559	56.6720210559
138.1381381381	56.6697408512	56.6697408512
138.3383383383	56.6674624815	56.6674624815
138.5385385385	56.6651859429	56.6651859429
138.7387387387	56.6629112312	56.6629112312
138.9389389389	56.6606383426	56.6606383426
139.1391391391	56.6583672730	56.6583672730
139.3393393393	56.6560980186	56.6560980186
139.5395395395	56.6538305754	56.6538305754
139.7397397397	56.6515649395	56.6515649395
139.9399399399	56.6493011069	56.6493011069
140.1401401401	56.6470390738	56.6470390738
140.3403403403	56.6447788364	56.6447788364
140.5405405405	56.6425203906	56.6425203906
140.7407407407	56.6402637328	56.6402637328
140.9409409409	56.6380088591	56.6380088591
141.1411411411	56.6357557656	56.6357557656
141.3413413413	56.6335044485	56.6335044485
141.5415415415	56.6312549040	56.6312549040
141.7417417417	56.6290071284	56.6290071284
141.9419419419	56.6267611179	56.6267611179
142.1421421421	56.6245168688	56.6245168688
142.3423423423	56.6222743772	56.6222743772
142.5425425425	56.6200336395	56.6200336395
142.7427427427	56.6177946520	56.6177946520
142.9429429429	56.6155574109	56.6155574109
143.1431431431	56.6133219126	56.6133219126
143.3433433433	56.6110881534	56.6110881534
143.5435435435	56.6088561295	56.6088561295
143.7437437437	56.6066258375	56.6066258375
143.9439439439	56.6043972736	56.6043972736
144.1441441441	56.6021704342	56.6021704342
144.3443443443	56.5999453157	56.5999453157
144.5445445445	56.5977219146	56.5977219146
144.7447447447	56.5955002271	56.5955002271
144.9449449449	56.5932802497	56.5932802497
145.1451451451	56.5910619790	56.5910619790
145.3453453453	56.5888454113	56.5888454113
145.5455455455	56.5866305430	56.5866305430
145.7457457457	56.5844173707	56.5844173707
145.9459459459	56.5822058909	56.5822058909
146.1461461461	56.5799961000	56.5799961000
146.3463463463	56.5777879946	56.5777879946
146.5465465465	56.5755815712	56.5755815712
146.7467467467	56.5733768262	56.5733768262
146.9469469469	56.5711737564	56.5711737564
147.1471471471	56.5689723581	56.5689723581
147.3473473473	56.5667726281	56.5667726281
147.5475475475	56.5645745628	56.5645745628
147.7477477477	56.5623781589	56.5623781589
147.9479479479	56.5601834129	56.5601834129
148.1481481481	56.5579903215	56.5579903215
148.3483483483	56.5557988814	56.5557988814
148.5485485485	56.5536090891	56.5536090891
148.7487487487	56.5514209413	56.5514209413
148.9489489489	56.5492344346	56.5492344346
149.1491491491	56.5470495658	56.5470495658
149.3493493493	56.5448663315	56.5448663315
149.5495495495	56.5426847284	56.5426847284
149.7497497497	56.5405047533	56.5405047533
149.9499499499	56.5383264027	56.5383264027
150.1501501502	56.5361496736	56.5361496736
150.3503503504	56.5339745625	56.5339745625
150.5505505506	56.5318010663	56.5318010663
150.7507507508	56.5296291818	56.5296291818
150.9509509510	56.5274589056	56.5274589056
151.1511511512	56.5252902345	56.5252902345
151.3513513514	56.5231231655	56.5231231655
151.5515515516	56.5209576952	56.5209576952
151.7517517518	56.5187938204	56.5187938204
151.9519519520	56.5166315381	56.5166315381
152.1521521522	56.5144708450	56.5144708450
152.3523523524	56.5123117380	56.5123117380
152.5525525526	56.5101542140	56.5101542140
152.7527527528	56.5079982697	56.5079982697
152.9529529530	56.5058439022	56.5058439022
153.1531531532	56.5036911082	56.5036911082
153.3533533534	56.5015398846	56.5015398846
153.5535535536	56.4993902285	56.4993902285
153.7537537538	56.4972421366	56.4972421366
153.9539539540	56.4950956059	56.4950956059
154.1541541542	56.4929506334	56.4929506334
154.3543543544	56.4908072160	56.4908072160
154.5545545546	56.4886653507	56.4886653507
154.7547547548	56.4865250344	56.4865250344
154.9549549550	56.4843862640	56.4843862640
155.1551551552	56.4822490367	56.4822490367
155.3553553554	56.4801133494	56.4801133494
155.5555555556	56.4779791990	56.4779791990
155.7557557558	56.4758465826	56.4758465826
155.9559559560	56.4737154973	56.4737154973
156.1561561562	56.4715859401	56.4715859401
156.3563563564	56.4694579079	56.4694579079
156.5565565566	56.4673313980	56.4673313980
156.7567567568	56.4652064072	56.4652064072
156.9569569570	56.4630829327	56.4630829327
157.1571571572	56.4609609717	56.4609609717
157.3573573574	56.4588405211	56.4588405211
157.5575575576	56.4567215780	56.4567215780
157.7577577578	56.4546041397	56.4546041397
157.9579579580	56.4524882031	56.4524882031
158.1581581582	56.4503737655	56.4503737655
158.3583583584	56.4482608240	56.4482608240
158.5585585586	56.4461493756	56.4461493756
158.7587587588	56.4440394176	56.4440394176
158.9589589590	56.4419309472	56.4419309472
159.1591591592	56.4398239615	56.4398239615
159.3593593594	56.4377184576	56.4377184576
159.5595595596	56.4356144328	56.4356144328
159.7597597598	56.4335118843	56.4335118843
159.9599599600	56.4314108093	56.4314108093
160.1601601602	56.4293112050	56.4293112050
160.3603603604	56.4272130686	56.4272130686
160.5605605606	56.4251163974	56.4251163974
160.7607607608	56.4230211886	56.4230211886
160.9609609610	56.4209274394	56.4209274394
161.1611611612	56.4188351472	56.4188351472
161.3613613614	56.4167443091	56.4167443091
161.5615615616	56.4146549225	56.4146549225
161.7617617618	56.4125669847	56.4125669847
161.9619619620	56.4104804929	56.4104804929
162.1621621622	56.4083954444	56.4083954444
162.3623623624	56.4063118366	56.4063118366
162.5625625626	56.4042296668	56.4042296668
162.7627627628	56.4021489323	56.4021489323
162.9629629630	56.4000696304	56.4000696304
163.1631631632	56.3979917585	56.3979917585
163.3633633634	56.3959153140	56.3959153140
163.5635635636	56.3938402941	56.3938402941
163.7637637638	56.3917666963	56.3917666963
163.9639639640	56.3896945180	56.3896945180
164.1641641642	56.3876237564	56.3876237564
164.3643643644	56.3855544091	56.3855544091
164.5645645646	56.3834864734	56.3834864734
164.7647647648	56.3814199468	56.3814199468
164.9649649650	56.3793548265	56.3793548265
165.1651651652	56.3772911102	56.3772911102
165.3653653654	56.3752287951	56.3752287951
165.5655655656	56.3731678788	56.3731678788
165.7657657658	56.3711083586	56.3711083586
165.9659659660	56.3690502321	56.3690502321
166.1661661662	56.3669934967	56.3669934967
166.3663663664	56.3649381499	56.3649381499
166.5665665666	56.3628841891	56.3628841891
166.7667667668	56.3608316118	56.3608316118
166.9669669670	56.3587804156	56.3587804156
167.1671671672	56.3567305979	56.3567305979
167.3673673674	56.3546821562	56.3546821562
167.5675675676	56.3526350881	56.3526350881
167.7677677678	56.3505893911	56.3505893911
167.9679679680	56.3485450627	56.3485450627
168.1681681682	56.3465021004	56.3465021004
168.3683683684	56.3444605018	56.3444605018
168.5685685686	56.3424202644	56.3424202644
168.7687687688	56.3403813859	56.3403813859
168.9689689690	56.3383438637	56.3383438637
169.1691691692	56.3363076955	56.3363076955
169.3693693694	56.3342728787	56.3342728787
169.5695695696	56.3322394111	56.3322394111
169.7697697698	56.3302072902	56.3302072902
169.9699699700	56.3281765136	56.3281765136
170.1701701702	56.3261470789	56.3261470789
170.3703703704	56.3241189838	56.3241189838
170.5705705706	56.3220922258	56.3220922258
170.7707707708	56.3200668026	56.3200668026
170.9709709710	56.3180427119	56.3180427119
171.1711711712	56.3160199512	56.3160199512
171.3713713714	56.3139985182	56.3139985182
171.5715715716	56.3119784107	56.3119784107
171.7717717718	56.3099596261	56.3099596261
171.9719719720	56.3079421623	56.3079421623
172.1721721722	56.3059260169	56.3059260169
172.3723723724	56.3039111876	56.3039111876
172.5725725726	56.3018976721	56.3018976721
172.7727727728	56.2998854680	56.2998854680
172.9729729730	56.2978745731	56.2978745731
173.1731731732	56.2958649851	56.2958649851
173.3733733734	56.2938567017	56.2938567017
173.5735735736	56.2918497207	56.2918497207
173.7737737738	56.2898440397	56.2898440397
173.9739739740	56.2878396566	56.2878396566
174.1741741742	56.2858365690	56.2858365690
174.3743743744	56.2838347747	56.2838347747
174.5745745746	56.2818342714	56.2818342714
174.7747747748	56.2798350570	56.2798350570
174.9749749750	56.2778371292	56.2778371292
175.1751751752	56.2758404858	56.2758404858
175.3753753754	56.2738451246	56.2738451246
175.5755755756	56.2718510433	56.2718510433
175.7757757758	56.2698582397	56.2698582397
175.9759759760	56.2678667117	56.2678667117
176.1761761762	56.2658764571	56.2658764571
176.3763763764	56.2638874736	56.2638874736
176.5765765766	56.2618997591	56.2618997591
176.7767767768	56.2599133115	56.2599133115
176.9769769770	56.2579281285	56.2579281285
177.1771771772	56.2559442080	56.2559442080
177.3773773774	56.2539615478	56.2539615478
177.5775775776	56.2519801459	56.2519801459
177.7777777778	56.2500000000	56.2500000000
177.9779779780	56.2480211080	56.2480211080
178.1781781782	56.2460434678	56.2460434678
178.3783783784	56.2440670773	56.2440670773
178.5785785786	56.2420919343	56.2420919343
178.7787787788	56.2401180368	56.2401180368
178.9789789790	56.2381453826	56.2381453826
179.1791791792	56.2361739696	56.2361739696
179.3793793794	56.2342037957	56.2342037957
179.5795795796	56.2322348589	56.2322348589
179.7797797798	56.2302671571	56.2302671571
179.9799799800	56.2283006882	56.2283006882
180.1801801802	56.2263354500	56.2263354500
180.3803803804	56.2243714406	56.2243714406
180.5805805806	56.2224086579	56.2224086579
180.7807807808	56.2204470999	56.2204470999
180.9809809810	56.2184867644	56.2184867644
181.1811811812	56.2165276495	56.2165276495
181.3813813814	56.2145697531	56.2145697531
181.5815815816	56.2126130732	56.2126130732
181.7817817818	56.2106576077	56.2106576077
181.9819819820	56.2087033547	56.2087033547
182.1821821822	56.2067503121	56.2067503121
182.3823823824	56.2047984778	56.2047984778
182.5825825826	56.2028478500	56.2028478500
182.7827827828	56.2008984267	56.2008984267
182.9829829830	56.1989502057	56.1989502057
183.1831831832	56.1970031851	56.1970031851
183.3833833834	56.1950573631	56.1950573631
183.5835835836	56.1931127374	56.1931127374
183.7837837838	56.1911693063	56.1911693063
183.9839839840	56.1892270678	56.1892270678
184.1841841842	56.1872860198	56.1872860198
184.3843843844	56.1853461604	56.1853461604
184.5845845846	56.1834074877	56.1834074877
184.7847847848	56.1814699997	56.1814699997
184.9849849850	56.1795336945	56.1795336945
185.1851851852	56.1775985702	56.1775985702
185.3853853854	56.1756646248	56.1756646248
185.5855855856	56.1737318565	56.1737318565
185.7857857858	56.1718002632	56.1718002632
185.9859859860	56.1698698430	56.1698698430
186.1861861862	56.1679405942	56.1679405942
186.3863863864	56.1660125147	56.1660125147
186.5865865866	56.1640856027	56.1640856027
186.7867867868	56.1621598563	56.1621598563
186.9869869870	56.1602352736	56.1602352736
187.1871871872	56.1583118526	56.1583118526
187.3873873874	56.1563895916	56.1563895916
187.5875875876	56.1544684887	56.1544684887
187.7877877878	56.1525485419	56.1525485419
187.9879879880	56.1506297495	56.1506297495
188.1881881882	56.1487121096	56.1487121096
188.3883883884	56.1467956203	56.1467956203
188.5885885886	56.1448802797	56.1448802797
188.7887887888	56.1429660861	56.1429660861
188.9889889890	56.1410530376	56.1410530376
189.1891891892	56.1391411324	56.1391411324
189.3893893894	56.1372303686	56.1372303686
189.5895895896	56.1353207444	56.1353207444
189.7897897898	56.1334122580	56.1334122580
189.9899899900	56.1315049076	56.1315049076
190.1901901902	56.1295986913	56.1295986913
190.3903903904	56.1276936075	56.1276936075
190.5905905906	56.1257896542	56.1257896542
190.7907907908	56.1238868296	56.1238868296
190.9909909910	56.1219851321	56.1219851321
191.1911911912	56.1200845598	56.1200845598
191.3913913914	56.1181851109	56.1181851109
191.5915915916	56.1162867836	56.1162867836
191.7917917918	56.1143895762	56.1143895762
191.9919919920	56.1124934870	56.1124934870
192.1921921922	56.1105985141	56.1105985141
192.3923923924	56.1087046557	56.1087046557
192.5925925926	56.1068119103	56.1068119103
192.7927927928	56.1049202759	56.1049202759
192.9929929930	56.1030297509	56.1030297509
193.1931931932	56.1011403334	56.1011403334
193.3933933934	56.0992520219	56.0992520219
193.5935935936	56.0973648145	56.0973648145
193.7937937938	56.0954787095	56.0954787095
193.9939939940	56.0935937053	56.0935937053
194.1941941942	56.0917098000	56.0917098000
194.3943943944	56.0898269920	56.0898269920
194.5945945946	56.0879452796	56.0879452796
194.7947947948	56.0860646610	56.0860646610
194.9949949950	56.0841851346	56.0841851346
195.1951951952	56.0823066987	56.0823066987
195.3953953954	56.0804293515	56.0804293515
195.5955955956	56.0785530915	56.0785530915
195.7957957958	56.0766779168	56.0766779168
195.9959959960	56.0748038259	56.0748038259
196.1961961962	56.0729308171	56.0729308171
196.3963963964	56.0710588886	56.0710588886
196.5965965966	56.0691880389	56.0691880389
196.7967967968	56.0673182663	56.0673182663
196.9969969970	56.0654495691	56.0654495691
197.1971971972	56.0635819457	56.0635819457
197.3973973974	56.0617153943	56.0617153943
197.5975975976	56.0598499135	56.0598499135
197.7977977978	56.0579855015	56.0579855015
197.9979979980	56.0561221567	56.0561221567
198.1981981982	56.0542598775	56.0542598775
198.3983983984	56.0523986622	56.0523986622
198.5985985986	56.0505385092	56.0505385092
198.7987987988	56.0486794170	56.0486794170
198.9989989990	56.0468213838	56.0468213838
199.1991991992	56.0449644081	56.0449644081
199.3993993994	56.0431084883	56.0431084883
199.5995995996	56.0412536228	56.0412536228
199.7997997998	56.0393998099	56.0393998099
200.0000000000	56.0375470481	56.0375470481
