0.0000000000	60.0000000000	60.0000000000
0.2002002002	41.4525707555	57.4303514577
0.4004004004	36.7473230213	56.4293112050
0.6006006006	33.8031166866	55.6845361086
0.8008008008	31.6643621472	55.0717667071
1.0010010010	29.9924962477	54.5429734584
1.2012012012	28.6260464041	54.0735729152
1.4014014014	27.4749427430	53.6489896406
1.6016016016	26.4837055250	53.2597449623
1.8018018018	25.6157152298	52.8992672886
2.0020020020	24.8455311924	52.5627807228
2.2022022022	24.1547656323	52.2466864356
2.4024024024	23.5297022727	51.9481935504
2.6026026026	22.9598421822	51.6650866050
2.8028028028	22.4369744732	51.3955724999
3.0030030030	21.9545596867	51.1381760647
3.2032032032	21.5073075263	50.8916666116
3.4034034034	21.0908797936	50.6550049342
3.6036036036	20.7016764824	50.4273042024
3.8038038038	20.3366785948	50.2078005469
4.0040040040	19.9933305540	49.9958305534
4.2042042042	19.6694508306	49.7908137817
4.4044044044	19.3631630431	49.5922390042
4.6046046046	19.0728421582	49.3996532412
4.8048048048	18.7970719954	49.2126529280
5.0050050050	18.5346113051	49.0308767301
5.2052052052	18.2843664307	48.8539996436
5.4054054054	18.0453690811	48.6817281136
5.6056056056	17.8167581134	48.5137959618
5.8058058058	17.5977644879	48.3499609664
6.0060060060	17.3876987591	48.1900019708
6.2062062062	17.1859406064	48.0337164254
6.4064064064	16.9919300206	47.8809182844
6.6066066066	16.8051598413	47.7314361982
6.8068068068	16.6251694068	47.5851119518
7.0070070070	16.4515391221	47.4417991096
7.2072072072	16.2838857923	47.3013618341
7.4074074074	16.1218585954	47.1636738520
7.6076076076	15.9651355925	47.0286175465
7.8078078078	15.8134206923	46.8960831566
8.0080080080	15.6664410009	46.7659680689
8.2082082082	15.5239445001	46.6381761892
8.4084084084	15.3856980065	46.5126173830
8.6086086086	15.2514853714	46.3892069761
8.8088088088	15.1211058901	46.2678653075
9.0090090090	14.9943728895	46.1485173280
9.2092092092	14.8711124731	46.0310922390
9.4094094094	14.7511624017	45.9155231672
9.6096096096	14.6343710927	45.8017468695
9.8098098098	14.5205967236	45.6897034668
10.0100100100	14.4097064272	45.5793362012
10.2102102102	14.3015755668	45.4705912162
10.4104104104	14.1960870830	45.3634173556
10.6106106106	14.0931309029	45.2577659799
10.8108108108	13.9926034059	45.1535907989
11.0110110110	13.8944069384	45.0508477176
11.2112112112	13.7984493729	44.9494946953
11.4114114114	13.7046437073	44.8494916158
11.6116116116	13.6129076989	44.7508001681
11.8118118118	13.5231635300	44.6533837358
12.0120120120	13.4353375026	44.5572072962
12.2122122122	13.3493597584	44.4622373256
12.4124124124	13.2651640220	44.3684417125
12.6126126126	13.1826873649	44.2757896770
12.8128128128	13.1018699882	44.1842516957
13.0130130130	13.0226550233	44.0937994322
13.2132132132	12.9449883468	44.0044056725
13.4134134134	12.8688184109	43.9160442644
13.6136136136	12.7940960852	43.8286900615
13.8138138138	12.7207745116	43.7423188707
14.0140140140	12.6488089692	43.6569074030
14.2142142142	12.5781567486	43.5724332277
14.4144144144	12.5087770362	43.4888747296
14.6146146146	12.4406308054	43.4062110687
14.8148148148	12.3736807165	43.3244221424
15.0150150150	12.3078910228	43.2434885500
15.2152152152	12.2432274832	43.1633915598
15.4154154154	12.1796572805	43.0841130774
15.6156156156	12.1171489456	43.0056356163
15.8158158158	12.0556722859	42.9279422706
16.0160160160	11.9951983191	42.8510166883
16.2162162162	11.9356992104	42.7748430469
16.4164164164	11.8771482142	42.6994060302
16.6166166166	11.8195196195	42.6246908062
16.8168168168	11.7627886980	42.5506830063
17.0170170170	11.7069316561	42.4773687057
17.2172172172	11.6519255893	42.4047344049
17.4174174174	11.5977484393	42.3327670118
17.6176176176	11.5443789542	42.2614538251
17.8178178178	11.4917966502	42.1907825189
18.0180180180	11.4399817758	42.1207411269
18.2182182182	11.3889152785	42.0513180286
18.4184184184	11.3385787727	41.9825019358
18.6186186186	11.2889545094	41.9142818794
18.8188188188	11.2400253485	41.8466471975
19.0190190190	11.1917747312	41.7795875234
19.2192192192	11.1441866551	41.7130927746
19.4194194194	11.0972456498	41.6471531425
19.6196196196	11.0509367546	41.5817590820
19.8198198198	11.0052454961	41.5169013017
20.0200200200	10.9601578687	41.4525707555
20.2202202202	10.9156603143	41.3887586329
20.4204204204	10.8717397045	41.3254563514
20.6206206206	10.8283833225	41.2626555481
20.8208208208	10.7855788470	41.2003480720
21.0210210210	10.7433143363	41.1385259772
21.2212212212	10.7015782127	41.0771815153
21.4214214214	10.6603592488	41.0163071293
21.6216216216	10.6196465537	40.9558954467
21.8218218218	10.5794295598	40.8959392737
22.0220220220	10.5396980106	40.8364315891
22.2222222222	10.5004419491	40.7773655390
22.4224224224	10.4616517060	40.7187344310
22.6226226226	10.4233178895	40.6605317294
22.8228228228	10.3854313749	40.6027510499
23.0230230230	10.3479832947	40.5453861552
23.2232232232	10.3109650292	40.4884309500
23.4234234234	10.2743681979	40.4318794770
23.6236236236	10.2381846506	40.3757259123
23.8238238238	10.2024064596	40.3199645617
24.0240240240	10.1670259114	40.2645898566
24.2242242242	10.1320354998	40.2095963501
24.4244244244	10.0974279181	40.1549787137
24.6246246246	10.0631960529	40.1007317338
24.8248248248	10.0293329771	40.0468503078
25.0250250250	9.9958319437	39.9933294418
25.2252252252	9.9626863799	39.9401642465
25.4254254254	9.9298898809	39.8873499349
25.6256256256	9.8974362051	39.8348818194
25.8258258258	9.8653192680	39.7827553083
26.0260260260	9.8335331374	39.7309659041
26.2262262262	9.8020720287	39.6795092002
26.4264264264	9.7709302997	39.6283808786
26.6266266266	9.7401024465	39.5775767076
26.8268268268	9.7095830990	39.5270925393
27.0270270270	9.6793670166	39.4769243074
27.2272272272	9.6494490843	39.4270680251
27.4274274274	9.6198243087	39.3775197830
27.6276276276	9.5904878144	39.3282757469
27.8278278278	9.5614348403	39.2793321560
28.0280280280	9.5326607364	39.2306853209
28.2282282282	9.5041609600	39.1823316217
28.4284284284	9.4759310729	39.1342675066
28.6286286286	9.4479667381	39.0864894897
28.8288288288	9.4202637170	39.0389941496
29.0290290290	9.3928178663	38.9917781277
29.2292292292	9.3656251355	38.9448381265
29.4294294294	9.3386815638	38.8981709086
29.6296296296	9.3119832782	38.8517732946
29.8298298298	9.2855264902	38.8056421621
30.0300300300	9.2593074941	38.7597744440
30.2302302302	9.2333226643	38.7141671276
30.4304304304	9.2075684532	38.6688172529
30.6306306306	9.1820413889	38.6237219115
30.8308308308	9.1567380734	38.5788782453
31.0310310310	9.1316551802	38.5342834456
31.2312312312	9.1067894525	38.4899347516
31.4314314314	9.0821377017	38.4458294496
31.6316316316	9.0576968049	38.4019648715
31.8318318318	9.0334637036	38.3583383941
32.0320320320	9.0094354019	38.3149474382
32.2322322322	8.9856089647	38.2717894672
32.4324324324	8.9619815163	38.2288619863
32.6326326326	8.9385502387	38.1861625417
32.8328328328	8.9153123704	38.1436887197
33.0330330330	8.8922652044	38.1014381454
33.2332332332	8.8694060874	38.0594084825
33.4334334334	8.8467324181	38.0175974319
33.6336336336	8.8242416457	37.9760027313
33.8338338338	8.8019312692	37.9346221539
34.0340340340	8.7797988358	37.8934535084
34.2342342342	8.7578419395	37.8524946374
34.4344344344	8.7360582203	37.8117434173
34.6346346346	8.7144453631	37.7711977574
34.8348348348	8.6930010961	37.7308555991
35.0350350350	8.6717231905	37.6907149153
35.2352352352	8.6506094587	37.6507737098
35.4354354354	8.6296577539	37.6110300167
35.6356356356	8.6088659688	37.5714818996
35.8358358358	8.5882320347	37.5321274511
36.0360360360	8.5677539207	37.4929647923
36.2362362362	8.5474296327	37.4539920721
36.4364364364	8.5272572127	37.4152074667
36.6366366366	8.5072347377	37.3766091791
36.8368368368	8.4873603191	37.3381954384
37.0370370370	8.4676321018	37.2999644995
37.2372372372	8.4480482637	37.2619146423
37.4374374374	8.4286070143	37.2240441718
37.6376376376	8.4093065947	37.1863514168
37.8378378378	8.3901452767	37.1488347300
38.0380380380	8.3711213616	37.1114924876
38.2382382382	8.3522331804	37.0743230883
38.4384384384	8.3334790924	37.0373249535
38.6386386386	8.3148574850	37.0004965264
38.8388388388	8.2963667728	36.9638362719
39.0390390390	8.2780053973	36.9273426760
39.2392392392	8.2597718261	36.8910142456
39.4394394394	8.2416645524	36.8548495080
39.6396396396	8.2236820945	36.8188470102
39.8398398398	8.2058229951	36.7830053192
40.0400400400	8.1880858209	36.7473230213
40.2402402402	8.1704691624	36.7117987214
40.4404404404	8.1529716325	36.6764310433
40.6406406406	8.1355918671	36.6412186291
40.8408408408	8.1183285239	36.6061601386
41.0410410410	8.1011802823	36.5712542493
41.2412412412	8.0841458426	36.5364996562
41.4414414414	8.0672239260	36.5018950710
41.6416416416	8.0504132739	36.4674392222
41.8418418418	8.0337126476	36.4331308548
42.0420420420	8.0171208276	36.3989687299
42.2422422422	8.0006366138	36.3649516244
42.4424424424	7.9842588246	36.3310783307
42.6426426426	7.9679862967	36.2973476566
42.8428428428	7.9518178846	36.2637584250
43.0430430430	7.9357524606	36.2303094733
43.2432432432	7.9197889141	36.1969996537
43.4434434434	7.9039261514	36.1638278327
43.6436436436	7.8881630954	36.1307928907
43.8438438438	7.8724986851	36.0978937219
44.0440440440	7.8569318756	36.0651292342
44.2442442442	7.8414616374	36.0324983488
44.4444444444	7.8260869565	36.0000000000
44.6446446446	7.8108068339	35.9676331351
44.8448448448	7.7956202850	35.9353967141
45.0450450450	7.7805263402	35.9032897094
45.2452452452	7.7655240436	35.8713111058
45.4454454454	7.7506124534	35.8394599002
45.6456456456	7.7357906415	35.8077351013
45.8458458458	7.7210576930	35.7761357297
46.0460460460	7.7064127063	35.7446608172
46.2462462462	7.6918547926	35.7133094074
46.4464464464	7.6773830760	35.6820805547
46.6466466466	7.6629966926	35.6509733247
46.8468468468	7.6486947911	35.6199867937
47.0470470470	7.6344765319	35.5891200486
47.2472472472	7.6203410873	35.5583721870
47.4474474474	7.6062876412	35.5277423166
47.6476476476	7.5923153886	35.4972295553
47.8478478478	7.5784235360	35.4668330312
48.0480480480	7.5646113004	35.4365518821
48.2482482482	7.5508779100	35.4063852554
48.4484484484	7.5372226032	35.3763323082
48.6486486486	7.5236446289	35.3463922070
48.8488488488	7.5101432461	35.3165641275
49.0490490490	7.4967177241	35.2868472547
49.2492492492	7.4833673416	35.2572407823
49.4494494494	7.4700913873	35.2277439132
49.6496496496	7.4568891593	35.1983558587
49.8498498498	7.4437599649	35.1690758390
50.0500500501	7.4307031207	35.1399030826
50.2502502503	7.4177179523	35.1108368263
50.4504504505	7.4048037942	35.0818763152
50.6506506507	7.3919599896	35.0530208027
50.8508508509	7.3791858901	35.0242695498
51.0510510511	7.3664808558	34.9956218257
51.2512512513	7.3538442553	34.9670769073
51.4514514515	7.3412754651	34.9386340789
51.6516516517	7.3287738698	34.9102926327
51.8518518519	7.3163388617	34.8820518682
52.0520520521	7.3039698412	34.8539110921
52.2522522523	7.2916662159	34.8258696185
52.4524524525	7.2794274012	34.7979267685
52.6526526527	7.2672528198	34.7700818703
52.8528528529	7.2551419015	34.7423342591
53.0530530531	7.2430940834	34.7146832768
53.2532532533	7.2311088096	34.6871282720
53.4534534535	7.2191855310	34.6596686000
53.6536536537	7.2073237054	34.6323036228
53.8538538539	7.1955227972	34.6050327087
54.0540540541	7.1837822774	34.5778552325
54.2542542543	7.1721016235	34.5507705750
54.4544544545	7.1604803194	34.5237781235
54.6546546547	7.1489178553	34.4968772713
54.8548548549	7.1374137274	34.4700674179
55.0550550551	7.1259674380	34.4433479684
55.2552552553	7.1145784957	34.4167183342
55.4554554555	7.1032464146	34.3901779321
55.6556556557	7.0919707148	34.3637261849
55.8558558559	7.0807509221	34.3373625210
56.0560560561	7.0695865678	34.3110863743
56.2562562563	7.0584771889	34.2848971842
56.4564564565	7.0474223277	34.2587943956
56.6566566567	7.0364215321	34.2327774587
56.8568568569	7.0254743549	34.2068458290
57.0570570571	7.0145803545	34.1809989671
57.2572572573	7.0037390942	34.1552363390
57.4574574575	6.9929501424	34.1295574157
57.6576576577	6.9822130726	34.1039616730
57.8578578579	6.9715274630	34.0784485919
58.0580580581	6.9608928968	34.0530176583
58.2582582583	6.9503089619	34.0276683627
58.4584584585	6.9397752507	34.0024002006
58.6586586587	6.9292913606	33.9772126722
58.8588588589	6.9188568933	33.9521052821
59.0590590591	6.9084714550	33.9270775398
59.2592592593	6.8981346564	33.9021289591
59.4594594595	6.8878461124	33.8772590585
59.6596596597	6.8776054425	33.8524673607
59.8598598599	6.8674122701	33.8277533929
60.0600600601	6.8572662230	33.8031166866
60.2602602603	6.8471669329	33.7785567776
60.4604604605	6.8371140357	33.7540732057
60.6606606607	6.8271071714	33.7296655151
60.8608608609	6.8171459838	33.7053332541
61.0610610611	6.8072301205	33.6810759748
61.2612612613	6.7973592330	33.6568932336
61.4614614615	6.7875329767	33.6327845908
61.6616616617	6.7777510106	33.6087496104
61.8618618619	6.7680129973	33.5847878605
62.0620620621	6.7583186033	33.5608989130
62.2622622623	6.7486674983	33.5370823434
62.4624624625	6.7390593558	33.5133377311
62.6626626627	6.7294938527	33.4896646592
62.8628628629	6.7199706692	33.4660627142
63.0630630631	6.7104894891	33.4425314866
63.2632632633	6.7010499993	33.4190705701
63.4634634635	6.6916518902	33.3956795620
63.6636636637	6.6822948552	33.3723580632
63.8638638639	6.6729785911	33.3491056780
64.0640640641	6.6637027979	33.3259220139
64.2642642643	6.6544671784	33.3028066821
64.4644644645	6.6452714389	33.2797592967
64.6646646647	6.6361152883	33.2567794755
64.8648648649	6.6269984388	33.2338668392
65.0650650651	6.6179206054	33.2110210120
65.2652652653	6.6088815061	33.1882416209
65.4654654655	6.5998808617	33.1655282964
65.6656656657	6.5909183959	33.1428806720
65.8658658659	6.5819938351	33.1202983841
66.0660660661	6.5731069086	33.0977810722
66.2662662663	6.5642573482	33.0753283789
66.4664664665	6.5554448887	33.0529399497
66.6666666667	6.5466692674	33.0306154330
66.8668668669	6.5379302240	33.0083544801
67.0670670671	6.5292275012	32.9861567452
67.2672672673	6.5205608440	32.9640218853
67.4674674675	6.5119300000	32.9419495601
67.6676676677	6.5033347192	32.9199394324
67.8678678679	6.4947747542	32.8979911673
68.0680680681	6.4862498598	32.8761044329
68.2682682683	6.4777597936	32.8542788999
68.4684684685	6.4693043150	32.8325142418
68.6686686687	6.4608831863	32.8108101343
68.8688688689	6.4524961718	32.7891662562
69.0690690691	6.4441430380	32.7675822886
69.2692692693	6.4358235539	32.7460579150
69.4694694695	6.4275374906	32.7245928219
69.6696696697	6.4192846213	32.7031866977
69.8698698699	6.4110647215	32.6818392336
70.0700700701	6.4028775689	32.6605501232
70.2702702703	6.3947229431	32.6393190625
70.4704704705	6.3866006259	32.6181457498
70.6706706707	6.3785104012	32.5970298858
70.8708708709	6.3704520549	32.5759711736
71.0710710711	6.3624253749	32.5549693185
71.2712712713	6.3544301511	32.5340240281
71.4714714715	6.3464661754	32.5131350123
71.6716716717	6.3385332416	32.4923019833
71.8718718719	6.3306311453	32.4715246553
72.0720720721	6.3227596843	32.4508027449
72.2722722723	6.3149186579	32.4301359709
72.4724724725	6.3071078676	32.4095240539
72.6726726727	6.2993271164	32.3889667171
72.8728728729	6.2915762094	32.3684636854
73.0730730731	6.2838549533	32.3480146860
73.2732732733	6.2761631567	32.3276194481
73.4734734735	6.2685006296	32.3072777030
73.6736736737	6.2608671843	32.2869891838
73.8738738739	6.2532626343	32.2667536259
74.0740740741	6.2456867949	32.2465707665
74.2742742743	6.2381394833	32.2264403447
74.4744744745	6.2306205180	32.2063621017
74.6746746747	6.2231297194	32.1863357806
74.8748748749	6.2156669093	32.1663611262
75.0750750751	6.2082319113	32.1464378855
75.2752752753	6.2008245503	32.1265658070
75.4754754755	6.1934446530	32.1067446414
75.6756756757	6.1860920475	32.0869741409
75.8758758759	6.1787665635	32.0672540598
76.0760760761	6.1714680321	32.0475841539
76.2762762763	6.1641962858	32.0279641811
76.4764764765	6.1569511589	32.0083939008
76.6766766767	6.1497324868	31.9888730741
76.8768768769	6.1425401066	31.9694014642
77.0770770771	6.1353738565	31.9499788355
77.2772772773	6.1282335764	31.9306049544
77.4774774775	6.1211191074	31.9112795890
77.6776776777	6.1140302921	31.8920025088
77.8778778779	6.1069669744	31.8727734852
78.0780780781	6.0999289994	31.8535922912
78.2782782783	6.0929162138	31.8344587011
78.4784784785	6.0859284653	31.8153724913
78.6786786787	6.0789656032	31.7963334393
78.8788788789	6.0720274779	31.7773413244
79.0790790791	6.0651139410	31.7583959275
79.2792792793	6.0582248455	31.7394970308
79.4794794795	6.0513600457	31.7206444184
79.6796796797	6.0445193969	31.7018378755
79.8798798799	6.0377027557	31.6830771890
80.0800800801	6.0309099800	31.6643621472
80.2802802803	6.0241409287	31.6456925400
80.4804804805	6.0173954622	31.6270681587
80.6806806807	6.0106734416	31.6084887958
80.8808808809	6.0039747295	31.5899542456
81.0810810811	5.9972991896	31.5714643036
81.2812812813	5.9906466865	31.5530187666
81.4814814815	5.9840170862	31.5346174331
81.6816816817	5.9774102556	31.5162601027
81.8818818819	5.9708260628	31.4979465764
82.0820820821	5.9642643768	31.4796766566
82.2822822823	5.9577250679	31.4614501470
82.4824824825	5.9512080074	31.4432668528
82.6826826827	5.9447130674	31.4251265803
82.8828828829	5.9382401215	31.4070291370
83.0830830831	5.9317890438	31.3889743320
83.2832832833	5.9253597097	31.3709619756
83.4834834835	5.9189519957	31.3529918791
83.6836836837	5.9125657791	31.3350638553
83.8838838839	5.9062009381	31.3171777182
84.0840840841	5.8998573521	31.2993332830
84.2842842843	5.8935349013	31.2815303662
84.4844844845	5.8872334670	31.2637687854
84.6846846847	5.8809529313	31.2460483594
84.8848848849	5.8746931773	31.2283689083
85.0850850851	5.8684540889	31.2107302532
85.2852852853	5.8622355511	31.1931322166
85.4854854855	5.8560374498	31.1755746220
85.6856856857	5.8498596715	31.1580572940
85.8858858859	5.8437021040	31.1405800586
86.0860860861	5.8375646356	31.1231427425
86.2862862863	5.8314471557	31.1057451739
86.4864864865	5.8253495545	31.0883871820
86.6866866867	5.8192717231	31.0710685969
86.8868868869	5.8132135532	31.0537892502
87.0870870871	5.8071749378	31.0365489741
87.2872872873	5.8011557702	31.0193476023
87.4874874875	5.7951559448	31.0021849692
87.6876876877	5.7891753569	30.9850609105
87.8878878879	5.7832139023	30.9679752629
88.0880880881	5.7772714778	30.9509278640
88.2882882883	5.7713479810	30.9339185526
88.4884884885	5.7654433102	30.9169471685
88.6886886887	5.7595573645	30.9000135522
88.8888888889	5.7536900437	30.8831175457
89.0890890891	5.7478412484	30.8662589916
89.2892892893	5.7420108800	30.8494377336
89.4894894895	5.7361988405	30.8326536165
89.6896896897	5.7304050329	30.8159064859
89.8898898899	5.7246293606	30.7991961884
90.0900900901	5.7188717279	30.7825225717
90.2902902903	5.7131320398	30.7658854841
90.4904904905	5.7074102019	30.7492847752
90.6906906907	5.7017061208	30.7327202953
90.8908908909	5.6960197033	30.7161918957
91.0910910911	5.6903508573	30.6996994286
91.2912912913	5.6846994912	30.6832427472
91.4914914915	5.6790655142	30.6668217054
91.6916916917	5.6734488360	30.6504361582
91.8918918919	5.6678493670	30.6340859613
92.0920920921	5.6622670183	30.6177709713
92.2922922923	5.6567017017	30.6014910458
92.4924924925	5.6511533295	30.5852460432
92.6926926927	5.6456218147	30.5690358228
92.8928928929	5.6401070710	30.5528602445
93.0930930931	5.6346090127	30.5367191693
93.2932932933	5.6291275545	30.5206124590
93.4934934935	5.6236626120	30.5045399762
93.6936936937	5.6182141014	30.4885015842
93.8938938939	5.6127819392	30.4724971474
94.0940940941	5.6073660428	30.4565265306
94.2942942943	5.6019663301	30.4405895998
94.4944944945	5.5965827194	30.4246862216
94.6946946947	5.5912151300	30.4088162633
94.8948948949	5.5858634813	30.3929795932
95.0950950951	5.5805276935	30.3771760803
95.2952952953	5.5752076875	30.3614055942
95.4954954955	5.5699033845	30.3456680055
95.6956956957	5.5646147063	30.3299631855
95.8958958959	5.5593415754	30.3142910061
96.0960960961	5.5540839147	30.2986513401
96.2962962963	5.5488416476	30.2830440610
96.4964964965	5.5436146983	30.2674690430
96.6966966967	5.5384029913	30.2519261612
96.8968968969	5.5332064515	30.2364152911
97.0970970971	5.5280250046	30.2209363092
97.2972972973	5.5228585768	30.2054890926
97.4974974975	5.5177070945	30.1900735192
97.6976976977	5.5125704850	30.1746894673
97.8978978979	5.5074486758	30.1593368163
98.0980980981	5.5023415951	30.1440154461
98.2982982983	5.4972491714	30.1287252372
98.4984984985	5.4921713339	30.1134660709
98.6986986987	5.4871080120	30.0982378292
98.8988988989	5.4820591360	30.0830403947
99.0990990991	5.4770246362	30.0678736506
99.2992992993	5.4720044437	30.0527374809
99.4994994995	5.4669984900	30.0376317702
99.6996996997	5.4620067069	30.0225564037
99.8998998999	5.4570290269	30.0075112674
100.1001001001	5.4520653828	29.9924962477
100.3003003003	5.4471157079	29.9775112317
100.5005005005	5.4421799359	29.9625561074
100.7007007007	5.4372580010	29.9476307631
100.9009009009	5.4323498378	29.9327350878
101.1011011011	5.4274553813	29.9178689713
101.3013013013	5.4225745671	29.9030323037
101.5015015015	5.4177073311	29.8882249759
101.7017017017	5.4128536095	29.8734468795
101.9019019019	5.4080133392	29.8586979065
102.1021021021	5.4031864573	29.8439779495
102.3023023023	5.3983729013	29.8292869018
102.5025025025	5.3935726094	29.8146246573
102.7027027027	5.3887855198	29.7999911103
102.9029029029	5.3840115715	29.7853861559
103.1031031031	5.3792507035	29.7708096897
103.3033033033	5.3745028555	29.7562616078
103.5035035035	5.3697679674	29.7417418068
103.7037037037	5.3650459797	29.7272501841
103.9039039039	5.3603368332	29.7127866375
104.1041041041	5.3556404689	29.6983510653
104.3043043043	5.3509568284	29.6839433664
104.5045045045	5.3462858536	29.6695634404
104.7047047047	5.3416274868	29.6552111872
104.9049049049	5.3369816706	29.6408865074
105.1051051051	5.3323483480	29.6265893020
105.3053053053	5.3277274625	29.6123194726
105.5055055055	5.3231189577	29.5980769214
105.7057057057	5.3185227778	29.5838615510
105.9059059059	5.3139388672	29.5696732646
106.1061061061	5.3093671708	29.5555119658
106.3063063063	5.3048076336	29.5413775588
106.5065065065	5.3002602012	29.5272699484
106.7067067067	5.2957248194	29.5131890396
106.9069069069	5.2912014345	29.4991347383
107.1071071071	5.2866899929	29.4851069506
107.3073073073	5.2821904415	29.4711055831
107.5075075075	5.2777027275	29.4571305431
107.7077077077	5.2732267984	29.4431817383
107.9079079079	5.2687626021	29.4292590766
108.1081081081	5.2643100868	29.4153624669
108.3083083083	5.2598692009	29.4014918180
108.5085085085	5.2554398933	29.3876470397
108.7087087087	5.2510221131	29.3738280420
108.9089089089	5.2466158098	29.3600347353
109.1091091091	5.2422209331	29.3462670306
109.3093093093	5.2378374331	29.3325248394
109.5095095095	5.2334652602	29.3188080735
109.7097097097	5.2291043650	29.3051166452
109.9099099099	5.2247546986	29.2914504673
110.1101101101	5.2204162122	29.2778094531
110.3103103103	5.2160888574	29.2641935162
110.5105105105	5.2117725862	29.2506025707
110.7107107107	5.2074673506	29.2370365311
110.9109109109	5.2031731031	29.2234953125
111.1111111111	5.1988897965	29.2099788303
111.3113113113	5.1946173838	29.1964870003
111.5115115115	5.1903558183	29.1830197387
111.7117117117	5.1861050537	29.1695769623
111.9119119119	5.1818650438	29.1561585882
112.1121121121	5.1776357428	29.1427645338
112.3123123123	5.1734171051	29.1293947172
112.5125125125	5.1692090854	29.1160490567
112.7127127127	5.1650116387	29.1027274710
112.9129129129	5.1608247202	29.0894298794
113.1131131131	5.1566482855	29.0761562013
113.3133133133	5.1524822903	29.0629063568
113.5135135135	5.1483266907	29.0496802662
113.7137137137	5.1441814429	29.0364778504
113.9139139139	5.1400465036	29.0232990304
114.1141141141	5.1359218295	29.0101437278
114.3143143143	5.1318073777	28.9970118645
114.5145145145	5.1277031056	28.9839033629
114.7147147147	5.1236089706	28.9708181457
114.9149149149	5.1195249307	28.9577561359
115.1151151151	5.1154509439	28.9447172571
115.3153153153	5.1113869685	28.9317014330
115.5155155155	5.1073329631	28.9187085878
115.7157157157	5.1032888864	28.9057386462
115.9159159159	5.0992546976	28.8927915331
116.1161161161	5.0952303558	28.8798671738
116.3163163163	5.0912158207	28.8669654940
116.5165165165	5.0872110518	28.8540864196
116.7167167167	5.0832160093	28.8412298772
116.9169169169	5.0792306534	28.8283957935
117.1171171171	5.0752549444	28.8155840955
117.3173173173	5.0712888430	28.8027947107
117.5175175175	5.0673323102	28.7900275669
117.7177177177	5.0633853071	28.7772825923
117.9179179179	5.0594477949	28.7645597154
118.1181181181	5.0555197353	28.7518588650
118.3183183183	5.0516010900	28.7391799703
118.5185185185	5.0476918210	28.7265229608
118.7187187187	5.0437918906	28.7138877663
118.9189189189	5.0399012611	28.7012743171
119.1191191191	5.0360198952	28.6886825437
119.3193193193	5.0321477558	28.6761123769
119.5195195195	5.0282848059	28.6635637478
119.7197197197	5.0244310088	28.6510365881
119.9199199199	5.0205863280	28.6385308294
120.1201201201	5.0167507271	28.6260464041
120.3203203203	5.0129241700	28.6135832444
120.5205205205	5.0091066208	28.6011412833
120.7207207207	5.0052980438	28.5887204538
120.9209209209	5.0014984035	28.5763206893
121.1211211211	4.9977076646	28.5639419236
121.3213213213	4.9939257919	28.5515840906
121.5215215215	4.9901527505	28.5392471247
121.7217217217	4.9863885058	28.5269309606
121.9219219219	4.9826330231	28.5146355333
122.1221221221	4.9788862680	28.5023607779
122.3223223223	4.9751482066	28.4901066300
122.5225225225	4.9714188047	28.4778730254
122.7227227227	4.9676980286	28.4656599004
122.9229229229	4.9639858447	28.4534671913
123.1231231231	4.9602822196	28.4412948349
123.3233233233	4.9565871200	28.4291427683
123.5235235235	4.9529005129	28.4170109286
123.7237237237	4.9492223655	28.4048992536
123.9239239239	4.9455526450	28.3928076811
124.1241241241	4.9418913189	28.3807361492
124.3243243243	4.9382383550	28.3686845965
124.5245245245	4.9345937209	28.3566529616
124.7247247247	4.9309573848	28.3446411836
124.9249249249	4.9273293149	28.3326492018
125.1251251251	4.9237094794	28.3206769557
125.3253253253	4.9200978470	28.3087243852
125.5255255255	4.9164943863	28.2967914303
125.7257257257	4.9128990661	28.2848780314
125.9259259259	4.9093118556	28.2729841293
126.1261261261	4.9057327239	28.2611096648
126.3263263263	4.9021616404	28.2492545790
126.5265265265	4.8985985746	28.2374188135
126.7267267267	4.8950434962	28.2256023100
126.9269269269	4.8914963751	28.2138050103
127.1271271271	4.8879571811	28.2020268568
127.3273273273	4.8844258847	28.1902677919
127.5275275275	4.8809024560	28.1785277584
127.7277277277	4.8773868655	28.1668066992
127.9279279279	4.8738790839	28.1551045576
128.1281281281	4.8703790820	28.1434212772
128.3283283283	4.8668868307	28.1317568016
128.5285285285	4.8634023011	28.1201110748
128.7287287287	4.8599254645	28.1084840411
128.9289289289	4.8564562923	28.0968756450
129.1291291291	4.8529947560	28.0852858313
129.3293293293	4.8495408274	28.0737145448
129.5295295295	4.8460944783	28.0621617309
129.7297297297	4.8426556806	28.0506273350
129.9299299299	4.8392244066	28.0391113027
130.1301301301	4.8358006285	28.0276135801
130.3303303303	4.8323843187	28.0161341132
130.5305305305	4.8289754499	28.0046728486
130.7307307307	4.8255739946	27.9932297328
130.9309309309	4.8221799259	27.9818047126
131.1311311311	4.8187932166	27.9703977353
131.3313313313	4.8154138400	27.9590087482
131.5315315315	4.8120417692	27.9476376987
131.7317317317	4.8086769778	27.9362845348
131.9319319319	4.8053194392	27.9249492043
132.1321321321	4.8019691271	27.9136316555
132.3323323323	4.7986260153	27.9023318370
132.5325325325	4.7952900778	27.8910496972
132.7327327327	4.7919612887	27.8797851853
132.9329329329	4.7886396222	27.8685382502
133.1331331331	4.7853250526	27.8573088414
133.3333333333	4.7820175544	27.8460969083
133.5335335335	4.7787171022	27.8349024007
133.7337337337	4.7754236707	27.8237252686
133.9339339339	4.7721372348	27.8125654623
134.1341341341	4.7688577695	27.8014229320
134.3343343343	4.7655852499	27.7902976285
134.5345345345	4.7623196512	27.7791895024
134.7347347347	4.7590609487	27.7680985050
134.9349349349	4.7558091181	27.7570245874
135.1351351351	4.7525641348	27.7459677010
135.3353353353	4.7493259747	27.7349277975
135.5355355355	4.7460946134	27.7239048288
135.7357357357	4.7428700272	27.7128987468
135.9359359359	4.7396521919	27.7019095039
136.1361361361	4.7364410838	27.6909370526
136.3363363363	4.7332366793	27.6799813453
136.5365365365	4.7300389548	27.6690423351
136.7367367367	4.7268478869	27.6581199750
136.9369369369	4.7236634521	27.6472142181
137.1371371371	4.7204856274	27.6363250180
137.3373373373	4.7173143896	27.6254523282
137.5375375375	4.7141497158	27.6145961026
137.7377377377	4.7109915830	27.6037562952
137.9379379379	4.7078399686	27.5929328603
138.1381381381	4.7046948498	27.5821257521
138.3383383383	4.7015562041	27.5713349252
138.5385385385	4.6984240092	27.5605603346
138.7387387387	4.6952982427	27.5498019350
138.9389389389	4.6921788823	27.5390596816
139.1391391391	4.6890659061	27.5283335298
139.3393393393	4.6859592919	27.5176234350
139.5395395395	4.6828590180	27.5069293530
139.7397397397	4.6797650625	27.4962512396
139.9399399399	4.6766774037	27.4855890509
140.1401401401	4.6735960202	27.4749427430
140.3403403403	4.6705208904	27.4643122724
140.5405405405	4.6674519929	27.4536975957
140.7407407407	4.6643893066	27.4430986696
140.9409409409	4.6613328102	27.4325154511
141.1411411411	4.6582824827	27.4219478972
141.3413413413	4.6552383031	27.4113959653
141.5415415415	4.6522002507	27.4008596128
141.7417417417	4.6491683045	27.3903387973
141.9419419419	4.6461424441	27.3798334766
142.1421421421	4.6431226487	27.3693436087
142.3423423423	4.6401088980	27.3588691517
142.5425425425	4.6371011716	27.3484100639
142.7427427427	4.6340994493	27.3379663038
142.9429429429	4.6311037108	27.3275378301
143.1431431431	4.6281139360	27.3171246014
143.3433433433	4.6251301051	27.3067265768
143.5435435435	4.6221521981	27.2963437154
143.7437437437	4.6191801952	27.2859759765
143.9439439439	4.6162140767	27.2756233195
144.1441441441	4.6132538231	27.2652857041
144.3443443443	4.6102994147	27.2549630900
144.5445445445	4.6073508322	27.2446554371
144.7447447447	4.6044080563	27.2343627056
144.9449449449	4.6014710677	27.2240848556
145.1451451451	4.5985398472	27.2138218477
145.3453453453	4.5956143758	27.2035736423
145.5455455455	4.5926946345	27.1933402001
145.7457457457	4.5897806044	27.1831214820
145.9459459459	4.5868722667	27.1729174491
146.1461461461	4.5839696027	27.1627280625
146.3463463463	4.5810725939	27.1525532836
146.5465465465	4.5781812215	27.1423930737
146.7467467467	4.5752954673	27.1322473946
146.9469469469	4.5724153128	27.1221162080
147.1471471471	4.5695407397	27.1119994758
147.3473473473	4.5666717298	27.1018971602
147.5475475475	4.5638082650	27.0918092232
147.7477477477	4.5609503274	27.0817356274
147.9479479479	4.5580978988	27.0716763351
148.1481481481	4.5552509615	27.0616313091
148.3483483483	4.5524094977	27.0516005122
148.5485485485	4.5495734897	27.0415839072
148.7487487487	4.5467429197	27.0315814573
148.9489489489	4.5439177704	27.0215931258
149.1491491491	4.5410980242	27.0116188759
149.3493493493	4.5382836637	27.0016586712
149.5495495495	4.5354746717	26.9917124753
149.7497497497	4.5326710308	26.9817802520
149.9499499499	4.5298727240	26.9718619653
150.1501501502	4.5270797342	26.9619575792
150.3503503504	4.5242920443	26.9520670579
150.5505505506	4.5215096375	26.9421903657
150.7507507508	4.5187324968	26.9323274671
150.9509509510	4.5159606056	26.9224783268
151.1511511512	4.5131939472	26.9126429094
151.3513513514	4.5104325048	26.9028211799
151.5515515516	4.5076762620	26.8930131032
151.7517517518	4.5049252023	26.8832186445
151.9519519520	4.5021793093	26.8734377690
152.1521521522	4.4994385667	26.8636704422
152.3523523524	4.4967029581	26.8539166295
152.5525525526	4.4939724675	26.8441762967
152.7527527528	4.4912470788	26.8344494095
152.9529529530	4.4885267758	26.8247359339
153.1531531532	4.4858115426	26.8150358359
153.3533533534	4.4831013634	26.8053490816
153.5535535536	4.4803962222	26.7956756374
153.7537537538	4.4776961034	26.7860154697
153.9539539540	4.4750009912	26.7763685451
154.1541541542	4.4723108701	26.7667348301
154.3543543544	4.4696257244	26.7571142917
154.5545545546	4.4669455387	26.7475068967
154.7547547548	4.4642702976	26.7379126121
154.9549549550	4.4615999858	26.7283314052
155.1551551552	4.4589345879	26.7187632433
155.3553553554	4.4562740887	26.7092080936
155.5555555556	4.4536184732	26.6996659239
155.7557557558	4.4509677261	26.6901367016
155.9559559560	4.4483218326	26.6806203946
156.1561561562	4.4456807776	26.6711169708
156.3563563564	4.4430445462	26.6616263981
156.5565565566	4.4404131237	26.6521486447
156.7567567568	4.4377864953	26.6426836789
156.9569569570	4.4351646463	26.6332314689
157.1571571572	4.4325475620	26.6237919832
157.3573573574	4.4299352280	26.6143651905
157.5575575576	4.4273276296	26.6049510594
157.7577577578	4.4247247524	26.5955495587
157.9579579580	4.4221265821	26.5861606574
158.1581581582	4.4195331044	26.5767843245
158.3583583584	4.4169443050	26.5674205291
158.5585585586	4.4143601696	26.5580692405
158.7587587588	4.4117806842	26.5487304282
158.9589589590	4.4092058347	26.5394040614
159.1591591592	4.4066356071	26.5300901100
159.3593593594	4.4040699873	26.5207885435
159.5595595596	4.4015089616	26.5114993318
159.7597597598	4.3989525160	26.5022224448
159.9599599600	4.3964006369	26.4929578525
160.1601601602	4.3938533104	26.4837055250
160.3603603604	4.3913105229	26.4744654327
160.5605605606	4.3887722609	26.4652375458
160.7607607608	4.3862385106	26.4560218349
160.9609609610	4.3837092588	26.4468182704
161.1611611612	4.3811844919	26.4376268230
161.3613613614	4.3786641966	26.4284474636
161.5615615616	4.3761483594	26.4192801630
161.7617617618	4.3736369673	26.4101248921
161.9619619620	4.3711300069	26.4009816221
162.1621621622	4.3686274651	26.3918503241
162.3623623624	4.3661293288	26.3827309694
162.5625625626	4.3636355850	26.3736235294
162.7627627628	4.3611462207	26.3645279756
162.9629629630	4.3586612229	26.3554442796
163.1631631632	4.3561805787	26.3463724131
163.3633633634	4.3537042753	26.3373123478
163.5635635636	4.3512323000	26.3282640557
163.7637637638	4.3487646400	26.3192275088
163.9639639640	4.3463012827	26.3102026790
164.1641641642	4.3438422153	26.3011895387
164.3643643644	4.3413874255	26.2921880600
164.5645645646	4.3389369006	26.2831982154
164.7647647648	4.3364906281	26.2742199773
164.9649649650	4.3340485958	26.2652533184
165.1651651652	4.3316107911	26.2562982112
165.3653653654	4.3291772019	26.2473546286
165.5655655656	4.3267478158	26.2384225433
165.7657657658	4.3243226206	26.2295019284
165.9659659660	4.3219016042	26.2205927569
166.1661661662	4.3194847544	26.2116950019
166.3663663664	4.3170720593	26.2028086367
166.5665665666	4.3146635067	26.1939336345
166.7667667668	4.3122590847	26.1850699688
166.9669669670	4.3098587815	26.1762176131
167.1671671672	4.3074625851	26.1673765410
167.3673673674	4.3050704837	26.1585467261
167.5675675676	4.3026824656	26.1497281423
167.7677677678	4.3002985190	26.1409207635
167.9679679680	4.2979186323	26.1321245635
168.1681681682	4.2955427938	26.1233395165
168.3683683684	4.2931709919	26.1145655965
168.5685685686	4.2908032152	26.1058027778
168.7687687688	4.2884394521	26.0970510348
168.9689689690	4.2860796911	26.0883103417
169.1691691692	4.2837239210	26.0795806731
169.3693693694	4.2813721303	26.0708620036
169.5695695696	4.2790243077	26.0621543078
169.7697697698	4.2766804420	26.0534575605
169.9699699700	4.2743405219	26.0447717365
170.1701701702	4.2720045363	26.0360968107
170.3703703704	4.2696724741	26.0274327581
170.5705705706	4.2673443241	26.0187795539
170.7707707708	4.2650200754	26.0101371731
170.9709709710	4.2626997170	26.0015055911
171.1711711712	4.2603832378	25.9928847831
171.3713713714	4.2580706270	25.9842747247
171.5715715716	4.2557618737	25.9756753912
171.7717717718	4.2534569672	25.9670867583
171.9719719720	4.2511558965	25.9585088017
172.1721721722	4.2488586511	25.9499414971
172.3723723724	4.2465652201	25.9413848203
172.5725725726	4.2442755930	25.9328387472
172.7727727728	4.2419897591	25.9243032539
172.9729729730	4.2397077079	25.9157783164
173.1731731732	4.2374294288	25.9072639109
173.3733733734	4.2351549114	25.8987600135
173.5735735736	4.2328841452	25.8902666006
173.7737737738	4.2306171198	25.8817836486
173.9739739740	4.2283538248	25.8733111340
174.1741741742	4.2260942500	25.8648490332
174.3743743744	4.2238383849	25.8563973230
174.5745745746	4.2215862195	25.8479559800
174.7747747748	4.2193377435	25.8395249810
174.9749749750	4.2170929467	25.8311043028
175.1751751752	4.2148518190	25.8226939224
175.3753753754	4.2126143503	25.8142938168
175.5755755756	4.2103805306	25.8059039631
175.7757757758	4.2081503499	25.7975243383
175.9759759760	4.2059237982	25.7891549198
176.1761761762	4.2037008655	25.7807956849
176.3763763764	4.2014815420	25.7724466109
176.5765765766	4.1992658178	25.7641076753
176.7767767768	4.1970536832	25.7557788555
176.9769769770	4.1948451283	25.7474601294
177.1771771772	4.1926401433	25.7391514743
177.3773773774	4.1904387187	25.7308528683
177.5775775776	4.1882408447	25.7225642890
177.7777777778	4.1860465116	25.7142857143
177.9779779780	4.1838557100	25.7060171222
178.1781781782	4.1816684302	25.6977584908
178.3783783784	4.1794846627	25.6895097981
178.5785785786	4.1773043981	25.6812710224
178.7787787788	4.1751276268	25.6730421418
178.9789789790	4.1729543396	25.6648231347
179.1791791792	4.1707845269	25.6566139794
179.3793793794	4.1686181795	25.6484146545
179.5795795796	4.1664552881	25.6402251385
179.7797797798	4.1642958433	25.6320454099
179.9799799800	4.1621398360	25.6238754474
180.1801801802	4.1599872570	25.6157152298
180.3803803804	4.1578380970	25.6075647358
180.5805805806	4.1556923470	25.5994239443
180.7807807808	4.1535499979	25.5912928343
180.9809809810	4.1514110406	25.5831713847
181.1811811812	4.1492754660	25.5750595746
181.3813813814	4.1471432652	25.5669573832
181.5815815816	4.1450144292	25.5588647897
181.7817817818	4.1428889491	25.5507817733
181.9819819820	4.1407668159	25.5427083133
182.1821821822	4.1386480209	25.5346443893
182.3823823824	4.1365325552	25.5265899805
182.5825825826	4.1344204100	25.5185450666
182.7827827828	4.1323115766	25.5105096272
182.9829829830	4.1302060461	25.5024836419
183.1831831832	4.1281038100	25.4944670904
183.3833833834	4.1260048595	25.4864599526
183.5835835836	4.1239091860	25.4784622082
183.7837837838	4.1218167809	25.4704738373
183.9839839840	4.1197276357	25.4624948197
184.1841841842	4.1176417418	25.4545251356
184.3843843844	4.1155590907	25.4465647649
184.5845845846	4.1134796738	25.4386136880
184.7847847848	4.1114034829	25.4306718850
184.9849849850	4.1093305094	25.4227393362
185.1851851852	4.1072607450	25.4148160220
185.3853853854	4.1051941814	25.4069019227
185.5855855856	4.1031308101	25.3989970189
185.7857857858	4.1010706229	25.3911012910
185.9859859860	4.0990136116	25.3832147198
186.1861861862	4.0969597680	25.3753372858
186.3863863864	4.0949090837	25.3674689697
186.5865865866	4.0928615507	25.3596097524
186.7867867868	4.0908171608	25.3517596147
186.9869869870	4.0887759059	25.3439185374
187.1871871872	4.0867377779	25.3360865015
187.3873873874	4.0847027688	25.3282634881
187.5875875876	4.0826708705	25.3204494782
187.7877877878	4.0806420751	25.3126444529
187.9879879880	4.0786163745	25.3048483934
188.1881881882	4.0765937609	25.2970612810
188.3883883884	4.0745742263	25.2892830970
188.5885885886	4.0725577629	25.2815138227
188.7887887888	4.0705443628	25.2737534396
188.9889889890	4.0685340182	25.2660019291
189.1891891892	4.0665267212	25.2582592727
189.3893893894	4.0645224642	25.2505254521
189.5895895896	4.0625212394	25.2428004489
189.7897897898	4.0605230390	25.2350842448
189.9899899900	4.0585278554	25.2273768216
190.1901901902	4.0565356809	25.2196781610
190.3903903904	4.0545465080	25.2119882450
190.5905905906	4.0525603289	25.2043070554
190.7907907908	4.0505771361	25.1966345743
190.9909909910	4.0485969222	25.1889707836
191.1911911912	4.0466196794	25.1813156655
191.3913913914	4.0446454005	25.1736692020
191.5915915916	4.0426740778	25.1660313755
191.7917917918	4.0407057040	25.1584021681
191.9919919920	4.0387402716	25.1507815622
192.1921921922	4.0367777732	25.1431695401
192.3923923924	4.0348182016	25.1355660842
192.5925925926	4.0328615492	25.1279711769
192.7927927928	4.0309078090	25.1203848009
192.9929929930	4.0289569734	25.1128069386
193.1931931932	4.0270090354	25.1052375727
193.3933933934	4.0250639876	25.0976766858
193.5935935936	4.0231218229	25.0901242608
193.7937937938	4.0211825340	25.0825802802
193.9939939940	4.0192461138	25.0750447271
194.1941941942	4.0173125552	25.0675175842
194.3943943944	4.0153818511	25.0599988345
194.5945945946	4.0134539943	25.0524884610
194.7947947948	4.0115289779	25.0449864467
194.9949949950	4.0096067948	25.0374927747
195.1951951952	4.0076874379	25.0300074280
195.3953953954	4.0057709003	25.0225303900
195.5955955956	4.0038571751	25.0150616438
195.7957957958	4.0019462553	25.0076011728
195.9959959960	4.0000381339	25.0001489601
196.1961961962	3.9981328042	24.9927049893
196.3963963964	3.9962302592	24.9852692438
196.5965965966	3.9943304920	24.9778417070
196.7967967968	3.9924334960	24.9704223624
196.9969969970	3.9905392642	24.9630111937
197.1971971972	3.9886477899	24.9556081845
197.3973973974	3.9867590664	24.9482133184
197.5975975976	3.9848730869	24.9408265792
197.7977977978	3.9829898448	24.9334479505
197.9979979980	3.9811093333	24.9260774164
198.1981981982	3.9792315458	24.9187149605
198.3983983984	3.9773564757	24.9113605669
198.5985985986	3.9754841164	24.9040142194
198.7987987988	3.9736144612	24.8966759021
198.9989989990	3.9717475037	24.8893455991
199.1991991992	3.9698832372	24.8820232944
199.3993993994	3.9680216553	24.8747089721
199.5995995996	3.9661627514	24.8674026165
199.7997997998	3.9643065191	24.8601042119
200.0000000000	3.9624529519	24.8528137424
