9.999999999999999547e-07	5.605853399227367362e-03	9.135010362368856107e-03
2.002011991991992090e-01	5.856202222154993642e-03	9.701375001220702288e-03
4.004013983983983893e-01	6.116419053333488343e-03	1.029818387064929119e-02
6.006015975975976806e-01	6.386829244325653576e-03	1.092675804568210562e-02
8.008017967967968609e-01	6.667766002629083033e-03	1.158845620442217061e-02
1.001001995995995930e+00	6.959570458764163803e-03	1.228467452140036276e-02
1.201202195195195221e+00	7.262591728377065792e-03	1.301684647812773044e-02
1.401402394394394291e+00	7.577186969087712498e-03	1.378644258699668335e-02
1.601602593593593582e+00	7.903721431812837928e-03	1.459497002474297034e-02
1.801802792792792873e+00	8.242568506291458874e-03	1.544397217176607384e-02
2.002002991991992165e+00	8.594109760535761922e-03	1.633502805370612432e-02
2.202203191191191234e+00	8.958734973932847012e-03	1.726975168179367692e-02
2.402403390390390747e+00	9.336842163717218313e-03	1.824979128862835864e-02
2.602603589589589816e+00	9.728837604535356398e-03	1.927682845619838048e-02
2.802803788788788886e+00	1.013513584082237351e-02	2.035257713312677019e-02
3.003003987987988399e+00	1.055615969171197488e-02	2.147878253832968820e-02
3.203204187187187468e+00	1.099234024819994993e-02	2.265721994848268750e-02
3.403404386386386538e+00	1.144411686228241631e-02	2.388969336692703394e-02
3.603604585585586051e+00	1.191193712779248237e-02	2.517803407190299936e-02
3.803804784784785120e+00	1.239625685266099175e-02	2.652409904226871173e-02
4.004004983983984189e+00	1.289754002232812446e-02	2.792976925915724440e-02
4.204205183183183259e+00	1.341625875403629209e-02	2.939694788233349065e-02
4.404405382382382328e+00	1.395289324174020518e-02	3.092755830034654707e-02
4.604605581581582285e+00	1.450793169136965766e-02	3.252354205391738695e-02
4.804805780780781355e+00	1.508187024619178640e-02	3.418685663236775696e-02
5.005005979979980424e+00	1.567521290201800976e-02	3.591947314328025609e-02
5.205206179179179493e+00	1.628847141201206217e-02	3.772337385597313020e-02
5.405406378378378562e+00	1.692216518085931654e-02	3.960054961978909382e-02
5.605606577577577632e+00	1.757682114806602414e-02	4.155299715862159626e-02
5.805806776776777589e+00	1.825297366016420675e-02	4.358271624354137508e-02
6.006006975975976658e+00	1.895116433160626279e-02	4.569170674583356018e-02
6.206207175175175728e+00	1.967194189414422922e-02	4.788196557322033087e-02
6.406407374374374797e+00	2.041586203449463621e-02	5.015548349250587012e-02
6.606607573573573866e+00	2.118348722010543472e-02	5.251424184235919945e-02
6.806807772772772935e+00	2.197538651284713929e-02	5.496020914043064920e-02
7.007007971971972005e+00	2.279213537046620441e-02	5.749533758947700246e-02
7.207208171171171962e+00	2.363431543564897819e-02	6.012155948766095825e-02
7.407408370370371031e+00	2.450251431255678902e-02	6.284078354866995397e-02
7.607608569569570101e+00	2.539732533070993004e-02	6.565489113778366637e-02
7.807808768768769170e+00	2.631934729610707624e-02	6.856573243049690625e-02
8.008008967967967351e+00	2.726918422948709786e-02	7.157512250077635585e-02
8.208209167167167308e+00	2.824744509165155737e-02	7.468483734648956318e-02
8.408409366366365489e+00	2.925474349578416344e-02	7.789660985999746767e-02
8.608609565565565447e+00	3.029169740672155164e-02	8.121212575234093567e-02
8.808809764764763628e+00	3.135892882714208518e-02	8.463301943987355802e-02
9.009009963963963585e+00	3.245706347066334985e-02	8.816086990259514033e-02
9.209210163163163543e+00	3.358673042185444935e-02	9.179719652383450113e-02
9.409410362362361724e+00	3.474856178318475042e-02	9.554345492128185624e-02
9.609610561561561681e+00	3.594319230895892670e-02	9.940103277972134332e-02
9.809810760760759862e+00	3.717125902629825340e-02	1.033712456961181636e-01
1.001001095995995982e+01	3.843340084325497230e-02	1.074553330480068625e-01
1.021021115915915800e+01	3.973025814416542012e-02	1.116544538963735733e-01
1.041041135835835796e+01	4.106247237236815284e-02	1.159696829344542546e-01
1.061061155755755792e+01	4.243068560043516957e-02	1.204020064940523604e-01
1.081081175675675610e+01	4.383554008808765445e-02	1.249523186211324299e-01
1.101101195595595605e+01	4.527767782798830520e-02	1.296214172325634295e-01
1.121121215515515424e+01	4.675774007962485435e-02	1.344100003659531861e-01
1.141141235435435419e+01	4.827636689152359217e-02	1.393186625345562146e-01
1.161161255355355415e+01	4.983419661205312767e-02	1.443478911992256974e-01
1.181181275275275233e+01	5.143186538910371475e-02	1.494980633693310246e-01
1.201201295195195229e+01	5.307000665894734404e-02	1.547694423444695433e-01
1.221221315115115047e+01	5.474925062461155623e-02	1.601621746086606124e-01
1.241241335035035043e+01	5.647022372412069391e-02	1.656762868885287010e-01
1.261261354954954861e+01	5.823354808898084656e-02	1.713116833867535105e-01
1.281281374874874857e+01	6.003984099331194368e-02	1.770681432017906509e-01
1.301301394794794852e+01	6.188971429404976909e-02	1.829453179445475475e-01
1.321321414714714670e+01	6.378377386266620430e-02	1.889427295623368197e-01
1.341341434634634666e+01	6.572261900887721442e-02	1.950597683800174287e-01
1.361361454554554484e+01	6.770684189683473519e-02	2.012956913677850790e-01
1.381381474474474480e+01	6.973702695431538423e-02	2.076496206445762605e-01
1.401401494394394298e+01	7.181375027544567580e-02	2.141205422255123003e-01
1.421421514314314294e+01	7.393757901752406880e-02	2.207073050212349230e-01
1.441441534234234290e+01	7.610907079252016150e-02	2.274086200963652549e-01
1.461461554154154108e+01	7.832877305385399502e-02	2.342230601936683976e-01
1.481481574074074103e+01	8.059722247907857851e-02	2.411490595298122486e-01
1.501501593993993922e+01	8.291494434910656741e-02	2.481849138678922095e-01
1.521521613913913917e+01	8.528245192464495306e-02	2.553287808711379725e-01
1.541541633833833913e+01	8.770024582051655360e-02	2.625786807414394186e-01
1.561561653753753731e+01	9.016881337856585965e-02	2.699324971455219213e-01
1.581581673673673727e+01	9.268862803986704924e-02	2.773879784307740071e-01
1.601601693593593723e+01	9.526014871696109054e-02	2.849427391318802294e-01
1.621621713513513541e+01	9.788381916687249884e-02	2.925942617685499125e-01
1.641641733433433714e+01	1.005600673656643629e-01	3.003398989337529024e-01
1.661661753353353532e+01	1.032893048853059659e-01	3.081768756709859503e-01
1.681681773273273350e+01	1.060719262736417035e-01	3.161022921382014017e-01
1.701701793193193524e+01	1.089083084382563849e-01	3.241131265551295826e-01
1.721721813113113342e+01	1.117988100350476577e-01	3.322062384298328230e-01
1.741741833033033160e+01	1.147437708623223473e-01	3.403783720594381057e-01
1.761761852952952978e+01	1.177435112612414403e-01	3.486261602991072017e-01
1.781781872872873151e+01	1.207983315234457122e-01	3.569461285924364624e-01
1.801801892792792970e+01	1.239085113067011079e-01	3.653346992556172346e-01
1.821821912712712788e+01	1.270743090594035896e-01	3.737881960068546450e-01
1.841841932632632961e+01	1.302959614547883893e-01	3.823028487317201018e-01
1.861861952552552779e+01	1.335736828356913208e-01	3.908747984743313753e-01
1.881881972472472597e+01	1.369076646707049205e-01	3.995001026434883418e-01
1.901901992392392415e+01	1.402980750225780726e-01	4.081747404221656161e-01
1.921922012312312589e+01	1.437450580296976144e-01	4.168946183680745099e-01
1.941942032232232407e+01	1.472487334014928040e-01	4.256555761923487835e-01
1.961962052152152225e+01	1.508091959285925987e-01	4.344533927028034759e-01
1.981982072072072398e+01	1.544265150085620819e-01	4.432837918976416658e-01
2.002002091991992216e+01	1.581007341880350525e-01	4.521424491949695978e-01
2.022022111911912035e+01	1.618318707220472441e-01	4.610249977830094270e-01
2.042042131831831853e+01	1.656199151513676471e-01	4.699270350754732872e-01
2.062062151751752026e+01	1.694648308986079210e-01	4.788441292562036766e-01
2.082082171671671844e+01	1.733665538838773390e-01	4.877718258968667953e-01
2.102102191591591662e+01	1.773249921607354951e-01	4.967056546312355603e-01
2.122122211511511836e+01	1.813400255731749677e-01	5.056411358693952973e-01
2.142142231431431654e+01	1.854115054343484226e-01	5.145737875350681056e-01
2.162162251351351472e+01	1.895392542277363201e-01	5.234991318091738455e-01
2.182182271271271645e+01	1.937230653314236939e-01	5.324127018627143881e-01
2.202202291191191463e+01	1.979627027661371441e-01	5.413100485621169522e-01
2.222222311111111281e+01	2.022579009676658268e-01	5.501867471302601675e-01
2.242242331031031100e+01	2.066083645842624605e-01	5.590384037465653266e-01
2.262262350950951273e+01	2.110137682995955610e-01	5.678606620697492779e-01
2.282282370870871091e+01	2.154737566817947481e-01	5.766492096671036460e-01
2.302302390790790909e+01	2.199879440590987723e-01	5.853997843344944663e-01
2.322322410710711083e+01	2.245559144225876547e-01	5.941081802916524657e-01
2.342342430630630901e+01	2.291772213564456928e-01	6.027702542377628703e-01
2.362362450550550719e+01	2.338513879961687247e-01	6.113819312528441241e-01
2.382382470470470537e+01	2.385779070150956804e-01	6.199392105309387002e-01
2.402402490390390710e+01	2.433562406396064803e-01	6.284381709317181652e-01
2.422422510310310528e+01	2.481858206932934796e-01	6.368749763377271611e-01
2.442442530230230346e+01	2.530660486703757428e-01	6.452458808051561023e-01
2.462462550150150520e+01	2.579962958385845218e-01	6.535472334967296071e-01
2.482482570070070338e+01	2.629759033717135042e-01	6.617754833860394204e-01
2.502502589989990156e+01	2.680041825119824361e-01	6.699271837234159754e-01
2.522522609909909974e+01	2.730804147623253630e-01	6.779989962542295467e-01
2.542542629829830148e+01	2.782038521086723781e-01	6.859876951813337342e-01
2.562562649749749966e+01	2.833737172722503583e-01	6.938901708642074562e-01
2.582582669669669784e+01	2.885892039918900309e-01	7.017034332482151582e-01
2.602602689589589957e+01	2.938494773362783641e-01	7.094246150182742516e-01
2.622622709509509775e+01	2.991536740460570831e-01	7.170509744721110801e-01
2.642642729429429593e+01	3.045009029056228167e-01	7.245798981091788882e-01
2.662662749349349411e+01	3.098902451444407458e-01	7.320089029322035534e-01
2.682682769269269585e+01	3.153207548676414396e-01	7.393356384592253416e-01
2.702702789189189403e+01	3.207914595156259319e-01	7.465578884448921260e-01
2.722722809109109221e+01	3.263013603523627904e-01	7.536735723106510187e-01
2.742742829029029394e+01	3.318494329820153022e-01	7.606807462843516721e-01
2.762762848948949213e+01	3.374346278934945431e-01	7.675776042506434749e-01
2.782782868868869031e+01	3.430558710324963512e-01	7.743624783143874257e-01
2.802802888788788849e+01	3.487120644005296533e-01	7.810338390801262465e-01
2.822822908708709022e+01	3.544020866804096226e-01	7.875902956514586606e-01
2.842842928628628840e+01	3.601247938876446231e-01	7.940305953549338103e-01
2.862862948548548658e+01	3.658790200471077059e-01	8.003536231938301881e-01
2.882882968468468832e+01	3.716635778943407908e-01	8.065584010378914481e-01
2.902902988388388650e+01	3.774772596008041381e-01	8.126440865557776894e-01
2.922923008308308468e+01	3.833188375223465227e-01	8.186099718976286299e-01
2.942943028228228286e+01	3.891870649701305585e-01	8.244554821357450436e-01
2.962963048148148459e+01	3.950806770032168069e-01	8.301801734719619352e-01
2.982983068068068278e+01	4.009983912419731733e-01	8.357837312208102887e-01
3.003003087987988096e+01	4.069389087014437245e-01	8.412659675780522761e-01
3.023023107907908269e+01	4.129009146437790934e-01	8.466268191846126889e-01
3.043043127827828087e+01	4.188830794487982123e-01	8.518663444963274767e-01
3.063063147747747905e+01	4.248840595017265853e-01	8.569847209702823321e-01
3.083083167667668079e+01	4.309024980971225549e-01	8.619822420788234574e-01
3.103103187587587897e+01	4.369370263579804292e-01	8.668593141625793308e-01
3.123123207507507715e+01	4.429862641689760183e-01	8.716164531340548915e-01
3.143143227427427533e+01	4.490488211227919302e-01	8.762542810435272056e-01
3.163163247347347706e+01	4.551232974784444885e-01	8.807735225190982398e-01
3.183183267267267524e+01	4.612082851305097653e-01	8.851750010928454149e-01
3.203203287187186987e+01	4.673023685881331213e-01	8.894596354250468018e-01
3.223223307107107161e+01	4.734041259626856624e-01	8.936284354384559370e-01
3.243243327027026623e+01	4.795121299629193645e-01	8.976824983745548270e-01
3.263263346946946797e+01	4.856249488964635153e-01	9.016230047836317762e-01
3.283283366866866970e+01	4.917411476764854683e-01	9.054512144604021096e-01
3.303303386786786433e+01	4.978592888323421506e-01	9.091684623367346507e-01
3.323323406706706606e+01	5.039779335230331059e-01	9.127761543428452029e-01
3.343343426626626780e+01	5.100956425522630289e-01	9.162757632480895698e-01
3.363363446546546243e+01	5.162109773839238525e-01	9.196688244922301969e-01
3.383383466466466416e+01	5.223225011568009002e-01	9.229569320177531955e-01
3.403403486386386589e+01	5.284287796973070606e-01	9.261417341134928760e-01
3.423423506306306052e+01	5.345283825290617630e-01	9.292249292794816373e-01
3.443443526226226226e+01	5.406198838781253180e-01	9.322082621225651344e-01
3.463463546146146399e+01	5.467018636727120073e-01	9.350935192919366257e-01
3.483483566066065862e+01	5.527729085362160788e-01	9.378825254633342823e-01
3.503503585985986035e+01	5.588316127723923499e-01	9.405771393802158098e-01
3.523523605905905498e+01	5.648765793415447822e-01	9.431792499597848600e-01
3.543543625825825671e+01	5.709064208265984819e-01	9.456907724712888541e-01
3.563563645745745845e+01	5.769197603879360203e-01	9.481136447935416545e-01
3.583583665665665308e+01	5.829152327059087257e-01	9.504498237581544551e-01
3.603603685585585481e+01	5.888914849099460280e-01	9.527012815844760896e-01
3.623623705505505654e+01	5.948471774932082567e-01	9.548700024117638963e-01
3.643643725425425117e+01	6.007809852117582672e-01	9.569579789336188913e-01
3.663663745345345291e+01	6.066915979672441450e-01	9.589672091392384967e-01
3.683683765265265464e+01	6.125777216721154383e-01	9.608996931655507945e-01
3.703703785185184927e+01	6.184380790964266739e-01	9.627574302638244319e-01
3.723723805105105100e+01	6.242714106953056730e-01	9.645424158838660222e-01
3.743743825025025274e+01	6.300764754161991554e-01	9.662566388784579186e-01
3.763763844944944736e+01	6.358520514850387606e-01	9.679020788302281630e-01
3.783783864864864910e+01	6.415969371705078084e-01	9.694807035026987707e-01
3.803803884784784373e+01	6.473099515256146574e-01	9.709944664168231876e-01
3.823823904704704546e+01	6.529899351058291446e-01	9.724453045539017682e-01
3.843843924624624719e+01	6.586357506630596825e-01	9.738351361853535559e-01
3.863863944544544182e+01	6.642462838147987769e-01	9.751658588294322971e-01
3.883883964464464356e+01	6.698204436877980283e-01	9.764393473345950314e-01
3.903903984384384529e+01	6.753571635356719893e-01	9.776574520888698938e-01
3.923924004304303992e+01	6.808554013298757646e-01	9.788219973542308106e-01
3.943944024224224165e+01	6.863141403235384352e-01	9.799347797246564795e-01
3.963964044144144339e+01	6.917323895876761330e-01	9.809975667062476035e-01
3.983984064064063801e+01	6.971091845193524428e-01	9.820120954174887951e-01
4.004004083983983975e+01	7.024435873213967785e-01	9.829800714074710122e-01
4.024024103903904148e+01	7.077346874533292365e-01	9.839031675896443563e-01
4.044044123823823611e+01	7.129816020531922760e-01	9.847830232884405843e-01
4.064064143743743784e+01	7.181834763300249946e-01	9.856212433958935204e-01
4.084084163663663247e+01	7.233394839267611731e-01	9.864193976351991466e-01
4.104104183583583421e+01	7.284488272533802267e-01	9.871790199279819600e-01
4.124124203503503594e+01	7.335107377901756154e-01	9.879016078618867436e-01
4.144144223423423057e+01	7.385244763610563368e-01	9.885886222549775670e-01
4.164164243343343230e+01	7.434893333768340939e-01	9.892414868133162509e-01
4.184184263263263404e+01	7.484046290484931419e-01	9.898615878779919441e-01
4.204204283183182866e+01	7.532697135704842228e-01	9.904502742577960817e-01
4.224224303103103040e+01	7.580839672741233048e-01	9.910088571436752591e-01
4.244244323023023213e+01	7.628468007512156923e-01	9.915386101010494890e-01
4.264264342942942676e+01	7.675576549480703781e-01	9.920407691360495495e-01
4.284284362862862849e+01	7.722160012301086951e-01	9.925165328317174795e-01
4.304304382782783023e+01	7.768213414173041897e-01	9.929670625502098336e-01
4.324324402702702486e+01	7.813732077907402651e-01	9.933934826970562959e-01
4.344344422622622659e+01	7.858711630705985662e-01	9.937968810435544587e-01
4.364364442542542832e+01	7.903148003659337117e-01	9.941783091034156472e-01
4.384384462462462295e+01	7.947037430966246152e-01	9.945387825598295262e-01
4.404404482382382469e+01	7.990376448879266125e-01	9.948792817391713950e-01
4.424424502302301931e+01	8.033161894380774770e-01	9.952007521276462487e-01
4.444444522222222105e+01	8.075390903594549252e-01	9.955041049272428388e-01
4.464464542142142278e+01	8.117060909937962032e-01	9.957902176474554556e-01
4.484484562062061741e+01	8.158169642020387524e-01	9.960599347293237482e-01
4.504504581981981914e+01	8.198715121293549402e-01	9.963140681984444802e-01
4.524524601901902088e+01	8.238695659459871479e-01	9.965533983437100396e-01
4.544544621821821551e+01	8.278109855645171544e-01	9.967786744186415415e-01
4.564564641741741724e+01	8.316956593342238468e-01	9.969906153623009359e-01
4.584584661661661897e+01	8.355235037132064946e-01	9.971899105368802196e-01
4.604604681581581360e+01	8.392944629189776906e-01	9.973772204791934159e-01
4.624624701501501534e+01	8.430085085582430526e-01	9.975531776634151138e-01
4.644644721421421707e+01	8.466656392366068706e-01	9.977183872725396974e-01
4.664664741341341170e+01	8.502658801489626494e-01	9.978734279761580783e-01
4.684684761261261343e+01	8.538092826513368205e-01	9.980188527122779707e-01
4.704704781181180806e+01	8.572959238149731043e-01	9.981551894710405382e-01
4.724724801101100979e+01	8.607259059634569942e-01	9.982829420783132512e-01
4.744744821021021153e+01	8.640993561936870515e-01	9.984025909772619167e-01
4.764764840940940616e+01	8.674164258815162398e-01	9.985145940061332936e-01
4.784784860860860789e+01	8.706772901728877523e-01	9.986193871705986158e-01
4.804804880780780962e+01	8.738821474613001072e-01	9.987173854091315750e-01
4.824824900700700425e+01	8.770312188524412855e-01	9.988089833500072290e-01
4.844844920620620599e+01	8.801247476168361228e-01	9.988945560586329764e-01
4.864864940540540772e+01	8.831629986313485059e-01	9.989744597740219945e-01
4.884884960460460235e+01	8.861462578103884713e-01	9.990490326333401061e-01
4.904904980380380408e+01	8.890748315276685299e-01	9.991185953835552969e-01
4.924925000300300582e+01	8.919490460293519885e-01	9.991834520793232421e-01
4.944945020220220044e+01	8.947692468394352616e-01	9.992438907663391268e-01
4.964965040140140218e+01	8.975357981581992828e-01	9.993001841494819626e-01
4.984985060060059681e+01	9.002490822545606841e-01	9.993525902451636522e-01
5.005005079979979854e+01	9.029094988531451982e-01	9.994013530173856408e-01
5.025025099899900027e+01	9.055174645168988512e-01	9.994467029970832694e-01
5.045045119819819490e+01	9.080734120260421927e-01	9.994888578844176585e-01
5.065065139739739664e+01	9.105777897541611487e-01	9.995280231337482224e-01
5.085085159659659837e+01	9.130310610422198714e-01	9.995643925210851988e-01
5.105105179579579300e+01	9.154337035712631909e-01	9.995981486938922966e-01
5.125125199499499473e+01	9.177862087345689535e-01	9.996294637031618580e-01
5.145145219419419647e+01	9.200890810099873196e-01	9.996584995177487665e-01
5.165165239339339109e+01	9.223428373331988839e-01	9.996854085209996299e-01
5.185185259259259283e+01	9.245480064725977165e-01	9.997103339897603913e-01
5.205205279179179456e+01	9.267051284064935501e-01	9.997334105558928208e-01
5.225225299099098919e+01	9.288147537033075718e-01	9.997547646504713059e-01
5.245245319019019092e+01	9.308774429054190724e-01	9.997745149308682189e-01
5.265265338938939266e+01	9.328937659172966690e-01	9.997927726909695556e-01
5.285285358858858729e+01	9.348643013985338257e-01	9.998096422547952944e-01
5.305305378778778902e+01	9.367896361623834212e-01	9.998252213538244559e-01
5.325325398698698365e+01	9.386703645803657903e-01	9.998396014883512706e-01
5.345345418618618538e+01	9.405070879935049089e-01	9.998528682732170658e-01
5.365365438538538712e+01	9.423004141307238513e-01	9.998651017682851361e-01
5.385385458458458174e+01	9.440509565349075594e-01	9.998763767940395120e-01
5.405405478378378348e+01	9.457593339971224200e-01	9.998867632327015365e-01
5.425425498298298521e+01	9.474261699994523944e-01	9.998963263152715886e-01
5.445445518218217984e+01	9.490520921668970100e-01	9.999051268949097349e-01
5.465465538138138157e+01	9.506377317287448836e-01	9.999132217070767492e-01
5.485485558058058331e+01	9.521837229898180155e-01	9.999206636168636031e-01
5.505505577977977794e+01	9.536907028119584462e-01	9.999275018539360849e-01
5.525525597897897967e+01	9.551593101061042201e-01	9.999337822355276462e-01
5.545545617817818140e+01	9.565901853352768436e-01	9.999395473779104648e-01
5.565565637737737603e+01	9.579839700287824389e-01	9.999448368967711609e-01
5.585585657657657777e+01	9.593413063079035963e-01	9.999496875969218213e-01
5.605605677577577239e+01	9.606628364233342765e-01	9.999541336517618895e-01
5.625625697497497413e+01	9.619492023045913554e-01	9.999582067729135826e-01
5.645645717417417586e+01	9.632010451216084235e-01	9.999619363704352892e-01
5.665665737337337049e+01	9.644190048587003572e-01	9.999653497040204009e-01
5.685685757257257222e+01	9.656037199010605310e-01	9.999684720255743731e-01
5.705705777177177396e+01	9.667558266339330020e-01	9.999713267135583727e-01
5.725725797097096859e+01	9.678759590545809033e-01	9.999739353994758773e-01
5.745745817017017032e+01	9.689647483971493003e-01	9.999763180868705970e-01
5.765765836936937205e+01	9.700228227705014472e-01	9.999784932631947676e-01
5.785785856856856668e+01	9.710508068090872857e-01	9.999804780048955344e-01
5.805805876776776842e+01	9.720493213368823771e-01	9.999822880760542709e-01
5.825825896696697015e+01	9.730189830444164745e-01	9.999839380209084583e-01
5.845845916616616478e+01	9.739604041788936239e-01	9.999854412505697621e-01
5.865865936536536651e+01	9.748741922473835864e-01	9.999868101242421758e-01
5.885885956456456114e+01	9.757609497330526072e-01	9.999880560252345507e-01
5.905905976376376287e+01	9.766212738243778002e-01	9.999891894320493968e-01
5.925925996296296461e+01	9.774557561572800868e-01	9.999902199848174078e-01
5.945946016216215924e+01	9.782649825700855395e-01	9.999911565473409425e-01
5.965966036136136097e+01	9.790495328712220946e-01	9.999920072649917113e-01
5.985986056056056270e+01	9.798099806195290640e-01	9.999927796187045859e-01
6.006006075975975733e+01	9.805468929170571002e-01	9.999934804752930173e-01
6.026026095895895907e+01	9.812608302142127314e-01	9.999941161343055551e-01
6.046046115815816080e+01	9.819523461270930342e-01	9.999946923716285241e-01
6.066066135735735543e+01	9.826219872668440214e-01	9.999952144800354770e-01
6.086086155655655716e+01	9.832702930808632225e-01	9.999956873068687191e-01
6.106106175575575890e+01	9.838977957056580514e-01	9.999961152890330940e-01
6.126126195495495352e+01	9.845050198311580125e-01	9.999965024854708950e-01
6.146146215415415526e+01	9.850924825762745751e-01	9.999968526072788855e-01
6.166166235335335699e+01	9.856606933754881172e-01	9.999971690456195272e-01
6.186186255255255162e+01	9.862101538762361175e-01	9.999974548975708588e-01
6.206206275175175335e+01	9.867413578468696711e-01	9.999977129900509132e-01
6.226226295095094798e+01	9.872547910949354133e-01	9.999979459019450179e-01
6.246246315015014972e+01	9.877509313955374903e-01	9.999981559845578793e-01
6.266266334934935145e+01	9.882302484295243383e-01	9.999983453805045830e-01
6.286286354854854608e+01	9.886932037312436972e-01	9.999985160411473117e-01
6.306306374774774781e+01	9.891402506456019594e-01	9.999986697426808124e-01
6.326326394694694955e+01	9.895718342941612899e-01	9.999988081009596463e-01
6.346346414614614417e+01	9.899883915500038434e-01	9.999989325851583732e-01
6.366366434534534591e+01	9.903903510210905203e-01	9.999990445303468256e-01
6.386386454454454764e+01	9.907781330418381494e-01	9.999991451490608529e-01
6.406406474374374227e+01	9.911521496726382052e-01	9.999992355419400347e-01
6.426426494294294400e+01	9.915128047070380646e-01	9.999993167075027500e-01
6.446446514214214574e+01	9.918604936863052446e-01	9.999993895511218867e-01
6.466466534134134747e+01	9.921956039210961809e-01	9.999994548932618077e-01
6.486486554054053499e+01	9.925185145199482140e-01	9.999995134770319760e-01
6.506506573973973673e+01	9.928295964243167848e-01	9.999995659751106380e-01
6.526526593893893846e+01	9.931292124498796170e-01	9.999996129960851965e-01
6.546546613813814020e+01	9.934177173338317735e-01	9.999996550902572334e-01
6.566566633733734193e+01	9.936954577878966965e-01	9.999996927549512638e-01
6.586586653653654366e+01	9.939627725567796723e-01	9.999997264393688523e-01
6.606606673573573119e+01	9.942199924817964884e-01	9.999997565490230667e-01
6.626626693493493292e+01	9.944674405694065022e-01	9.999997834497873495e-01
6.646646713413413465e+01	9.947054320643899938e-01	9.999998074715901186e-01
6.666666733333333639e+01	9.949342745274074584e-01	9.999998289117838501e-01
6.686686753253253812e+01	9.951542679166847094e-01	9.999998480382148447e-01
6.706706773173172564e+01	9.953657046735725489e-01	9.999998650920198795e-01
6.726726793093092738e+01	9.955688698117304281e-01	9.999998802901717276e-01
6.746746813013012911e+01	9.957640410096939565e-01	9.999998938277940841e-01
6.766766832932933085e+01	9.959514887065861188e-01	9.999999058802662155e-01
6.786786852852853258e+01	9.961314762007369428e-01	9.999999166051353194e-01
6.806806872772773431e+01	9.963042597509862430e-01	9.999999261438530240e-01
6.826826892692692184e+01	9.964700886804438440e-01	9.999999346233503505e-01
6.846846912612612357e+01	9.966292054824913427e-01	9.999999421574674585e-01
6.866866932532532530e+01	9.967818459288111388e-01	9.999999488482471666e-01
6.886886952452452704e+01	9.969282391792391174e-01	9.999999547871091243e-01
6.906906972372372877e+01	9.970686078932387009e-01	9.999999600559108526e-01
6.926926992292293050e+01	9.972031683428017601e-01	9.999999647279085302e-01
6.946947012212211803e+01	9.973321305265887560e-01	9.999999688686250776e-01
6.966967032132131976e+01	9.974556982851248144e-01	9.999999725366349734e-01
6.986987052052052150e+01	9.975740694168748757e-01	9.999999757842731318e-01
7.007007071971972323e+01	9.976874357950294980e-01	9.999999786582740580e-01
7.027027091891892496e+01	9.977959834848344478e-01	9.999999812003486088e-01
7.047047111811811249e+01	9.978998928613083130e-01	9.999999834477042437e-01
7.067067131731731422e+01	9.979993387271954841e-01	9.999999854335130944e-01
7.087087151651651595e+01	9.980944904310076193e-01	9.999999871873338497e-01
7.107107171571571769e+01	9.981855119850162605e-01	9.999999887354912298e-01
7.127127191491491942e+01	9.982725621830610407e-01	9.999999901014170467e-01
7.147147211411412115e+01	9.983557947180469183e-01	9.999999913059571810e-01
7.167167231331330868e+01	9.984353582990077580e-01	9.999999923676468061e-01
7.187187251251251041e+01	9.985113967676233493e-01	9.999999933029575239e-01
7.207207271171171215e+01	9.985840492140749536e-01	9.999999941265198533e-01
7.227227291091091388e+01	9.986534500921420143e-01	9.999999948513215164e-01
7.247247311011011561e+01	9.987197293334346693e-01	9.999999954888856291e-01
7.267267330930930314e+01	9.987830124606740245e-01	9.999999960494311280e-01
7.287287350850850487e+01	9.988434206999313725e-01	9.999999965420146575e-01
7.307307370770770660e+01	9.989010710917436420e-01	9.999999969746589112e-01
7.327327390690690834e+01	9.989560766010281423e-01	9.999999973544670961e-01
7.347347410610611007e+01	9.990085462257274340e-01	9.999999976877245178e-01
7.367367430530531180e+01	9.990585851041142718e-01	9.999999979799898409e-01
7.387387450450449933e+01	9.991062946206968887e-01	9.999999982361766904e-01
7.407407470370370106e+01	9.991517725106680015e-01	9.999999984606262604e-01
7.427427490290290280e+01	9.991951129628435790e-01	9.999999986571715960e-01
7.447447510210210453e+01	9.992364067210460776e-01	9.999999988291954356e-01
7.467467530130130626e+01	9.992757411838848469e-01	9.999999989796817257e-01
7.487487550050050800e+01	9.993132005028999565e-01	9.999999991112609177e-01
7.507507569969969552e+01	9.993488656790283642e-01	9.999999992262508242e-01
7.527527589889889725e+01	9.993828146573668914e-01	9.999999993266925902e-01
7.547547609809809899e+01	9.994151224202011408e-01	9.999999994143826676e-01
7.567567629729730072e+01	9.994458610782770425e-01	9.999999994909017920e-01
7.587587649649650245e+01	9.994750999602979302e-01	9.999999995576394074e-01
7.607607669569568998e+01	9.995029057006266093e-01	9.999999996158166482e-01
7.627627689489489171e+01	9.995293423251818687e-01	9.999999996665063229e-01
7.647647709409409345e+01	9.995544713355185573e-01	9.999999997106496785e-01
7.667667729329329518e+01	9.995783517910833416e-01	9.999999997490731651e-01
7.687687749249249691e+01	9.996010403896424812e-01	9.999999997825008702e-01
7.707707769169169865e+01	9.996225915458801792e-01	9.999999998115678412e-01
7.727727789089088617e+01	9.996430574681675063e-01	9.999999998368305221e-01
7.747747809009008790e+01	9.996624882335073403e-01	9.999999998587754124e-01
7.767767828928928964e+01	9.996809318606583172e-01	9.999999998778288379e-01
7.787787848848849137e+01	9.996984343814490082e-01	9.999999998943636115e-01
7.807807868768769310e+01	9.997150399102887608e-01	9.999999999087053615e-01
7.827827888688689484e+01	9.997307907118917480e-01	9.999999999211386381e-01
7.847847908608608236e+01	9.997457272672232165e-01	9.999999999319122423e-01
7.867867928528528410e+01	9.997598883376883627e-01	9.999999999412427787e-01
7.887887948448448583e+01	9.997733110275759394e-01	9.999999999493195402e-01
7.907907968368368756e+01	9.997860308447815703e-01	9.999999999563076170e-01
7.927927988288288930e+01	9.997980817598244307e-01	9.999999999623505609e-01
7.947948008208207682e+01	9.998094962631834948e-01	9.999999999675737161e-01
7.967968028128127855e+01	9.998203054209739982e-01	9.999999999720858845e-01
7.987988048048048029e+01	9.998305389289878775e-01	9.999999999759821012e-01
8.008008067967968202e+01	9.998402251651232753e-01	9.999999999793445227e-01
8.028028087887888375e+01	9.998493912402285355e-01	9.999999999822450913e-01
8.048048107807808549e+01	9.998580630473871134e-01	9.999999999847457577e-01
8.068068127727727301e+01	9.998662653096709318e-01	9.999999999869007006e-01
8.088088147647647475e+01	9.998740216263892755e-01	9.999999999887566604e-01
8.108108167567567648e+01	9.998813545178621975e-01	9.999999999903544934e-01
8.128128187487487821e+01	9.998882854687468624e-01	9.999999999917292826e-01
8.148148207407407995e+01	9.998948349699464666e-01	9.999999999929116701e-01
8.168168227327326747e+01	9.999010225591311585e-01	9.999999999939279682e-01
8.188188247247246920e+01	9.999068668599011556e-01	9.999999999948010476e-01
8.208208267167167094e+01	9.999123856196205917e-01	9.999999999955508923e-01
8.228228287087087267e+01	9.999175957459560671e-01	9.999999999961943775e-01
8.248248307007007440e+01	9.999225133421456579e-01	9.999999999967463804e-01
8.268268326926927614e+01	9.999271537410319155e-01	9.999999999972197795e-01
8.288288346846846366e+01	9.999315315378886071e-01	9.999999999976254550e-01
8.308308366766766540e+01	9.999356606220711763e-01	9.999999999979728438e-01
8.328328386686686713e+01	9.999395542075210086e-01	9.999999999982702725e-01
8.348348406606606886e+01	9.999432248621544783e-01	9.999999999985248467e-01
8.368368426526527060e+01	9.999466845361656420e-01	9.999999999987425614e-01
8.388388446446447233e+01	9.999499445892738869e-01	9.999999999989286348e-01
8.408408466366365985e+01	9.999530158169434024e-01	9.999999999990876187e-01
8.428428486286286159e+01	9.999559084756066696e-01	9.999999999992235100e-01
8.448448506206206332e+01	9.999586323069191707e-01	9.999999999993394173e-01
8.468468526126126505e+01	9.999611965610725184e-01	9.999999999994382271e-01
8.488488546046046679e+01	9.999636100191984234e-01	9.999999999995226041e-01
8.508508565965965431e+01	9.999658810148857047e-01	9.999999999995944355e-01
8.528528585885885605e+01	9.999680174548426503e-01	9.999999999996556088e-01
8.548548605805805778e+01	9.999700268387279323e-01	9.999999999997077893e-01
8.568568625725725951e+01	9.999719162781794957e-01	9.999999999997521982e-01
8.588588645645646125e+01	9.999736925150644051e-01	9.999999999997898348e-01
8.608608665565566298e+01	9.999753619389781800e-01	9.999999999998219202e-01
8.628628685485485050e+01	9.999769306040162675e-01	9.999999999998492317e-01
8.648648705405405224e+01	9.999784042448431887e-01	9.999999999998723244e-01
8.668668725325325397e+01	9.999797882920840042e-01	9.999999999998919753e-01
8.688688745245245570e+01	9.999810878870594166e-01	9.999999999999086286e-01
8.708708765165165744e+01	9.999823078958901545e-01	9.999999999999227285e-01
8.728728785085085917e+01	9.999834529229909563e-01	9.999999999999347189e-01
8.748748805005004670e+01	9.999845273239769128e-01	9.999999999999449329e-01
8.768768824924924843e+01	9.999855352180043733e-01	9.999999999999534817e-01
8.788788844844845016e+01	9.999864804995644008e-01	9.999999999999606981e-01
8.808808864764765190e+01	9.999873668497525347e-01	9.999999999999669154e-01
8.828828884684685363e+01	9.999881977470328476e-01	9.999999999999721334e-01
8.848848904604604115e+01	9.999889764775145018e-01	9.999999999999764633e-01
8.868868924524524289e+01	9.999897061447620139e-01	9.999999999999802380e-01
8.888888944444444462e+01	9.999903896791549895e-01	9.999999999999833467e-01
8.908908964364364635e+01	9.999910298468160930e-01	9.999999999999860112e-01
8.928928984284284809e+01	9.999916292581247923e-01	9.999999999999882316e-01
8.948949004204204982e+01	9.999921903758319797e-01	9.999999999999901190e-01
8.968969024124123735e+01	9.999927155227930076e-01	9.999999999999916733e-01
8.988989044044043908e+01	9.999932068893337966e-01	9.999999999999930056e-01
9.009009063963964081e+01	9.999936665402653357e-01	9.999999999999942268e-01
9.029029083883884255e+01	9.999940964215618955e-01	9.999999999999951150e-01
9.049049103803804428e+01	9.999944983667155007e-01	9.999999999999958922e-01
9.069069123723723180e+01	9.999948741027813170e-01	9.999999999999965583e-01
9.089089143643643354e+01	9.999952252561280508e-01	9.999999999999971134e-01
9.109109163563563527e+01	9.999955533579039102e-01	9.999999999999975575e-01
9.129129183483483700e+01	9.999958598492321160e-01	9.999999999999980016e-01
9.149149203403403874e+01	9.999961460861468421e-01	9.999999999999983347e-01
9.169169223323324047e+01	9.999964133442822423e-01	9.999999999999986677e-01
9.189189243243242800e+01	9.999966628233236676e-01	9.999999999999988898e-01
9.209209263163162973e+01	9.999968956512341745e-01	9.999999999999990008e-01
9.229229283083083146e+01	9.999971128882635396e-01	9.999999999999991118e-01
9.249249303003003320e+01	9.999973155307524397e-01	9.999999999999993339e-01
9.269269322922923493e+01	9.999975045147395658e-01	9.999999999999994449e-01
9.289289342842843666e+01	9.999976807193813322e-01	9.999999999999995559e-01
9.309309362762762419e+01	9.999978449701925065e-01	9.999999999999995559e-01
9.329329382682682592e+01	9.999979980421171977e-01	9.999999999999996669e-01
9.349349402602602765e+01	9.999981406624358637e-01	9.999999999999997780e-01
9.369369422522522939e+01	9.999982735135203304e-01	9.999999999999997780e-01
9.389389442442443112e+01	9.999983972354389294e-01	9.999999999999997780e-01
9.409409462362361865e+01	9.999985124284229698e-01	9.999999999999997780e-01
9.429429482282282038e+01	9.999986196552002049e-01	9.999999999999998890e-01
9.449449502202202211e+01	9.999987194432000681e-01	9.999999999999998890e-01
9.469469522122122385e+01	9.999988122866401152e-01	9.999999999999998890e-01
9.489489542042042558e+01	9.999988986484966702e-01	1.000000000000000000e+00
9.509509561961962731e+01	9.999989789623675573e-01	1.000000000000000000e+00
9.529529581881881484e+01	9.999990536342304726e-01	1.000000000000000000e+00
9.549549601801801657e+01	9.999991230441043211e-01	1.000000000000000000e+00
9.569569621721721830e+01	9.999991875476170744e-01	1.000000000000000000e+00
9.589589641641642004e+01	9.999992474774845874e-01	1.000000000000000000e+00
9.609609661561562177e+01	9.999993031449068148e-01	1.000000000000000000e+00
9.629629681481482351e+01	9.999993548408832034e-01	1.000000000000000000e+00
9.649649701401401103e+01	9.999994028374548094e-01	1.000000000000000000e+00
9.669669721321321276e+01	9.999994473888729196e-01	1.000000000000000000e+00
9.689689741241241450e+01	9.999994887327011694e-01	1.000000000000000000e+00
9.709709761161161623e+01	9.999995270908539347e-01	1.000000000000000000e+00
9.729729781081081796e+01	9.999995626705737717e-01	1.000000000000000000e+00
9.749749801001000549e+01	9.999995956653510154e-01	1.000000000000000000e+00
9.769769820920920722e+01	9.999996262557908633e-01	1.000000000000000000e+00
9.789789840840840895e+01	9.999996546104271689e-01	1.000000000000000000e+00
9.809809860760761069e+01	9.999996808864894948e-01	1.000000000000000000e+00
9.829829880680681242e+01	9.999997052306232037e-01	1.000000000000000000e+00
9.849849900600601416e+01	9.999997277795672490e-01	1.000000000000000000e+00
9.869869920520520168e+01	9.999997486607903330e-01	1.000000000000000000e+00
9.889889940440440341e+01	9.999997679930890948e-01	1.000000000000000000e+00
9.909909960360360515e+01	9.999997858871496614e-01	1.000000000000000000e+00
9.929929980280280688e+01	9.999998024460752255e-01	1.000000000000000000e+00
9.949950000200200861e+01	9.999998177658802057e-01	1.000000000000000000e+00
9.969970020120119614e+01	9.999998319359559851e-01	1.000000000000000000e+00
9.989990040040039787e+01	9.999998450395048977e-01	1.000000000000000000e+00
1.001001005995995996e+02	9.999998571539506775e-01	1.000000000000000000e+00
1.003003007987988013e+02	9.999998683513199316e-01	1.000000000000000000e+00
1.005005009979980031e+02	9.999998786986021848e-01	1.000000000000000000e+00
1.007007011971972048e+02	9.999998882580856119e-01	1.000000000000000000e+00
1.009009013963963923e+02	9.999998970876728954e-01	1.000000000000000000e+00
1.011011015955955941e+02	9.999999052411754352e-01	1.000000000000000000e+00
1.013013017947947958e+02	9.999999127685906819e-01	1.000000000000000000e+00
1.015015019939939975e+02	9.999999197163597087e-01	1.000000000000000000e+00
1.017017021931931993e+02	9.999999261276095730e-01	1.000000000000000000e+00
1.019019023923924010e+02	9.999999320423800242e-01	1.000000000000000000e+00
1.021021025915915885e+02	9.999999374978341127e-01	1.000000000000000000e+00
1.023023027907907903e+02	9.999999425284570309e-01	1.000000000000000000e+00
1.025025029899899920e+02	9.999999471662405215e-01	1.000000000000000000e+00
1.027027031891891937e+02	9.999999514408555168e-01	1.000000000000000000e+00
1.029029033883883955e+02	9.999999553798140095e-01	1.000000000000000000e+00
1.031031035875875830e+02	9.999999590086189327e-01	1.000000000000000000e+00
1.033033037867867847e+02	9.999999623509054913e-01	1.000000000000000000e+00
1.035035039859859864e+02	9.999999654285722794e-01	1.000000000000000000e+00
1.037037041851851882e+02	9.999999682619034047e-01	1.000000000000000000e+00
1.039039043843843899e+02	9.999999708696832856e-01	1.000000000000000000e+00
1.041041045835835916e+02	9.999999732693026777e-01	1.000000000000000000e+00
1.043043047827827792e+02	9.999999754768581495e-01	1.000000000000000000e+00
1.045045049819819809e+02	9.999999775072447861e-01	1.000000000000000000e+00
1.047047051811811826e+02	9.999999793742420096e-01	1.000000000000000000e+00
1.049049053803803844e+02	9.999999810905946251e-01	1.000000000000000000e+00
1.051051055795795861e+02	9.999999826680863180e-01	1.000000000000000000e+00
1.053053057787787878e+02	9.999999841176110404e-01	1.000000000000000000e+00
1.055055059779779754e+02	9.999999854492358509e-01	1.000000000000000000e+00
1.057057061771771771e+02	9.999999866722629749e-01	1.000000000000000000e+00
1.059059063763763788e+02	9.999999877952844285e-01	1.000000000000000000e+00
1.061061065755755806e+02	9.999999888262351977e-01	1.000000000000000000e+00
1.063063067747747823e+02	9.999999897724408671e-01	1.000000000000000000e+00
1.065065069739739698e+02	9.999999906406635830e-01	1.000000000000000000e+00
1.067067071731731716e+02	9.999999914371426879e-01	1.000000000000000000e+00
1.069069073723723733e+02	9.999999921676350212e-01	1.000000000000000000e+00
1.071071075715715750e+02	9.999999928374498914e-01	1.000000000000000000e+00
1.073073077707707768e+02	9.999999934514827160e-01	1.000000000000000000e+00
1.075075079699699785e+02	9.999999940142466626e-01	1.000000000000000000e+00
1.077077081691691660e+02	9.999999945299011817e-01	1.000000000000000000e+00
1.079079083683683677e+02	9.999999950022788742e-01	1.000000000000000000e+00
1.081081085675675695e+02	9.999999954349096942e-01	1.000000000000000000e+00
1.083083087667667712e+02	9.999999958310451520e-01	1.000000000000000000e+00
1.085085089659659729e+02	9.999999961936782977e-01	1.000000000000000000e+00
1.087087091651651605e+02	9.999999965255645940e-01	1.000000000000000000e+00
1.089089093643643622e+02	9.999999968292395680e-01	1.000000000000000000e+00
1.091091095635635639e+02	9.999999971070357985e-01	1.000000000000000000e+00
1.093093097627627657e+02	9.999999973610989024e-01	1.000000000000000000e+00
1.095095099619619674e+02	9.999999975934019680e-01	1.000000000000000000e+00
1.097097101611611691e+02	9.999999978057585448e-01	1.000000000000000000e+00
1.099099103603603567e+02	9.999999979998357436e-01	1.000000000000000000e+00
1.101101105595595584e+02	9.999999981771654500e-01	1.000000000000000000e+00
1.103103107587587601e+02	9.999999983391545388e-01	1.000000000000000000e+00
1.105105109579579619e+02	9.999999984870953096e-01	1.000000000000000000e+00
1.107107111571571636e+02	9.999999986221744797e-01	1.000000000000000000e+00
1.109109113563563653e+02	9.999999987454810668e-01	1.000000000000000000e+00
1.111111115555555529e+02	9.999999988580146049e-01	1.000000000000000000e+00
1.113113117547547546e+02	9.999999989606922490e-01	1.000000000000000000e+00
1.115115119539539563e+02	9.999999990543551043e-01	1.000000000000000000e+00
1.117117121531531581e+02	9.999999991397745536e-01	1.000000000000000000e+00
1.119119123523523598e+02	9.999999992176578090e-01	1.000000000000000000e+00
1.121121125515515473e+02	9.999999992886530187e-01	1.000000000000000000e+00
1.123123127507507490e+02	9.999999993533541520e-01	1.000000000000000000e+00
1.125125129499499508e+02	9.999999994123054403e-01	1.000000000000000000e+00
1.127127131491491525e+02	9.999999994660051517e-01	1.000000000000000000e+00
1.129129133483483542e+02	9.999999995149094767e-01	1.000000000000000000e+00
1.131131135475475560e+02	9.999999995594363034e-01	1.000000000000000000e+00
1.133133137467467435e+02	9.999999995999679925e-01	1.000000000000000000e+00
1.135135139459459452e+02	9.999999996368541533e-01	1.000000000000000000e+00
1.137137141451451470e+02	9.999999996704149741e-01	1.000000000000000000e+00
1.139139143443443487e+02	9.999999997009428876e-01	1.000000000000000000e+00
1.141141145435435504e+02	9.999999997287054576e-01	1.000000000000000000e+00
1.143143147427427522e+02	9.999999997539474883e-01	1.000000000000000000e+00
1.145145149419419397e+02	9.999999997768920235e-01	1.000000000000000000e+00
1.147147151411411414e+02	9.999999997977436772e-01	1.000000000000000000e+00
1.149149153403403432e+02	9.999999998166886339e-01	1.000000000000000000e+00
1.151151155395395449e+02	9.999999998338972018e-01	1.000000000000000000e+00
1.153153157387387466e+02	9.999999998495250342e-01	1.000000000000000000e+00
1.155155159379379342e+02	9.999999998637136844e-01	1.000000000000000000e+00
1.157157161371371359e+02	9.999999998765929377e-01	1.000000000000000000e+00
1.159159163363363376e+02	9.999999998882809216e-01	1.000000000000000000e+00
1.161161165355355394e+02	9.999999998988851058e-01	1.000000000000000000e+00
1.163163167347347411e+02	9.999999999085037450e-01	1.000000000000000000e+00
1.165165169339339428e+02	9.999999999172265452e-01	1.000000000000000000e+00
1.167167171331331303e+02	9.999999999251349969e-01	1.000000000000000000e+00
1.169169173323323321e+02	9.999999999323033739e-01	1.000000000000000000e+00
1.171171175315315338e+02	9.999999999387993999e-01	1.000000000000000000e+00
1.173173177307307355e+02	9.999999999446849142e-01	1.000000000000000000e+00
1.175175179299299373e+02	9.999999999500159831e-01	1.000000000000000000e+00
1.177177181291291248e+02	9.999999999548436769e-01	1.000000000000000000e+00
1.179179183283283265e+02	9.999999999592144029e-01	1.000000000000000000e+00
1.181181185275275283e+02	9.999999999631705716e-01	1.000000000000000000e+00
1.183183187267267300e+02	9.999999999667505968e-01	1.000000000000000000e+00
1.185185189259259317e+02	9.999999999699896724e-01	1.000000000000000000e+00
1.187187191251251335e+02	9.999999999729194400e-01	1.000000000000000000e+00
1.189189193243243210e+02	9.999999999755686542e-01	1.000000000000000000e+00
1.191191195235235227e+02	9.999999999779639603e-01	1.000000000000000000e+00
1.193193197227227245e+02	9.999999999801288952e-01	1.000000000000000000e+00
1.195195199219219262e+02	9.999999999820853303e-01	1.000000000000000000e+00
1.197197201211211279e+02	9.999999999838528053e-01	1.000000000000000000e+00
1.199199203203203297e+02	9.999999999854493060e-01	1.000000000000000000e+00
1.201201205195195172e+02	9.999999999868909306e-01	1.000000000000000000e+00
1.203203207187187189e+02	9.999999999881925561e-01	1.000000000000000000e+00
1.205205209179179207e+02	9.999999999893672831e-01	1.000000000000000000e+00
1.207207211171171224e+02	9.999999999904274350e-01	1.000000000000000000e+00
1.209209213163163241e+02	9.999999999913837812e-01	1.000000000000000000e+00
1.211211215155155116e+02	9.999999999922464244e-01	1.000000000000000000e+00
1.213213217147147134e+02	9.999999999930242467e-01	1.000000000000000000e+00
1.215215219139139151e+02	9.999999999937254636e-01	1.000000000000000000e+00
1.217217221131131168e+02	9.999999999943576245e-01	1.000000000000000000e+00
1.219219223123123186e+02	9.999999999949271690e-01	1.000000000000000000e+00
1.221221225115115203e+02	9.999999999954403140e-01	1.000000000000000000e+00
1.223223227107107078e+02	9.999999999959024999e-01	1.000000000000000000e+00
1.225225229099099096e+02	9.999999999963187225e-01	1.000000000000000000e+00
1.227227231091091113e+02	9.999999999966933117e-01	1.000000000000000000e+00
1.229229233083083130e+02	9.999999999970305975e-01	1.000000000000000000e+00
1.231231235075075148e+02	9.999999999973340215e-01	1.000000000000000000e+00
1.233233237067067165e+02	9.999999999976070253e-01	1.000000000000000000e+00
1.235235239059059040e+02	9.999999999978526066e-01	1.000000000000000000e+00
1.237237241051051058e+02	9.999999999980733190e-01	1.000000000000000000e+00
1.239239243043043075e+02	9.999999999982718268e-01	1.000000000000000000e+00
1.241241245035035092e+02	9.999999999984501287e-01	1.000000000000000000e+00
1.243243247027027110e+02	9.999999999986104449e-01	1.000000000000000000e+00
1.245245249019018985e+02	9.999999999987545518e-01	1.000000000000000000e+00
1.247247251011011002e+02	9.999999999988837818e-01	1.000000000000000000e+00
1.249249253003003020e+02	9.999999999989999111e-01	1.000000000000000000e+00
1.251251254994995037e+02	9.999999999991042721e-01	1.000000000000000000e+00
1.253253256986987054e+02	9.999999999991977528e-01	1.000000000000000000e+00
1.255255258978979072e+02	9.999999999992817967e-01	1.000000000000000000e+00
1.257257260970970947e+02	9.999999999993571809e-01	1.000000000000000000e+00
1.259259262962962964e+02	9.999999999994246824e-01	1.000000000000000000e+00
1.261261264954954981e+02	9.999999999994853006e-01	1.000000000000000000e+00
1.263263266946946999e+02	9.999999999995394795e-01	1.000000000000000000e+00
1.265265268938939016e+02	9.999999999995882183e-01	1.000000000000000000e+00
1.267267270930930891e+02	9.999999999996318500e-01	1.000000000000000000e+00
1.269269272922922909e+02	9.999999999996709299e-01	1.000000000000000000e+00
1.271271274914914926e+02	9.999999999997059019e-01	1.000000000000000000e+00
1.273273276906906943e+02	9.999999999997372102e-01	1.000000000000000000e+00
1.275275278898898961e+02	9.999999999997652989e-01	1.000000000000000000e+00
1.277277280890890978e+02	9.999999999997903899e-01	1.000000000000000000e+00
1.279279282882882853e+02	9.999999999998128164e-01	1.000000000000000000e+00
1.281281284874874871e+02	9.999999999998330225e-01	1.000000000000000000e+00
1.283283286866866888e+02	9.999999999998508970e-01	1.000000000000000000e+00
1.285285288858858905e+02	9.999999999998669953e-01	1.000000000000000000e+00
1.287287290850850923e+02	9.999999999998813172e-01	1.000000000000000000e+00
1.289289292842842940e+02	9.999999999998941957e-01	1.000000000000000000e+00
1.291291294834834957e+02	9.999999999999056310e-01	1.000000000000000000e+00
1.293293296826826975e+02	9.999999999999158451e-01	1.000000000000000000e+00
1.295295298818818992e+02	9.999999999999250599e-01	1.000000000000000000e+00
1.297297300810810725e+02	9.999999999999331646e-01	1.000000000000000000e+00
1.299299302802802742e+02	9.999999999999404920e-01	1.000000000000000000e+00
1.301301304794794760e+02	9.999999999999470424e-01	1.000000000000000000e+00
1.303303306786786777e+02	9.999999999999528155e-01	1.000000000000000000e+00
1.305305308778778794e+02	9.999999999999580336e-01	1.000000000000000000e+00
1.307307310770770812e+02	9.999999999999626965e-01	1.000000000000000000e+00
1.309309312762762829e+02	9.999999999999666933e-01	1.000000000000000000e+00
1.311311314754754846e+02	9.999999999999704681e-01	1.000000000000000000e+00
1.313313316746746864e+02	9.999999999999736877e-01	1.000000000000000000e+00
1.315315318738738881e+02	9.999999999999766853e-01	1.000000000000000000e+00
1.317317320730730899e+02	9.999999999999791278e-01	1.000000000000000000e+00
1.319319322722722632e+02	9.999999999999815703e-01	1.000000000000000000e+00
1.321321324714714649e+02	9.999999999999835687e-01	1.000000000000000000e+00
1.323323326706706666e+02	9.999999999999853451e-01	1.000000000000000000e+00
1.325325328698698684e+02	9.999999999999871214e-01	1.000000000000000000e+00
1.327327330690690701e+02	9.999999999999884537e-01	1.000000000000000000e+00
1.329329332682682718e+02	9.999999999999897859e-01	1.000000000000000000e+00
1.331331334674674736e+02	9.999999999999908962e-01	1.000000000000000000e+00
1.333333336666666753e+02	9.999999999999920064e-01	1.000000000000000000e+00
1.335335338658658770e+02	9.999999999999928946e-01	1.000000000000000000e+00
1.337337340650650788e+02	9.999999999999936717e-01	1.000000000000000000e+00
1.339339342642642805e+02	9.999999999999944489e-01	1.000000000000000000e+00
1.341341344634634538e+02	9.999999999999950040e-01	1.000000000000000000e+00
1.343343346626626555e+02	9.999999999999955591e-01	1.000000000000000000e+00
1.345345348618618573e+02	9.999999999999961142e-01	1.000000000000000000e+00
1.347347350610610590e+02	9.999999999999965583e-01	1.000000000000000000e+00
1.349349352602602607e+02	9.999999999999968914e-01	1.000000000000000000e+00
1.351351354594594625e+02	9.999999999999973355e-01	1.000000000000000000e+00
1.353353356586586642e+02	9.999999999999975575e-01	1.000000000000000000e+00
1.355355358578578659e+02	9.999999999999978906e-01	1.000000000000000000e+00
1.357357360570570677e+02	9.999999999999981126e-01	1.000000000000000000e+00
1.359359362562562694e+02	9.999999999999983347e-01	1.000000000000000000e+00
1.361361364554554712e+02	9.999999999999985567e-01	1.000000000000000000e+00
1.363363366546546445e+02	9.999999999999986677e-01	1.000000000000000000e+00
1.365365368538538462e+02	9.999999999999988898e-01	1.000000000000000000e+00
1.367367370530530479e+02	9.999999999999990008e-01	1.000000000000000000e+00
1.369369372522522497e+02	9.999999999999991118e-01	1.000000000000000000e+00
1.371371374514514514e+02	9.999999999999992228e-01	1.000000000000000000e+00
1.373373376506506531e+02	9.999999999999993339e-01	1.000000000000000000e+00
1.375375378498498549e+02	9.999999999999993339e-01	1.000000000000000000e+00
1.377377380490490566e+02	9.999999999999994449e-01	1.000000000000000000e+00
1.379379382482482583e+02	9.999999999999995559e-01	1.000000000000000000e+00
1.381381384474474601e+02	9.999999999999995559e-01	1.000000000000000000e+00
1.383383386466466618e+02	9.999999999999995559e-01	1.000000000000000000e+00
1.385385388458458635e+02	9.999999999999996669e-01	1.000000000000000000e+00
1.387387390450450368e+02	9.999999999999997780e-01	1.000000000000000000e+00
1.389389392442442386e+02	9.999999999999997780e-01	1.000000000000000000e+00
1.391391394434434403e+02	9.999999999999997780e-01	1.000000000000000000e+00
1.393393396426426420e+02	9.999999999999997780e-01	1.000000000000000000e+00
1.395395398418418438e+02	9.999999999999997780e-01	1.000000000000000000e+00
1.397397400410410455e+02	9.999999999999997780e-01	1.000000000000000000e+00
1.399399402402402472e+02	9.999999999999998890e-01	1.000000000000000000e+00
1.401401404394394490e+02	9.999999999999998890e-01	1.000000000000000000e+00
1.403403406386386507e+02	9.999999999999998890e-01	1.000000000000000000e+00
1.405405408378378525e+02	9.999999999999998890e-01	1.000000000000000000e+00
1.407407410370370542e+02	1.000000000000000000e+00	1.000000000000000000e+00
1.409409412362362275e+02	1.000000000000000000e+00	1.000000000000000000e+00
1.411411414354354292e+02	1.000000000000000000e+00	1.000000000000000000e+00
1.413413416346346310e+02	1.000000000000000000e+00	1.000000000000000000e+00
1.415415418338338327e+02	1.000000000000000000e+00	1.000000000000000000e+00
1.417417420330330344e+02	1.000000000000000000e+00	1.000000000000000000e+00
1.419419422322322362e+02	1.000000000000000000e+00	1.000000000000000000e+00
1.421421424314314379e+02	1.000000000000000000e+00	1.000000000000000000e+00
1.423423426306306396e+02	1.000000000000000000e+00	1.000000000000000000e+00
1.425425428298298414e+02	1.000000000000000000e+00	1.000000000000000000e+00
1.427427430290290431e+02	1.000000000000000000e+00	1.000000000000000000e+00
1.429429432282282448e+02	1.000000000000000000e+00	1.000000000000000000e+00
1.431431434274274181e+02	1.000000000000000000e+00	1.000000000000000000e+00
1.433433436266266199e+02	1.000000000000000000e+00	1.000000000000000000e+00
1.435435438258258216e+02	1.000000000000000000e+00	1.000000000000000000e+00
1.437437440250250233e+02	1.000000000000000000e+00	1.000000000000000000e+00
1.439439442242242251e+02	1.000000000000000000e+00	1.000000000000000000e+00
1.441441444234234268e+02	1.000000000000000000e+00	1.000000000000000000e+00
1.443443446226226285e+02	1.000000000000000000e+00	1.000000000000000000e+00
1.445445448218218303e+02	1.000000000000000000e+00	1.000000000000000000e+00
1.447447450210210320e+02	1.000000000000000000e+00	1.000000000000000000e+00
1.449449452202202338e+02	1.000000000000000000e+00	1.000000000000000000e+00
1.451451454194194355e+02	1.000000000000000000e+00	1.000000000000000000e+00
1.453453456186186088e+02	1.000000000000000000e+00	1.000000000000000000e+00
1.455455458178178105e+02	1.000000000000000000e+00	1.000000000000000000e+00
1.457457460170170123e+02	1.000000000000000000e+00	1.000000000000000000e+00
1.459459462162162140e+02	1.000000000000000000e+00	1.000000000000000000e+00
1.461461464154154157e+02	1.000000000000000000e+00	1.000000000000000000e+00
1.463463466146146175e+02	1.000000000000000000e+00	1.000000000000000000e+00
1.465465468138138192e+02	1.000000000000000000e+00	1.000000000000000000e+00
1.467467470130130209e+02	1.000000000000000000e+00	1.000000000000000000e+00
1.469469472122122227e+02	1.000000000000000000e+00	1.000000000000000000e+00
1.471471474114114244e+02	1.000000000000000000e+00	1.000000000000000000e+00
1.473473476106106261e+02	1.000000000000000000e+00	1.000000000000000000e+00
1.475475478098098279e+02	1.000000000000000000e+00	1.000000000000000000e+00
1.477477480090090012e+02	1.000000000000000000e+00	1.000000000000000000e+00
1.479479482082082029e+02	1.000000000000000000e+00	1.000000000000000000e+00
1.481481484074074046e+02	1.000000000000000000e+00	1.000000000000000000e+00
1.483483486066066064e+02	1.000000000000000000e+00	1.000000000000000000e+00
1.485485488058058081e+02	1.000000000000000000e+00	1.000000000000000000e+00
1.487487490050050098e+02	1.000000000000000000e+00	1.000000000000000000e+00
1.489489492042042116e+02	1.000000000000000000e+00	1.000000000000000000e+00
1.491491494034034133e+02	1.000000000000000000e+00	1.000000000000000000e+00
1.493493496026026151e+02	1.000000000000000000e+00	1.000000000000000000e+00
1.495495498018018168e+02	1.000000000000000000e+00	1.000000000000000000e+00
1.497497500010010185e+02	1.000000000000000000e+00	1.000000000000000000e+00
1.499499502002001918e+02	1.000000000000000000e+00	1.000000000000000000e+00
1.501501503993993936e+02	1.000000000000000000e+00	1.000000000000000000e+00
1.503503505985985953e+02	1.000000000000000000e+00	1.000000000000000000e+00
1.505505507977977970e+02	1.000000000000000000e+00	1.000000000000000000e+00
1.507507509969969988e+02	1.000000000000000000e+00	1.000000000000000000e+00
1.509509511961962005e+02	1.000000000000000000e+00	1.000000000000000000e+00
1.511511513953954022e+02	1.000000000000000000e+00	1.000000000000000000e+00
1.513513515945946040e+02	1.000000000000000000e+00	1.000000000000000000e+00
1.515515517937938057e+02	1.000000000000000000e+00	1.000000000000000000e+00
1.517517519929930074e+02	1.000000000000000000e+00	1.000000000000000000e+00
1.519519521921922092e+02	1.000000000000000000e+00	1.000000000000000000e+00
1.521521523913913825e+02	1.000000000000000000e+00	1.000000000000000000e+00
1.523523525905905842e+02	1.000000000000000000e+00	1.000000000000000000e+00
1.525525527897897859e+02	1.000000000000000000e+00	1.000000000000000000e+00
1.527527529889889877e+02	1.000000000000000000e+00	1.000000000000000000e+00
1.529529531881881894e+02	1.000000000000000000e+00	1.000000000000000000e+00
1.531531533873873911e+02	1.000000000000000000e+00	1.000000000000000000e+00
1.533533535865865929e+02	1.000000000000000000e+00	1.000000000000000000e+00
1.535535537857857946e+02	1.000000000000000000e+00	1.000000000000000000e+00
1.537537539849849964e+02	1.000000000000000000e+00	1.000000000000000000e+00
1.539539541841841981e+02	1.000000000000000000e+00	1.000000000000000000e+00
1.541541543833833998e+02	1.000000000000000000e+00	1.000000000000000000e+00
1.543543545825825731e+02	1.000000000000000000e+00	1.000000000000000000e+00
1.545545547817817749e+02	1.000000000000000000e+00	1.000000000000000000e+00
1.547547549809809766e+02	1.000000000000000000e+00	1.000000000000000000e+00
1.549549551801801783e+02	1.000000000000000000e+00	1.000000000000000000e+00
1.551551553793793801e+02	1.000000000000000000e+00	1.000000000000000000e+00
1.553553555785785818e+02	1.000000000000000000e+00	1.000000000000000000e+00
1.555555557777777835e+02	1.000000000000000000e+00	1.000000000000000000e+00
1.557557559769769853e+02	1.000000000000000000e+00	1.000000000000000000e+00
1.559559561761761870e+02	1.000000000000000000e+00	1.000000000000000000e+00
1.561561563753753887e+02	1.000000000000000000e+00	1.000000000000000000e+00
1.563563565745745905e+02	1.000000000000000000e+00	1.000000000000000000e+00
1.565565567737737922e+02	1.000000000000000000e+00	1.000000000000000000e+00
1.567567569729729655e+02	1.000000000000000000e+00	1.000000000000000000e+00
1.569569571721721672e+02	1.000000000000000000e+00	1.000000000000000000e+00
1.571571573713713690e+02	1.000000000000000000e+00	1.000000000000000000e+00
1.573573575705705707e+02	1.000000000000000000e+00	1.000000000000000000e+00
1.575575577697697724e+02	1.000000000000000000e+00	1.000000000000000000e+00
1.577577579689689742e+02	1.000000000000000000e+00	1.000000000000000000e+00
1.579579581681681759e+02	1.000000000000000000e+00	1.000000000000000000e+00
1.581581583673673777e+02	1.000000000000000000e+00	1.000000000000000000e+00
1.583583585665665794e+02	1.000000000000000000e+00	1.000000000000000000e+00
1.585585587657657811e+02	1.000000000000000000e+00	1.000000000000000000e+00
1.587587589649649829e+02	1.000000000000000000e+00	1.000000000000000000e+00
1.589589591641641562e+02	1.000000000000000000e+00	1.000000000000000000e+00
1.591591593633633579e+02	1.000000000000000000e+00	1.000000000000000000e+00
1.593593595625625596e+02	1.000000000000000000e+00	1.000000000000000000e+00
1.595595597617617614e+02	1.000000000000000000e+00	1.000000000000000000e+00
1.597597599609609631e+02	1.000000000000000000e+00	1.000000000000000000e+00
1.599599601601601648e+02	1.000000000000000000e+00	1.000000000000000000e+00
1.601601603593593666e+02	1.000000000000000000e+00	1.000000000000000000e+00
1.603603605585585683e+02	1.000000000000000000e+00	1.000000000000000000e+00
1.605605607577577700e+02	1.000000000000000000e+00	1.000000000000000000e+00
1.607607609569569718e+02	1.000000000000000000e+00	1.000000000000000000e+00
1.609609611561561735e+02	1.000000000000000000e+00	1.000000000000000000e+00
1.611611613553553468e+02	1.000000000000000000e+00	1.000000000000000000e+00
1.613613615545545485e+02	1.000000000000000000e+00	1.000000000000000000e+00
1.615615617537537503e+02	1.000000000000000000e+00	1.000000000000000000e+00
1.617617619529529520e+02	1.000000000000000000e+00	1.000000000000000000e+00
1.619619621521521537e+02	1.000000000000000000e+00	1.000000000000000000e+00
1.621621623513513555e+02	1.000000000000000000e+00	1.000000000000000000e+00
1.623623625505505572e+02	1.000000000000000000e+00	1.000000000000000000e+00
1.625625627497497590e+02	1.000000000000000000e+00	1.000000000000000000e+00
1.627627629489489607e+02	1.000000000000000000e+00	1.000000000000000000e+00
1.629629631481481624e+02	1.000000000000000000e+00	1.000000000000000000e+00
1.631631633473473642e+02	1.000000000000000000e+00	1.000000000000000000e+00
1.633633635465465375e+02	1.000000000000000000e+00	1.000000000000000000e+00
1.635635637457457392e+02	1.000000000000000000e+00	1.000000000000000000e+00
1.637637639449449409e+02	1.000000000000000000e+00	1.000000000000000000e+00
1.639639641441441427e+02	1.000000000000000000e+00	1.000000000000000000e+00
1.641641643433433444e+02	1.000000000000000000e+00	1.000000000000000000e+00
1.643643645425425461e+02	1.000000000000000000e+00	1.000000000000000000e+00
1.645645647417417479e+02	1.000000000000000000e+00	1.000000000000000000e+00
1.647647649409409496e+02	1.000000000000000000e+00	1.000000000000000000e+00
1.649649651401401513e+02	1.000000000000000000e+00	1.000000000000000000e+00
1.651651653393393531e+02	1.000000000000000000e+00	1.000000000000000000e+00
1.653653655385385548e+02	1.000000000000000000e+00	1.000000000000000000e+00
1.655655657377377565e+02	1.000000000000000000e+00	1.000000000000000000e+00
1.657657659369369298e+02	1.000000000000000000e+00	1.000000000000000000e+00
1.659659661361361316e+02	1.000000000000000000e+00	1.000000000000000000e+00
1.661661663353353333e+02	1.000000000000000000e+00	1.000000000000000000e+00
1.663663665345345350e+02	1.000000000000000000e+00	1.000000000000000000e+00
1.665665667337337368e+02	1.000000000000000000e+00	1.000000000000000000e+00
1.667667669329329385e+02	1.000000000000000000e+00	1.000000000000000000e+00
1.669669671321321403e+02	1.000000000000000000e+00	1.000000000000000000e+00
1.671671673313313420e+02	1.000000000000000000e+00	1.000000000000000000e+00
1.673673675305305437e+02	1.000000000000000000e+00	1.000000000000000000e+00
1.675675677297297455e+02	1.000000000000000000e+00	1.000000000000000000e+00
1.677677679289289472e+02	1.000000000000000000e+00	1.000000000000000000e+00
1.679679681281281205e+02	1.000000000000000000e+00	1.000000000000000000e+00
1.681681683273273222e+02	1.000000000000000000e+00	1.000000000000000000e+00
1.683683685265265240e+02	1.000000000000000000e+00	1.000000000000000000e+00
1.685685687257257257e+02	1.000000000000000000e+00	1.000000000000000000e+00
1.687687689249249274e+02	1.000000000000000000e+00	1.000000000000000000e+00
1.689689691241241292e+02	1.000000000000000000e+00	1.000000000000000000e+00
1.691691693233233309e+02	1.000000000000000000e+00	1.000000000000000000e+00
1.693693695225225326e+02	1.000000000000000000e+00	1.000000000000000000e+00
1.695695697217217344e+02	1.000000000000000000e+00	1.000000000000000000e+00
1.697697699209209361e+02	1.000000000000000000e+00	1.000000000000000000e+00
1.699699701201201378e+02	1.000000000000000000e+00	1.000000000000000000e+00
1.701701703193193111e+02	1.000000000000000000e+00	1.000000000000000000e+00
1.703703705185185129e+02	1.000000000000000000e+00	1.000000000000000000e+00
1.705705707177177146e+02	1.000000000000000000e+00	1.000000000000000000e+00
1.707707709169169163e+02	1.000000000000000000e+00	1.000000000000000000e+00
1.709709711161161181e+02	1.000000000000000000e+00	1.000000000000000000e+00
1.711711713153153198e+02	1.000000000000000000e+00	1.000000000000000000e+00
1.713713715145145216e+02	1.000000000000000000e+00	1.000000000000000000e+00
1.715715717137137233e+02	1.000000000000000000e+00	1.000000000000000000e+00
1.717717719129129250e+02	1.000000000000000000e+00	1.000000000000000000e+00
1.719719721121121268e+02	1.000000000000000000e+00	1.000000000000000000e+00
1.721721723113113285e+02	1.000000000000000000e+00	1.000000000000000000e+00
1.723723725105105018e+02	1.000000000000000000e+00	1.000000000000000000e+00
1.725725727097097035e+02	1.000000000000000000e+00	1.000000000000000000e+00
1.727727729089089053e+02	1.000000000000000000e+00	1.000000000000000000e+00
1.729729731081081070e+02	1.000000000000000000e+00	1.000000000000000000e+00
1.731731733073073087e+02	1.000000000000000000e+00	1.000000000000000000e+00
1.733733735065065105e+02	1.000000000000000000e+00	1.000000000000000000e+00
1.735735737057057122e+02	1.000000000000000000e+00	1.000000000000000000e+00
1.737737739049049139e+02	1.000000000000000000e+00	1.000000000000000000e+00
1.739739741041041157e+02	1.000000000000000000e+00	1.000000000000000000e+00
1.741741743033033174e+02	1.000000000000000000e+00	1.000000000000000000e+00
1.743743745025025191e+02	1.000000000000000000e+00	1.000000000000000000e+00
1.745745747017017209e+02	1.000000000000000000e+00	1.000000000000000000e+00
1.747747749009008942e+02	1.000000000000000000e+00	1.000000000000000000e+00
1.749749751001000959e+02	1.000000000000000000e+00	1.000000000000000000e+00
1.751751752992992976e+02	1.000000000000000000e+00	1.000000000000000000e+00
1.753753754984984994e+02	1.000000000000000000e+00	1.000000000000000000e+00
1.755755756976977011e+02	1.000000000000000000e+00	1.000000000000000000e+00
1.757757758968969029e+02	1.000000000000000000e+00	1.000000000000000000e+00
1.759759760960961046e+02	1.000000000000000000e+00	1.000000000000000000e+00
1.761761762952953063e+02	1.000000000000000000e+00	1.000000000000000000e+00
1.763763764944945081e+02	1.000000000000000000e+00	1.000000000000000000e+00
1.765765766936937098e+02	1.000000000000000000e+00	1.000000000000000000e+00
1.767767768928929115e+02	1.000000000000000000e+00	1.000000000000000000e+00
1.769769770920920848e+02	1.000000000000000000e+00	1.000000000000000000e+00
1.771771772912912866e+02	1.000000000000000000e+00	1.000000000000000000e+00
1.773773774904904883e+02	1.000000000000000000e+00	1.000000000000000000e+00
1.775775776896896900e+02	1.000000000000000000e+00	1.000000000000000000e+00
1.777777778888888918e+02	1.000000000000000000e+00	1.000000000000000000e+00
1.779779780880880935e+02	1.000000000000000000e+00	1.000000000000000000e+00
1.781781782872872952e+02	1.000000000000000000e+00	1.000000000000000000e+00
1.783783784864864970e+02	1.000000000000000000e+00	1.000000000000000000e+00
1.785785786856856987e+02	1.000000000000000000e+00	1.000000000000000000e+00
1.787787788848849004e+02	1.000000000000000000e+00	1.000000000000000000e+00
1.789789790840841022e+02	1.000000000000000000e+00	1.000000000000000000e+00
1.791791792832832755e+02	1.000000000000000000e+00	1.000000000000000000e+00
1.793793794824824772e+02	1.000000000000000000e+00	1.000000000000000000e+00
1.795795796816816789e+02	1.000000000000000000e+00	1.000000000000000000e+00
1.797797798808808807e+02	1.000000000000000000e+00	1.000000000000000000e+00
1.799799800800800824e+02	1.000000000000000000e+00	1.000000000000000000e+00
1.801801802792792842e+02	1.000000000000000000e+00	1.000000000000000000e+00
1.803803804784784859e+02	1.000000000000000000e+00	1.000000000000000000e+00
1.805805806776776876e+02	1.000000000000000000e+00	1.000000000000000000e+00
1.807807808768768894e+02	1.000000000000000000e+00	1.000000000000000000e+00
1.809809810760760911e+02	1.000000000000000000e+00	1.000000000000000000e+00
1.811811812752752928e+02	1.000000000000000000e+00	1.000000000000000000e+00
1.813813814744744661e+02	1.000000000000000000e+00	1.000000000000000000e+00
1.815815816736736679e+02	1.000000000000000000e+00	1.000000000000000000e+00
1.817817818728728696e+02	1.000000000000000000e+00	1.000000000000000000e+00
1.819819820720720713e+02	1.000000000000000000e+00	1.000000000000000000e+00
1.821821822712712731e+02	1.000000000000000000e+00	1.000000000000000000e+00
1.823823824704704748e+02	1.000000000000000000e+00	1.000000000000000000e+00
1.825825826696696765e+02	1.000000000000000000e+00	1.000000000000000000e+00
1.827827828688688783e+02	1.000000000000000000e+00	1.000000000000000000e+00
1.829829830680680800e+02	1.000000000000000000e+00	1.000000000000000000e+00
1.831831832672672817e+02	1.000000000000000000e+00	1.000000000000000000e+00
1.833833834664664835e+02	1.000000000000000000e+00	1.000000000000000000e+00
1.835835836656656852e+02	1.000000000000000000e+00	1.000000000000000000e+00
1.837837838648648585e+02	1.000000000000000000e+00	1.000000000000000000e+00
1.839839840640640602e+02	1.000000000000000000e+00	1.000000000000000000e+00
1.841841842632632620e+02	1.000000000000000000e+00	1.000000000000000000e+00
1.843843844624624637e+02	1.000000000000000000e+00	1.000000000000000000e+00
1.845845846616616655e+02	1.000000000000000000e+00	1.000000000000000000e+00
1.847847848608608672e+02	1.000000000000000000e+00	1.000000000000000000e+00
1.849849850600600689e+02	1.000000000000000000e+00	1.000000000000000000e+00
1.851851852592592707e+02	1.000000000000000000e+00	1.000000000000000000e+00
1.853853854584584724e+02	1.000000000000000000e+00	1.000000000000000000e+00
1.855855856576576741e+02	1.000000000000000000e+00	1.000000000000000000e+00
1.857857858568568759e+02	1.000000000000000000e+00	1.000000000000000000e+00
1.859859860560560492e+02	1.000000000000000000e+00	1.000000000000000000e+00
1.861861862552552509e+02	1.000000000000000000e+00	1.000000000000000000e+00
1.863863864544544526e+02	1.000000000000000000e+00	1.000000000000000000e+00
1.865865866536536544e+02	1.000000000000000000e+00	1.000000000000000000e+00
1.867867868528528561e+02	1.000000000000000000e+00	1.000000000000000000e+00
1.869869870520520578e+02	1.000000000000000000e+00	1.000000000000000000e+00
1.871871872512512596e+02	1.000000000000000000e+00	1.000000000000000000e+00
1.873873874504504613e+02	1.000000000000000000e+00	1.000000000000000000e+00
1.875875876496496630e+02	1.000000000000000000e+00	1.000000000000000000e+00
1.877877878488488648e+02	1.000000000000000000e+00	1.000000000000000000e+00
1.879879880480480665e+02	1.000000000000000000e+00	1.000000000000000000e+00
1.881881882472472398e+02	1.000000000000000000e+00	1.000000000000000000e+00
1.883883884464464415e+02	1.000000000000000000e+00	1.000000000000000000e+00
1.885885886456456433e+02	1.000000000000000000e+00	1.000000000000000000e+00
1.887887888448448450e+02	1.000000000000000000e+00	1.000000000000000000e+00
1.889889890440440468e+02	1.000000000000000000e+00	1.000000000000000000e+00
1.891891892432432485e+02	1.000000000000000000e+00	1.000000000000000000e+00
1.893893894424424502e+02	1.000000000000000000e+00	1.000000000000000000e+00
1.895895896416416520e+02	1.000000000000000000e+00	1.000000000000000000e+00
1.897897898408408537e+02	1.000000000000000000e+00	1.000000000000000000e+00
1.899899900400400554e+02	1.000000000000000000e+00	1.000000000000000000e+00
1.901901902392392572e+02	1.000000000000000000e+00	1.000000000000000000e+00
1.903903904384384305e+02	1.000000000000000000e+00	1.000000000000000000e+00
1.905905906376376322e+02	1.000000000000000000e+00	1.000000000000000000e+00
1.907907908368368339e+02	1.000000000000000000e+00	1.000000000000000000e+00
1.909909910360360357e+02	1.000000000000000000e+00	1.000000000000000000e+00
1.911911912352352374e+02	1.000000000000000000e+00	1.000000000000000000e+00
1.913913914344344391e+02	1.000000000000000000e+00	1.000000000000000000e+00
1.915915916336336409e+02	1.000000000000000000e+00	1.000000000000000000e+00
1.917917918328328426e+02	1.000000000000000000e+00	1.000000000000000000e+00
1.919919920320320443e+02	1.000000000000000000e+00	1.000000000000000000e+00
1.921921922312312461e+02	1.000000000000000000e+00	1.000000000000000000e+00
1.923923924304304478e+02	1.000000000000000000e+00	1.000000000000000000e+00
1.925925926296296495e+02	1.000000000000000000e+00	1.000000000000000000e+00
1.927927928288288228e+02	1.000000000000000000e+00	1.000000000000000000e+00
1.929929930280280246e+02	1.000000000000000000e+00	1.000000000000000000e+00
1.931931932272272263e+02	1.000000000000000000e+00	1.000000000000000000e+00
1.933933934264264281e+02	1.000000000000000000e+00	1.000000000000000000e+00
1.935935936256256298e+02	1.000000000000000000e+00	1.000000000000000000e+00
1.937937938248248315e+02	1.000000000000000000e+00	1.000000000000000000e+00
1.939939940240240333e+02	1.000000000000000000e+00	1.000000000000000000e+00
1.941941942232232350e+02	1.000000000000000000e+00	1.000000000000000000e+00
1.943943944224224367e+02	1.000000000000000000e+00	1.000000000000000000e+00
1.945945946216216385e+02	1.000000000000000000e+00	1.000000000000000000e+00
1.947947948208208402e+02	1.000000000000000000e+00	1.000000000000000000e+00
1.949949950200200135e+02	1.000000000000000000e+00	1.000000000000000000e+00
1.951951952192192152e+02	1.000000000000000000e+00	1.000000000000000000e+00
1.953953954184184170e+02	1.000000000000000000e+00	1.000000000000000000e+00
1.955955956176176187e+02	1.000000000000000000e+00	1.000000000000000000e+00
1.957957958168168204e+02	1.000000000000000000e+00	1.000000000000000000e+00
1.959959960160160222e+02	1.000000000000000000e+00	1.000000000000000000e+00
1.961961962152152239e+02	1.000000000000000000e+00	1.000000000000000000e+00
1.963963964144144256e+02	1.000000000000000000e+00	1.000000000000000000e+00
1.965965966136136274e+02	1.000000000000000000e+00	1.000000000000000000e+00
1.967967968128128291e+02	1.000000000000000000e+00	1.000000000000000000e+00
1.969969970120120308e+02	1.000000000000000000e+00	1.000000000000000000e+00
1.971971972112112041e+02	1.000000000000000000e+00	1.000000000000000000e+00
1.973973974104104059e+02	1.000000000000000000e+00	1.000000000000000000e+00
1.975975976096096076e+02	1.000000000000000000e+00	1.000000000000000000e+00
1.977977978088088094e+02	1.000000000000000000e+00	1.000000000000000000e+00
1.979979980080080111e+02	1.000000000000000000e+00	1.000000000000000000e+00
1.981981982072072128e+02	1.000000000000000000e+00	1.000000000000000000e+00
1.983983984064064146e+02	1.000000000000000000e+00	1.000000000000000000e+00
1.985985986056056163e+02	1.000000000000000000e+00	1.000000000000000000e+00
1.987987988048048180e+02	1.000000000000000000e+00	1.000000000000000000e+00
1.989989990040040198e+02	1.000000000000000000e+00	1.000000000000000000e+00
1.991991992032032215e+02	1.000000000000000000e+00	1.000000000000000000e+00
1.993993994024023948e+02	1.000000000000000000e+00	1.000000000000000000e+00
1.995995996016015965e+02	1.000000000000000000e+00	1.000000000000000000e+00
1.997997998008007983e+02	1.000000000000000000e+00	1.000000000000000000e+00
2.000000000000000000e+02	1.000000000000000000e+00	1.000000000000000000e+00
