0.0000000000	0.0000110452	0.0023388675
0.2002002002	0.0000141947	0.0027873471
0.4004004004	0.0000181863	0.0033120200
0.6006006006	0.0000232291	0.0039238664
0.8008008008	0.0000295796	0.0046350865
1.0010010010	0.0000375511	0.0054591744
1.2012012012	0.0000475255	0.0064109857
1.4014014014	0.0000599661	0.0075067976
1.6016016016	0.0000754331	0.0087643585
1.8018018018	0.0000946010	0.0102029249
2.0020020020	0.0001182794	0.0118432828
2.2022022022	0.0001474360	0.0137077518
2.4024024024	0.0001832235	0.0158201684
2.6026026026	0.0002270092	0.0182058463
2.8028028028	0.0002804092	0.0208915117
3.0030030030	0.0003453263	0.0239052105
3.2032032032	0.0004239916	0.0272761863
3.4034034034	0.0005190118	0.0310347269
3.6036036036	0.0006334199	0.0352119795
3.8038038038	0.0007707308	0.0398397312
4.0040040040	0.0009350019	0.0449501586
4.2042042042	0.0011308978	0.0505755433
4.4044044044	0.0013637590	0.0567479579
4.6046046046	0.0016396750	0.0634989220
4.8048048048	0.0019655602	0.0708590327
5.0050050050	0.0023492321	0.0788575731
5.2052052052	0.0027994920	0.0875221026
5.4054054054	0.0033262055	0.0968780349
5.6056056056	0.0039403823	0.1069482096
5.8058058058	0.0046542541	0.1177524637
6.0060060060	0.0054813482	0.1293072099
6.2062062062	0.0064365551	0.1416250308
6.4064064064	0.0075361882	0.1547142940
6.6066066066	0.0087980333	0.1685787990
6.8068068068	0.0102413847	0.1832174607
7.0070070070	0.0118870670	0.1986240403
7.2072072072	0.0137574379	0.2147869272
7.4074074074	0.0158763715	0.2316889811
7.6076076076	0.0182692177	0.2493074383
7.8078078078	0.0209627369	0.2676138875
8.0080080080	0.0239850065	0.2865743184
8.2082082082	0.0273652982	0.3061492446
8.4084084084	0.0311339240	0.3262939032
8.6086086086	0.0353220494	0.3469585285
8.8088088088	0.0399614748	0.3680886992
9.0090090090	0.0450843829	0.3896257544
9.2092092092	0.0507230541	0.4115072742
9.4094094094	0.0569095514	0.4336676179
9.6096096096	0.0636753758	0.4560385122
9.8098098098	0.0710510967	0.4785496811
10.0100100100	0.0790659590	0.5011295072
10.2102102102	0.0877474736	0.5237057145
10.4104104104	0.0971209953	0.5462060619
10.6106106106	0.1072092937	0.5685590356
10.8108108108	0.1180321251	0.5906945306
11.0110110110	0.1296058116	0.6125445091
11.2112112112	0.1419428349	0.6340436267
11.4114114114	0.1550514526	0.6551298162
11.6116116116	0.1689353457	0.6757448201
11.8118118118	0.1835933034	0.6958346648
12.0120120120	0.1990189549	0.7153500707
12.2122122122	0.2152005532	0.7342467912
12.4124124124	0.2321208181	0.7524858800
12.6126126126	0.2497568448	0.7700338823
12.8128128128	0.2680800812	0.7868629507
13.0130130130	0.2870563781	0.8029508860
13.2132132132	0.3066461146	0.8182811062
13.4134134134	0.3268043991	0.8328425461
13.6136136136	0.3474813448	0.8466294928
13.8138138138	0.3686224193	0.8596413628
14.0140140140	0.3901688614	0.8718824273
14.2142142142	0.4120581640	0.8833614918
14.4144144144	0.4342246132	0.8940915396
14.6146146146	0.4565998779	0.9040893445
14.8148148148	0.4791136402	0.9133750629
15.0150150150	0.5016942579	0.9219718112
15.2152152152	0.5242694476	0.9299052367
15.4154154154	0.5467669777	0.9372030901
15.6156156156	0.5691153616	0.9438948041
15.8158158158	0.5912445379	0.9500110854
16.0160160160	0.6130865288	0.9555835251
16.2162162162	0.6345760649	0.9606442316
16.4164164164	0.6556511678	0.9652254898
16.6166166166	0.6762536817	0.9693594494
16.8168168168	0.6963297458	0.9730778446
17.0170170170	0.7158302022	0.9764117456
17.2172172172	0.7347109340	0.9793913437
17.4174174174	0.7529331302	0.9820457692
17.6176176176	0.7704634751	0.9844029410
17.8178178178	0.7872742622	0.9864894477
18.0180180180	0.8033434334	0.9883304577
18.2182182182	0.8186545463	0.9899496573
18.4184184184	0.8331966716	0.9913692131
18.6186186186	0.8469642277	0.9926097577
18.8188188188	0.8599567560	0.9936903955
19.0190190190	0.8721786450	0.9946287259
19.2192192192	0.8836388092	0.9954408815
19.4194194194	0.8943503316	0.9961415789
19.6196196196	0.9043300755	0.9967441797
19.8198198198	0.9135982765	0.9972607586
20.0200200200	0.9221781195	0.9977021781
20.2202202202	0.9300953096	0.9980781663
20.4204204204	0.9373776447	0.9983973970
20.6206206206	0.9440545942	0.9986675707
20.8208208208	0.9501568916	0.9988954944
21.0210210210	0.9557161452	0.9990871596
21.2212212212	0.9607644720	0.9992478187
21.4214214214	0.9653341570	0.9993820566
21.6216216216	0.9694573431	0.9994938594
21.8218218218	0.9731657505	0.9995866787
22.0220220220	0.9764904300	0.9996634911
22.2222222222	0.9794615485	0.9997268536
22.4224224224	0.9821082078	0.9997789541
22.6226226226	0.9844582947	0.9998216571
22.8228228228	0.9865383632	0.9998565456
23.0230230230	0.9883735456	0.9998849585
23.2232232232	0.9899874903	0.9999080237
23.4234234234	0.9914023258	0.9999266876
23.6236236236	0.9926386462	0.9999417419
23.8238238238	0.9937155180	0.9999538458
24.0240240240	0.9946505034	0.9999635463
24.2242242242	0.9954596989	0.9999712959
24.4244244244	0.9961577866	0.9999774670
24.6246246246	0.9967580949	0.9999823654
24.8248248248	0.9972726673	0.9999862412
25.0250250250	0.9977123370	0.9999892980
25.2252252252	0.9980868048	0.9999917013
25.4254254254	0.9984047191	0.9999935845
25.6256256256	0.9986737572	0.9999950557
25.8258258258	0.9989007046	0.9999962012
26.0260260260	0.9990915336	0.9999970903
26.2262262262	0.9992514789	0.9999977781
26.4264264264	0.9993851097	0.9999983086
26.6266266266	0.9994963979	0.9999987164
26.8268268268	0.9995887826	0.9999990289
27.0270270270	0.9996652292	0.9999992676
27.2272272272	0.9997282850	0.9999994493
27.4274274274	0.9997801290	0.9999995872
27.6276276276	0.9998226185	0.9999996915
27.8278278278	0.9998573298	0.9999997702
28.0280280280	0.9998855960	0.9999998294
28.2282282282	0.9999085403	0.9999998737
28.4284284284	0.9999271050	0.9999999068
28.6286286286	0.9999420780	0.9999999314
28.8288288288	0.9999541155	0.9999999497
29.0290290290	0.9999637621	0.9999999632
29.2292292292	0.9999714680	0.9999999732
29.4294294294	0.9999776038	0.9999999805
29.6296296296	0.9999824738	0.9999999859
29.8298298298	0.9999863269	0.9999999898
30.0300300300	0.9999893655	0.9999999927
30.2302302302	0.9999917542	0.9999999947
30.4304304304	0.9999936259	0.9999999962
30.6306306306	0.9999950880	0.9999999973
30.8308308308	0.9999962263	0.9999999981
31.0310310310	0.9999971097	0.9999999986
31.2312312312	0.9999977932	0.9999999990
31.4314314314	0.9999983202	0.9999999993
31.6316316316	0.9999987253	0.9999999995
31.8318318318	0.9999990357	0.9999999997
32.0320320320	0.9999992727	0.9999999998
32.2322322322	0.9999994532	0.9999999998
32.4324324324	0.9999995902	0.9999999999
32.6326326326	0.9999996938	0.9999999999
32.8328328328	0.9999997719	0.9999999999
33.0330330330	0.9999998306	1.0000000000
33.2332332332	0.9999998746	1.0000000000
33.4334334334	0.9999999075	1.0000000000
33.6336336336	0.9999999319	1.0000000000
33.8338338338	0.9999999501	1.0000000000
34.0340340340	0.9999999635	1.0000000000
34.2342342342	0.9999999734	1.0000000000
34.4344344344	0.9999999807	1.0000000000
34.6346346346	0.9999999860	1.0000000000
34.8348348348	0.9999999899	1.0000000000
35.0350350350	0.9999999927	1.0000000000
35.2352352352	0.9999999948	1.0000000000
35.4354354354	0.9999999963	1.0000000000
35.6356356356	0.9999999973	1.0000000000
35.8358358358	0.9999999981	1.0000000000
36.0360360360	0.9999999987	1.0000000000
36.2362362362	0.9999999991	1.0000000000
36.4364364364	0.9999999993	1.0000000000
36.6366366366	0.9999999995	1.0000000000
36.8368368368	0.9999999997	1.0000000000
37.0370370370	0.9999999998	1.0000000000
37.2372372372	0.9999999998	1.0000000000
37.4374374374	0.9999999999	1.0000000000
37.6376376376	0.9999999999	1.0000000000
37.8378378378	0.9999999999	1.0000000000
38.0380380380	1.0000000000	1.0000000000
38.2382382382	1.0000000000	1.0000000000
38.4384384384	1.0000000000	1.0000000000
38.6386386386	1.0000000000	1.0000000000
38.8388388388	1.0000000000	1.0000000000
39.0390390390	1.0000000000	1.0000000000
39.2392392392	1.0000000000	1.0000000000
39.4394394394	1.0000000000	1.0000000000
39.6396396396	1.0000000000	1.0000000000
39.8398398398	1.0000000000	1.0000000000
40.0400400400	1.0000000000	1.0000000000
40.2402402402	1.0000000000	1.0000000000
40.4404404404	1.0000000000	1.0000000000
40.6406406406	1.0000000000	1.0000000000
40.8408408408	1.0000000000	1.0000000000
41.0410410410	1.0000000000	1.0000000000
41.2412412412	1.0000000000	1.0000000000
41.4414414414	1.0000000000	1.0000000000
41.6416416416	1.0000000000	1.0000000000
41.8418418418	1.0000000000	1.0000000000
42.0420420420	1.0000000000	1.0000000000
42.2422422422	1.0000000000	1.0000000000
42.4424424424	1.0000000000	1.0000000000
42.6426426426	1.0000000000	1.0000000000
42.8428428428	1.0000000000	1.0000000000
43.0430430430	1.0000000000	1.0000000000
43.2432432432	1.0000000000	1.0000000000
43.4434434434	1.0000000000	1.0000000000
43.6436436436	1.0000000000	1.0000000000
43.8438438438	1.0000000000	1.0000000000
44.0440440440	1.0000000000	1.0000000000
44.2442442442	1.0000000000	1.0000000000
44.4444444444	1.0000000000	1.0000000000
44.6446446446	1.0000000000	1.0000000000
44.8448448448	1.0000000000	1.0000000000
45.0450450450	1.0000000000	1.0000000000
45.2452452452	1.0000000000	1.0000000000
45.4454454454	1.0000000000	1.0000000000
45.6456456456	1.0000000000	1.0000000000
45.8458458458	1.0000000000	1.0000000000
46.0460460460	1.0000000000	1.0000000000
46.2462462462	1.0000000000	1.0000000000
46.4464464464	1.0000000000	1.0000000000
46.6466466466	1.0000000000	1.0000000000
46.8468468468	1.0000000000	1.0000000000
47.0470470470	1.0000000000	1.0000000000
47.2472472472	1.0000000000	1.0000000000
47.4474474474	1.0000000000	1.0000000000
47.6476476476	1.0000000000	1.0000000000
47.8478478478	1.0000000000	1.0000000000
48.0480480480	1.0000000000	1.0000000000
48.2482482482	1.0000000000	1.0000000000
48.4484484484	1.0000000000	1.0000000000
48.6486486486	1.0000000000	1.0000000000
48.8488488488	1.0000000000	1.0000000000
49.0490490490	1.0000000000	1.0000000000
49.2492492492	1.0000000000	1.0000000000
49.4494494494	1.0000000000	1.0000000000
49.6496496496	1.0000000000	1.0000000000
49.8498498498	1.0000000000	1.0000000000
50.0500500501	1.0000000000	1.0000000000
50.2502502503	1.0000000000	1.0000000000
50.4504504505	1.0000000000	1.0000000000
50.6506506507	1.0000000000	1.0000000000
50.8508508509	1.0000000000	1.0000000000
51.0510510511	1.0000000000	1.0000000000
51.2512512513	1.0000000000	1.0000000000
51.4514514515	1.0000000000	1.0000000000
51.6516516517	1.0000000000	1.0000000000
51.8518518519	1.0000000000	1.0000000000
52.0520520521	1.0000000000	1.0000000000
52.2522522523	1.0000000000	1.0000000000
52.4524524525	1.0000000000	1.0000000000
52.6526526527	1.0000000000	1.0000000000
52.8528528529	1.0000000000	1.0000000000
53.0530530531	1.0000000000	1.0000000000
53.2532532533	1.0000000000	1.0000000000
53.4534534535	1.0000000000	1.0000000000
53.6536536537	1.0000000000	1.0000000000
53.8538538539	1.0000000000	1.0000000000
54.0540540541	1.0000000000	1.0000000000
54.2542542543	1.0000000000	1.0000000000
54.4544544545	1.0000000000	1.0000000000
54.6546546547	1.0000000000	1.0000000000
54.8548548549	1.0000000000	1.0000000000
55.0550550551	1.0000000000	1.0000000000
55.2552552553	1.0000000000	1.0000000000
55.4554554555	1.0000000000	1.0000000000
55.6556556557	1.0000000000	1.0000000000
55.8558558559	1.0000000000	1.0000000000
56.0560560561	1.0000000000	1.0000000000
56.2562562563	1.0000000000	1.0000000000
56.4564564565	1.0000000000	1.0000000000
56.6566566567	1.0000000000	1.0000000000
56.8568568569	1.0000000000	1.0000000000
57.0570570571	1.0000000000	1.0000000000
57.2572572573	1.0000000000	1.0000000000
57.4574574575	1.0000000000	1.0000000000
57.6576576577	1.0000000000	1.0000000000
57.8578578579	1.0000000000	1.0000000000
58.0580580581	1.0000000000	1.0000000000
58.2582582583	1.0000000000	1.0000000000
58.4584584585	1.0000000000	1.0000000000
58.6586586587	1.0000000000	1.0000000000
58.8588588589	1.0000000000	1.0000000000
59.0590590591	1.0000000000	1.0000000000
59.2592592593	1.0000000000	1.0000000000
59.4594594595	1.0000000000	1.0000000000
59.6596596597	1.0000000000	1.0000000000
59.8598598599	1.0000000000	1.0000000000
60.0600600601	1.0000000000	1.0000000000
60.2602602603	1.0000000000	1.0000000000
60.4604604605	1.0000000000	1.0000000000
60.6606606607	1.0000000000	1.0000000000
60.8608608609	1.0000000000	1.0000000000
61.0610610611	1.0000000000	1.0000000000
61.2612612613	1.0000000000	1.0000000000
61.4614614615	1.0000000000	1.0000000000
61.6616616617	1.0000000000	1.0000000000
61.8618618619	1.0000000000	1.0000000000
62.0620620621	1.0000000000	1.0000000000
62.2622622623	1.0000000000	1.0000000000
62.4624624625	1.0000000000	1.0000000000
62.6626626627	1.0000000000	1.0000000000
62.8628628629	1.0000000000	1.0000000000
63.0630630631	1.0000000000	1.0000000000
63.2632632633	1.0000000000	1.0000000000
63.4634634635	1.0000000000	1.0000000000
63.6636636637	1.0000000000	1.0000000000
63.8638638639	1.0000000000	1.0000000000
64.0640640641	1.0000000000	1.0000000000
64.2642642643	1.0000000000	1.0000000000
64.4644644645	1.0000000000	1.0000000000
64.6646646647	1.0000000000	1.0000000000
64.8648648649	1.0000000000	1.0000000000
65.0650650651	1.0000000000	1.0000000000
65.2652652653	1.0000000000	1.0000000000
65.4654654655	1.0000000000	1.0000000000
65.6656656657	1.0000000000	1.0000000000
65.8658658659	1.0000000000	1.0000000000
66.0660660661	1.0000000000	1.0000000000
66.2662662663	1.0000000000	1.0000000000
66.4664664665	1.0000000000	1.0000000000
66.6666666667	1.0000000000	1.0000000000
66.8668668669	1.0000000000	1.0000000000
67.0670670671	1.0000000000	1.0000000000
67.2672672673	1.0000000000	1.0000000000
67.4674674675	1.0000000000	1.0000000000
67.6676676677	1.0000000000	1.0000000000
67.8678678679	1.0000000000	1.0000000000
68.0680680681	1.0000000000	1.0000000000
68.2682682683	1.0000000000	1.0000000000
68.4684684685	1.0000000000	1.0000000000
68.6686686687	1.0000000000	1.0000000000
68.8688688689	1.0000000000	1.0000000000
69.0690690691	1.0000000000	1.0000000000
69.2692692693	1.0000000000	1.0000000000
69.4694694695	1.0000000000	1.0000000000
69.6696696697	1.0000000000	1.0000000000
69.8698698699	1.0000000000	1.0000000000
70.0700700701	1.0000000000	1.0000000000
70.2702702703	1.0000000000	1.0000000000
70.4704704705	1.0000000000	1.0000000000
70.6706706707	1.0000000000	1.0000000000
70.8708708709	1.0000000000	1.0000000000
71.0710710711	1.0000000000	1.0000000000
71.2712712713	1.0000000000	1.0000000000
71.4714714715	1.0000000000	1.0000000000
71.6716716717	1.0000000000	1.0000000000
71.8718718719	1.0000000000	1.0000000000
72.0720720721	1.0000000000	1.0000000000
72.2722722723	1.0000000000	1.0000000000
72.4724724725	1.0000000000	1.0000000000
72.6726726727	1.0000000000	1.0000000000
72.8728728729	1.0000000000	1.0000000000
73.0730730731	1.0000000000	1.0000000000
73.2732732733	1.0000000000	1.0000000000
73.4734734735	1.0000000000	1.0000000000
73.6736736737	1.0000000000	1.0000000000
73.8738738739	1.0000000000	1.0000000000
74.0740740741	1.0000000000	1.0000000000
74.2742742743	1.0000000000	1.0000000000
74.4744744745	1.0000000000	1.0000000000
74.6746746747	1.0000000000	1.0000000000
74.8748748749	1.0000000000	1.0000000000
75.0750750751	1.0000000000	1.0000000000
75.2752752753	1.0000000000	1.0000000000
75.4754754755	1.0000000000	1.0000000000
75.6756756757	1.0000000000	1.0000000000
75.8758758759	1.0000000000	1.0000000000
76.0760760761	1.0000000000	1.0000000000
76.2762762763	1.0000000000	1.0000000000
76.4764764765	1.0000000000	1.0000000000
76.6766766767	1.0000000000	1.0000000000
76.8768768769	1.0000000000	1.0000000000
77.0770770771	1.0000000000	1.0000000000
77.2772772773	1.0000000000	1.0000000000
77.4774774775	1.0000000000	1.0000000000
77.6776776777	1.0000000000	1.0000000000
77.8778778779	1.0000000000	1.0000000000
78.0780780781	1.0000000000	1.0000000000
78.2782782783	1.0000000000	1.0000000000
78.4784784785	1.0000000000	1.0000000000
78.6786786787	1.0000000000	1.0000000000
78.8788788789	1.0000000000	1.0000000000
79.0790790791	1.0000000000	1.0000000000
79.2792792793	1.0000000000	1.0000000000
79.4794794795	1.0000000000	1.0000000000
79.6796796797	1.0000000000	1.0000000000
79.8798798799	1.0000000000	1.0000000000
80.0800800801	1.0000000000	1.0000000000
80.2802802803	1.0000000000	1.0000000000
80.4804804805	1.0000000000	1.0000000000
80.6806806807	1.0000000000	1.0000000000
80.8808808809	1.0000000000	1.0000000000
81.0810810811	1.0000000000	1.0000000000
81.2812812813	1.0000000000	1.0000000000
81.4814814815	1.0000000000	1.0000000000
81.6816816817	1.0000000000	1.0000000000
81.8818818819	1.0000000000	1.0000000000
82.0820820821	1.0000000000	1.0000000000
82.2822822823	1.0000000000	1.0000000000
82.4824824825	1.0000000000	1.0000000000
82.6826826827	1.0000000000	1.0000000000
82.8828828829	1.0000000000	1.0000000000
83.0830830831	1.0000000000	1.0000000000
83.2832832833	1.0000000000	1.0000000000
83.4834834835	1.0000000000	1.0000000000
83.6836836837	1.0000000000	1.0000000000
83.8838838839	1.0000000000	1.0000000000
84.0840840841	1.0000000000	1.0000000000
84.2842842843	1.0000000000	1.0000000000
84.4844844845	1.0000000000	1.0000000000
84.6846846847	1.0000000000	1.0000000000
84.8848848849	1.0000000000	1.0000000000
85.0850850851	1.0000000000	1.0000000000
85.2852852853	1.0000000000	1.0000000000
85.4854854855	1.0000000000	1.0000000000
85.6856856857	1.0000000000	1.0000000000
85.8858858859	1.0000000000	1.0000000000
86.0860860861	1.0000000000	1.0000000000
86.2862862863	1.0000000000	1.0000000000
86.4864864865	1.0000000000	1.0000000000
86.6866866867	1.0000000000	1.0000000000
86.8868868869	1.0000000000	1.0000000000
87.0870870871	1.0000000000	1.0000000000
87.2872872873	1.0000000000	1.0000000000
87.4874874875	1.0000000000	1.0000000000
87.6876876877	1.0000000000	1.0000000000
87.8878878879	1.0000000000	1.0000000000
88.0880880881	1.0000000000	1.0000000000
88.2882882883	1.0000000000	1.0000000000
88.4884884885	1.0000000000	1.0000000000
88.6886886887	1.0000000000	1.0000000000
88.8888888889	1.0000000000	1.0000000000
89.0890890891	1.0000000000	1.0000000000
89.2892892893	1.0000000000	1.0000000000
89.4894894895	1.0000000000	1.0000000000
89.6896896897	1.0000000000	1.0000000000
89.8898898899	1.0000000000	1.0000000000
90.0900900901	1.0000000000	1.0000000000
90.2902902903	1.0000000000	1.0000000000
90.4904904905	1.0000000000	1.0000000000
90.6906906907	1.0000000000	1.0000000000
90.8908908909	1.0000000000	1.0000000000
91.0910910911	1.0000000000	1.0000000000
91.2912912913	1.0000000000	1.0000000000
91.4914914915	1.0000000000	1.0000000000
91.6916916917	1.0000000000	1.0000000000
91.8918918919	1.0000000000	1.0000000000
92.0920920921	1.0000000000	1.0000000000
92.2922922923	1.0000000000	1.0000000000
92.4924924925	1.0000000000	1.0000000000
92.6926926927	1.0000000000	1.0000000000
92.8928928929	1.0000000000	1.0000000000
93.0930930931	1.0000000000	1.0000000000
93.2932932933	1.0000000000	1.0000000000
93.4934934935	1.0000000000	1.0000000000
93.6936936937	1.0000000000	1.0000000000
93.8938938939	1.0000000000	1.0000000000
94.0940940941	1.0000000000	1.0000000000
94.2942942943	1.0000000000	1.0000000000
94.4944944945	1.0000000000	1.0000000000
94.6946946947	1.0000000000	1.0000000000
94.8948948949	1.0000000000	1.0000000000
95.0950950951	1.0000000000	1.0000000000
95.2952952953	1.0000000000	1.0000000000
95.4954954955	1.0000000000	1.0000000000
95.6956956957	1.0000000000	1.0000000000
95.8958958959	1.0000000000	1.0000000000
96.0960960961	1.0000000000	1.0000000000
96.2962962963	1.0000000000	1.0000000000
96.4964964965	1.0000000000	1.0000000000
96.6966966967	1.0000000000	1.0000000000
96.8968968969	1.0000000000	1.0000000000
97.0970970971	1.0000000000	1.0000000000
97.2972972973	1.0000000000	1.0000000000
97.4974974975	1.0000000000	1.0000000000
97.6976976977	1.0000000000	1.0000000000
97.8978978979	1.0000000000	1.0000000000
98.0980980981	1.0000000000	1.0000000000
98.2982982983	1.0000000000	1.0000000000
98.4984984985	1.0000000000	1.0000000000
98.6986986987	1.0000000000	1.0000000000
98.8988988989	1.0000000000	1.0000000000
99.0990990991	1.0000000000	1.0000000000
99.2992992993	1.0000000000	1.0000000000
99.4994994995	1.0000000000	1.0000000000
99.6996996997	1.0000000000	1.0000000000
99.8998998999	1.0000000000	1.0000000000
100.1001001001	1.0000000000	1.0000000000
100.3003003003	1.0000000000	1.0000000000
100.5005005005	1.0000000000	1.0000000000
100.7007007007	1.0000000000	1.0000000000
100.9009009009	1.0000000000	1.0000000000
101.1011011011	1.0000000000	1.0000000000
101.3013013013	1.0000000000	1.0000000000
101.5015015015	1.0000000000	1.0000000000
101.7017017017	1.0000000000	1.0000000000
101.9019019019	1.0000000000	1.0000000000
102.1021021021	1.0000000000	1.0000000000
102.3023023023	1.0000000000	1.0000000000
102.5025025025	1.0000000000	1.0000000000
102.7027027027	1.0000000000	1.0000000000
102.9029029029	1.0000000000	1.0000000000
103.1031031031	1.0000000000	1.0000000000
103.3033033033	1.0000000000	1.0000000000
103.5035035035	1.0000000000	1.0000000000
103.7037037037	1.0000000000	1.0000000000
103.9039039039	1.0000000000	1.0000000000
104.1041041041	1.0000000000	1.0000000000
104.3043043043	1.0000000000	1.0000000000
104.5045045045	1.0000000000	1.0000000000
104.7047047047	1.0000000000	1.0000000000
104.9049049049	1.0000000000	1.0000000000
105.1051051051	1.0000000000	1.0000000000
105.3053053053	1.0000000000	1.0000000000
105.5055055055	1.0000000000	1.0000000000
105.7057057057	1.0000000000	1.0000000000
105.9059059059	1.0000000000	1.0000000000
106.1061061061	1.0000000000	1.0000000000
106.3063063063	1.0000000000	1.0000000000
106.5065065065	1.0000000000	1.0000000000
106.7067067067	1.0000000000	1.0000000000
106.9069069069	1.0000000000	1.0000000000
107.1071071071	1.0000000000	1.0000000000
107.3073073073	1.0000000000	1.0000000000
107.5075075075	1.0000000000	1.0000000000
107.7077077077	1.0000000000	1.0000000000
107.9079079079	1.0000000000	1.0000000000
108.1081081081	1.0000000000	1.0000000000
108.3083083083	1.0000000000	1.0000000000
108.5085085085	1.0000000000	1.0000000000
108.7087087087	1.0000000000	1.0000000000
108.9089089089	1.0000000000	1.0000000000
109.1091091091	1.0000000000	1.0000000000
109.3093093093	1.0000000000	1.0000000000
109.5095095095	1.0000000000	1.0000000000
109.7097097097	1.0000000000	1.0000000000
109.9099099099	1.0000000000	1.0000000000
110.1101101101	1.0000000000	1.0000000000
110.3103103103	1.0000000000	1.0000000000
110.5105105105	1.0000000000	1.0000000000
110.7107107107	1.0000000000	1.0000000000
110.9109109109	1.0000000000	1.0000000000
111.1111111111	1.0000000000	1.0000000000
111.3113113113	1.0000000000	1.0000000000
111.5115115115	1.0000000000	1.0000000000
111.7117117117	1.0000000000	1.0000000000
111.9119119119	1.0000000000	1.0000000000
112.1121121121	1.0000000000	1.0000000000
112.3123123123	1.0000000000	1.0000000000
112.5125125125	1.0000000000	1.0000000000
112.7127127127	1.0000000000	1.0000000000
112.9129129129	1.0000000000	1.0000000000
113.1131131131	1.0000000000	1.0000000000
113.3133133133	1.0000000000	1.0000000000
113.5135135135	1.0000000000	1.0000000000
113.7137137137	1.0000000000	1.0000000000
113.9139139139	1.0000000000	1.0000000000
114.1141141141	1.0000000000	1.0000000000
114.3143143143	1.0000000000	1.0000000000
114.5145145145	1.0000000000	1.0000000000
114.7147147147	1.0000000000	1.0000000000
114.9149149149	1.0000000000	1.0000000000
115.1151151151	1.0000000000	1.0000000000
115.3153153153	1.0000000000	1.0000000000
115.5155155155	1.0000000000	1.0000000000
115.7157157157	1.0000000000	1.0000000000
115.9159159159	1.0000000000	1.0000000000
116.1161161161	1.0000000000	1.0000000000
116.3163163163	1.0000000000	1.0000000000
116.5165165165	1.0000000000	1.0000000000
116.7167167167	1.0000000000	1.0000000000
116.9169169169	1.0000000000	1.0000000000
117.1171171171	1.0000000000	1.0000000000
117.3173173173	1.0000000000	1.0000000000
117.5175175175	1.0000000000	1.0000000000
117.7177177177	1.0000000000	1.0000000000
117.9179179179	1.0000000000	1.0000000000
118.1181181181	1.0000000000	1.0000000000
118.3183183183	1.0000000000	1.0000000000
118.5185185185	1.0000000000	1.0000000000
118.7187187187	1.0000000000	1.0000000000
118.9189189189	1.0000000000	1.0000000000
119.1191191191	1.0000000000	1.0000000000
119.3193193193	1.0000000000	1.0000000000
119.5195195195	1.0000000000	1.0000000000
119.7197197197	1.0000000000	1.0000000000
119.9199199199	1.0000000000	1.0000000000
120.1201201201	1.0000000000	1.0000000000
120.3203203203	1.0000000000	1.0000000000
120.5205205205	1.0000000000	1.0000000000
120.7207207207	1.0000000000	1.0000000000
120.9209209209	1.0000000000	1.0000000000
121.1211211211	1.0000000000	1.0000000000
121.3213213213	1.0000000000	1.0000000000
121.5215215215	1.0000000000	1.0000000000
121.7217217217	1.0000000000	1.0000000000
121.9219219219	1.0000000000	1.0000000000
122.1221221221	1.0000000000	1.0000000000
122.3223223223	1.0000000000	1.0000000000
122.5225225225	1.0000000000	1.0000000000
122.7227227227	1.0000000000	1.0000000000
122.9229229229	1.0000000000	1.0000000000
123.1231231231	1.0000000000	1.0000000000
123.3233233233	1.0000000000	1.0000000000
123.5235235235	1.0000000000	1.0000000000
123.7237237237	1.0000000000	1.0000000000
123.9239239239	1.0000000000	1.0000000000
124.1241241241	1.0000000000	1.0000000000
124.3243243243	1.0000000000	1.0000000000
124.5245245245	1.0000000000	1.0000000000
124.7247247247	1.0000000000	1.0000000000
124.9249249249	1.0000000000	1.0000000000
125.1251251251	1.0000000000	1.0000000000
125.3253253253	1.0000000000	1.0000000000
125.5255255255	1.0000000000	1.0000000000
125.7257257257	1.0000000000	1.0000000000
125.9259259259	1.0000000000	1.0000000000
126.1261261261	1.0000000000	1.0000000000
126.3263263263	1.0000000000	1.0000000000
126.5265265265	1.0000000000	1.0000000000
126.7267267267	1.0000000000	1.0000000000
126.9269269269	1.0000000000	1.0000000000
127.1271271271	1.0000000000	1.0000000000
127.3273273273	1.0000000000	1.0000000000
127.5275275275	1.0000000000	1.0000000000
127.7277277277	1.0000000000	1.0000000000
127.9279279279	1.0000000000	1.0000000000
128.1281281281	1.0000000000	1.0000000000
128.3283283283	1.0000000000	1.0000000000
128.5285285285	1.0000000000	1.0000000000
128.7287287287	1.0000000000	1.0000000000
128.9289289289	1.0000000000	1.0000000000
129.1291291291	1.0000000000	1.0000000000
129.3293293293	1.0000000000	1.0000000000
129.5295295295	1.0000000000	1.0000000000
129.7297297297	1.0000000000	1.0000000000
129.9299299299	1.0000000000	1.0000000000
130.1301301301	1.0000000000	1.0000000000
130.3303303303	1.0000000000	1.0000000000
130.5305305305	1.0000000000	1.0000000000
130.7307307307	1.0000000000	1.0000000000
130.9309309309	1.0000000000	1.0000000000
131.1311311311	1.0000000000	1.0000000000
131.3313313313	1.0000000000	1.0000000000
131.5315315315	1.0000000000	1.0000000000
131.7317317317	1.0000000000	1.0000000000
131.9319319319	1.0000000000	1.0000000000
132.1321321321	1.0000000000	1.0000000000
132.3323323323	1.0000000000	1.0000000000
132.5325325325	1.0000000000	1.0000000000
132.7327327327	1.0000000000	1.0000000000
132.9329329329	1.0000000000	1.0000000000
133.1331331331	1.0000000000	1.0000000000
133.3333333333	1.0000000000	1.0000000000
133.5335335335	1.0000000000	1.0000000000
133.7337337337	1.0000000000	1.0000000000
133.9339339339	1.0000000000	1.0000000000
134.1341341341	1.0000000000	1.0000000000
134.3343343343	1.0000000000	1.0000000000
134.5345345345	1.0000000000	1.0000000000
134.7347347347	1.0000000000	1.0000000000
134.9349349349	1.0000000000	1.0000000000
135.1351351351	1.0000000000	1.0000000000
135.3353353353	1.0000000000	1.0000000000
135.5355355355	1.0000000000	1.0000000000
135.7357357357	1.0000000000	1.0000000000
135.9359359359	1.0000000000	1.0000000000
136.1361361361	1.0000000000	1.0000000000
136.3363363363	1.0000000000	1.0000000000
136.5365365365	1.0000000000	1.0000000000
136.7367367367	1.0000000000	1.0000000000
136.9369369369	1.0000000000	1.0000000000
137.1371371371	1.0000000000	1.0000000000
137.3373373373	1.0000000000	1.0000000000
137.5375375375	1.0000000000	1.0000000000
137.7377377377	1.0000000000	1.0000000000
137.9379379379	1.0000000000	1.0000000000
138.1381381381	1.0000000000	1.0000000000
138.3383383383	1.0000000000	1.0000000000
138.5385385385	1.0000000000	1.0000000000
138.7387387387	1.0000000000	1.0000000000
138.9389389389	1.0000000000	1.0000000000
139.1391391391	1.0000000000	1.0000000000
139.3393393393	1.0000000000	1.0000000000
139.5395395395	1.0000000000	1.0000000000
139.7397397397	1.0000000000	1.0000000000
139.9399399399	1.0000000000	1.0000000000
140.1401401401	1.0000000000	1.0000000000
140.3403403403	1.0000000000	1.0000000000
140.5405405405	1.0000000000	1.0000000000
140.7407407407	1.0000000000	1.0000000000
140.9409409409	1.0000000000	1.0000000000
141.1411411411	1.0000000000	1.0000000000
141.3413413413	1.0000000000	1.0000000000
141.5415415415	1.0000000000	1.0000000000
141.7417417417	1.0000000000	1.0000000000
141.9419419419	1.0000000000	1.0000000000
142.1421421421	1.0000000000	1.0000000000
142.3423423423	1.0000000000	1.0000000000
142.5425425425	1.0000000000	1.0000000000
142.7427427427	1.0000000000	1.0000000000
142.9429429429	1.0000000000	1.0000000000
143.1431431431	1.0000000000	1.0000000000
143.3433433433	1.0000000000	1.0000000000
143.5435435435	1.0000000000	1.0000000000
143.7437437437	1.0000000000	1.0000000000
143.9439439439	1.0000000000	1.0000000000
144.1441441441	1.0000000000	1.0000000000
144.3443443443	1.0000000000	1.0000000000
144.5445445445	1.0000000000	1.0000000000
144.7447447447	1.0000000000	1.0000000000
144.9449449449	1.0000000000	1.0000000000
145.1451451451	1.0000000000	1.0000000000
145.3453453453	1.0000000000	1.0000000000
145.5455455455	1.0000000000	1.0000000000
145.7457457457	1.0000000000	1.0000000000
145.9459459459	1.0000000000	1.0000000000
146.1461461461	1.0000000000	1.0000000000
146.3463463463	1.0000000000	1.0000000000
146.5465465465	1.0000000000	1.0000000000
146.7467467467	1.0000000000	1.0000000000
146.9469469469	1.0000000000	1.0000000000
147.1471471471	1.0000000000	1.0000000000
147.3473473473	1.0000000000	1.0000000000
147.5475475475	1.0000000000	1.0000000000
147.7477477477	1.0000000000	1.0000000000
147.9479479479	1.0000000000	1.0000000000
148.1481481481	1.0000000000	1.0000000000
148.3483483483	1.0000000000	1.0000000000
148.5485485485	1.0000000000	1.0000000000
148.7487487487	1.0000000000	1.0000000000
148.9489489489	1.0000000000	1.0000000000
149.1491491491	1.0000000000	1.0000000000
149.3493493493	1.0000000000	1.0000000000
149.5495495495	1.0000000000	1.0000000000
149.7497497497	1.0000000000	1.0000000000
149.9499499499	1.0000000000	1.0000000000
150.1501501502	1.0000000000	1.0000000000
150.3503503504	1.0000000000	1.0000000000
150.5505505506	1.0000000000	1.0000000000
150.7507507508	1.0000000000	1.0000000000
150.9509509510	1.0000000000	1.0000000000
151.1511511512	1.0000000000	1.0000000000
151.3513513514	1.0000000000	1.0000000000
151.5515515516	1.0000000000	1.0000000000
151.7517517518	1.0000000000	1.0000000000
151.9519519520	1.0000000000	1.0000000000
152.1521521522	1.0000000000	1.0000000000
152.3523523524	1.0000000000	1.0000000000
152.5525525526	1.0000000000	1.0000000000
152.7527527528	1.0000000000	1.0000000000
152.9529529530	1.0000000000	1.0000000000
153.1531531532	1.0000000000	1.0000000000
153.3533533534	1.0000000000	1.0000000000
153.5535535536	1.0000000000	1.0000000000
153.7537537538	1.0000000000	1.0000000000
153.9539539540	1.0000000000	1.0000000000
154.1541541542	1.0000000000	1.0000000000
154.3543543544	1.0000000000	1.0000000000
154.5545545546	1.0000000000	1.0000000000
154.7547547548	1.0000000000	1.0000000000
154.9549549550	1.0000000000	1.0000000000
155.1551551552	1.0000000000	1.0000000000
155.3553553554	1.0000000000	1.0000000000
155.5555555556	1.0000000000	1.0000000000
155.7557557558	1.0000000000	1.0000000000
155.9559559560	1.0000000000	1.0000000000
156.1561561562	1.0000000000	1.0000000000
156.3563563564	1.0000000000	1.0000000000
156.5565565566	1.0000000000	1.0000000000
156.7567567568	1.0000000000	1.0000000000
156.9569569570	1.0000000000	1.0000000000
157.1571571572	1.0000000000	1.0000000000
157.3573573574	1.0000000000	1.0000000000
157.5575575576	1.0000000000	1.0000000000
157.7577577578	1.0000000000	1.0000000000
157.9579579580	1.0000000000	1.0000000000
158.1581581582	1.0000000000	1.0000000000
158.3583583584	1.0000000000	1.0000000000
158.5585585586	1.0000000000	1.0000000000
158.7587587588	1.0000000000	1.0000000000
158.9589589590	1.0000000000	1.0000000000
159.1591591592	1.0000000000	1.0000000000
159.3593593594	1.0000000000	1.0000000000
159.5595595596	1.0000000000	1.0000000000
159.7597597598	1.0000000000	1.0000000000
159.9599599600	1.0000000000	1.0000000000
160.1601601602	1.0000000000	1.0000000000
160.3603603604	1.0000000000	1.0000000000
160.5605605606	1.0000000000	1.0000000000
160.7607607608	1.0000000000	1.0000000000
160.9609609610	1.0000000000	1.0000000000
161.1611611612	1.0000000000	1.0000000000
161.3613613614	1.0000000000	1.0000000000
161.5615615616	1.0000000000	1.0000000000
161.7617617618	1.0000000000	1.0000000000
161.9619619620	1.0000000000	1.0000000000
162.1621621622	1.0000000000	1.0000000000
162.3623623624	1.0000000000	1.0000000000
162.5625625626	1.0000000000	1.0000000000
162.7627627628	1.0000000000	1.0000000000
162.9629629630	1.0000000000	1.0000000000
163.1631631632	1.0000000000	1.0000000000
163.3633633634	1.0000000000	1.0000000000
163.5635635636	1.0000000000	1.0000000000
163.7637637638	1.0000000000	1.0000000000
163.9639639640	1.0000000000	1.0000000000
164.1641641642	1.0000000000	1.0000000000
164.3643643644	1.0000000000	1.0000000000
164.5645645646	1.0000000000	1.0000000000
164.7647647648	1.0000000000	1.0000000000
164.9649649650	1.0000000000	1.0000000000
165.1651651652	1.0000000000	1.0000000000
165.3653653654	1.0000000000	1.0000000000
165.5655655656	1.0000000000	1.0000000000
165.7657657658	1.0000000000	1.0000000000
165.9659659660	1.0000000000	1.0000000000
166.1661661662	1.0000000000	1.0000000000
166.3663663664	1.0000000000	1.0000000000
166.5665665666	1.0000000000	1.0000000000
166.7667667668	1.0000000000	1.0000000000
166.9669669670	1.0000000000	1.0000000000
167.1671671672	1.0000000000	1.0000000000
167.3673673674	1.0000000000	1.0000000000
167.5675675676	1.0000000000	1.0000000000
167.7677677678	1.0000000000	1.0000000000
167.9679679680	1.0000000000	1.0000000000
168.1681681682	1.0000000000	1.0000000000
168.3683683684	1.0000000000	1.0000000000
168.5685685686	1.0000000000	1.0000000000
168.7687687688	1.0000000000	1.0000000000
168.9689689690	1.0000000000	1.0000000000
169.1691691692	1.0000000000	1.0000000000
169.3693693694	1.0000000000	1.0000000000
169.5695695696	1.0000000000	1.0000000000
169.7697697698	1.0000000000	1.0000000000
169.9699699700	1.0000000000	1.0000000000
170.1701701702	1.0000000000	1.0000000000
170.3703703704	1.0000000000	1.0000000000
170.5705705706	1.0000000000	1.0000000000
170.7707707708	1.0000000000	1.0000000000
170.9709709710	1.0000000000	1.0000000000
171.1711711712	1.0000000000	1.0000000000
171.3713713714	1.0000000000	1.0000000000
171.5715715716	1.0000000000	1.0000000000
171.7717717718	1.0000000000	1.0000000000
171.9719719720	1.0000000000	1.0000000000
172.1721721722	1.0000000000	1.0000000000
172.3723723724	1.0000000000	1.0000000000
172.5725725726	1.0000000000	1.0000000000
172.7727727728	1.0000000000	1.0000000000
172.9729729730	1.0000000000	1.0000000000
173.1731731732	1.0000000000	1.0000000000
173.3733733734	1.0000000000	1.0000000000
173.5735735736	1.0000000000	1.0000000000
173.7737737738	1.0000000000	1.0000000000
173.9739739740	1.0000000000	1.0000000000
174.1741741742	1.0000000000	1.0000000000
174.3743743744	1.0000000000	1.0000000000
174.5745745746	1.0000000000	1.0000000000
174.7747747748	1.0000000000	1.0000000000
174.9749749750	1.0000000000	1.0000000000
175.1751751752	1.0000000000	1.0000000000
175.3753753754	1.0000000000	1.0000000000
175.5755755756	1.0000000000	1.0000000000
175.7757757758	1.0000000000	1.0000000000
175.9759759760	1.0000000000	1.0000000000
176.1761761762	1.0000000000	1.0000000000
176.3763763764	1.0000000000	1.0000000000
176.5765765766	1.0000000000	1.0000000000
176.7767767768	1.0000000000	1.0000000000
176.9769769770	1.0000000000	1.0000000000
177.1771771772	1.0000000000	1.0000000000
177.3773773774	1.0000000000	1.0000000000
177.5775775776	1.0000000000	1.0000000000
177.7777777778	1.0000000000	1.0000000000
177.9779779780	1.0000000000	1.0000000000
178.1781781782	1.0000000000	1.0000000000
178.3783783784	1.0000000000	1.0000000000
178.5785785786	1.0000000000	1.0000000000
178.7787787788	1.0000000000	1.0000000000
178.9789789790	1.0000000000	1.0000000000
179.1791791792	1.0000000000	1.0000000000
179.3793793794	1.0000000000	1.0000000000
179.5795795796	1.0000000000	1.0000000000
179.7797797798	1.0000000000	1.0000000000
179.9799799800	1.0000000000	1.0000000000
180.1801801802	1.0000000000	1.0000000000
180.3803803804	1.0000000000	1.0000000000
180.5805805806	1.0000000000	1.0000000000
180.7807807808	1.0000000000	1.0000000000
180.9809809810	1.0000000000	1.0000000000
181.1811811812	1.0000000000	1.0000000000
181.3813813814	1.0000000000	1.0000000000
181.5815815816	1.0000000000	1.0000000000
181.7817817818	1.0000000000	1.0000000000
181.9819819820	1.0000000000	1.0000000000
182.1821821822	1.0000000000	1.0000000000
182.3823823824	1.0000000000	1.0000000000
182.5825825826	1.0000000000	1.0000000000
182.7827827828	1.0000000000	1.0000000000
182.9829829830	1.0000000000	1.0000000000
183.1831831832	1.0000000000	1.0000000000
183.3833833834	1.0000000000	1.0000000000
183.5835835836	1.0000000000	1.0000000000
183.7837837838	1.0000000000	1.0000000000
183.9839839840	1.0000000000	1.0000000000
184.1841841842	1.0000000000	1.0000000000
184.3843843844	1.0000000000	1.0000000000
184.5845845846	1.0000000000	1.0000000000
184.7847847848	1.0000000000	1.0000000000
184.9849849850	1.0000000000	1.0000000000
185.1851851852	1.0000000000	1.0000000000
185.3853853854	1.0000000000	1.0000000000
185.5855855856	1.0000000000	1.0000000000
185.7857857858	1.0000000000	1.0000000000
185.9859859860	1.0000000000	1.0000000000
186.1861861862	1.0000000000	1.0000000000
186.3863863864	1.0000000000	1.0000000000
186.5865865866	1.0000000000	1.0000000000
186.7867867868	1.0000000000	1.0000000000
186.9869869870	1.0000000000	1.0000000000
187.1871871872	1.0000000000	1.0000000000
187.3873873874	1.0000000000	1.0000000000
187.5875875876	1.0000000000	1.0000000000
187.7877877878	1.0000000000	1.0000000000
187.9879879880	1.0000000000	1.0000000000
188.1881881882	1.0000000000	1.0000000000
188.3883883884	1.0000000000	1.0000000000
188.5885885886	1.0000000000	1.0000000000
188.7887887888	1.0000000000	1.0000000000
188.9889889890	1.0000000000	1.0000000000
189.1891891892	1.0000000000	1.0000000000
189.3893893894	1.0000000000	1.0000000000
189.5895895896	1.0000000000	1.0000000000
189.7897897898	1.0000000000	1.0000000000
189.9899899900	1.0000000000	1.0000000000
190.1901901902	1.0000000000	1.0000000000
190.3903903904	1.0000000000	1.0000000000
190.5905905906	1.0000000000	1.0000000000
190.7907907908	1.0000000000	1.0000000000
190.9909909910	1.0000000000	1.0000000000
191.1911911912	1.0000000000	1.0000000000
191.3913913914	1.0000000000	1.0000000000
191.5915915916	1.0000000000	1.0000000000
191.7917917918	1.0000000000	1.0000000000
191.9919919920	1.0000000000	1.0000000000
192.1921921922	1.0000000000	1.0000000000
192.3923923924	1.0000000000	1.0000000000
192.5925925926	1.0000000000	1.0000000000
192.7927927928	1.0000000000	1.0000000000
192.9929929930	1.0000000000	1.0000000000
193.1931931932	1.0000000000	1.0000000000
193.3933933934	1.0000000000	1.0000000000
193.5935935936	1.0000000000	1.0000000000
193.7937937938	1.0000000000	1.0000000000
193.9939939940	1.0000000000	1.0000000000
194.1941941942	1.0000000000	1.0000000000
194.3943943944	1.0000000000	1.0000000000
194.5945945946	1.0000000000	1.0000000000
194.7947947948	1.0000000000	1.0000000000
194.9949949950	1.0000000000	1.0000000000
195.1951951952	1.0000000000	1.0000000000
195.3953953954	1.0000000000	1.0000000000
195.5955955956	1.0000000000	1.0000000000
195.7957957958	1.0000000000	1.0000000000
195.9959959960	1.0000000000	1.0000000000
196.1961961962	1.0000000000	1.0000000000
196.3963963964	1.0000000000	1.0000000000
196.5965965966	1.0000000000	1.0000000000
196.7967967968	1.0000000000	1.0000000000
196.9969969970	1.0000000000	1.0000000000
197.1971971972	1.0000000000	1.0000000000
197.3973973974	1.0000000000	1.0000000000
197.5975975976	1.0000000000	1.0000000000
197.7977977978	1.0000000000	1.0000000000
197.9979979980	1.0000000000	1.0000000000
198.1981981982	1.0000000000	1.0000000000
198.3983983984	1.0000000000	1.0000000000
198.5985985986	1.0000000000	1.0000000000
198.7987987988	1.0000000000	1.0000000000
198.9989989990	1.0000000000	1.0000000000
199.1991991992	1.0000000000	1.0000000000
199.3993993994	1.0000000000	1.0000000000
199.5995995996	1.0000000000	1.0000000000
199.7997997998	1.0000000000	1.0000000000
200.0000000000	1.0000000000	1.0000000000
