9.999999999999999547e-07	1.000000000000000000e+00	1.000000000000000000e+00
2.002011991991992090e-01	1.000000000000000000e+00	1.000000000000000000e+00
4.004013983983983893e-01	1.000000000000000000e+00	1.000000000000000000e+00
6.006015975975976806e-01	1.000000000000000000e+00	1.000000000000000000e+00
8.008017967967968609e-01	1.000000000000000000e+00	1.000000000000000000e+00
1.001001995995995930e+00	1.000000000000000000e+00	1.000000000000000000e+00
1.201202195195195221e+00	1.000000000000000000e+00	1.000000000000000000e+00
1.401402394394394291e+00	1.000000000000000000e+00	1.000000000000000000e+00
1.601602593593593582e+00	1.000000000000000000e+00	1.000000000000000000e+00
1.801802792792792873e+00	1.000000000000000000e+00	1.000000000000000000e+00
2.002002991991992165e+00	1.000000000000000000e+00	1.000000000000000000e+00
2.202203191191191234e+00	1.000000000000000000e+00	1.000000000000000000e+00
2.402403390390390747e+00	1.000000000000000000e+00	1.000000000000000000e+00
2.602603589589589816e+00	1.000000000000000000e+00	1.000000000000000000e+00
2.802803788788788886e+00	1.000000000000000000e+00	1.000000000000000000e+00
3.003003987987988399e+00	1.000000000000000000e+00	1.000000000000000000e+00
3.203204187187187468e+00	1.000000000000000000e+00	1.000000000000000000e+00
3.403404386386386538e+00	1.000000000000000000e+00	1.000000000000000000e+00
3.603604585585586051e+00	1.000000000000000000e+00	1.000000000000000000e+00
3.803804784784785120e+00	1.000000000000000000e+00	1.000000000000000000e+00
4.004004983983984189e+00	1.000000000000000000e+00	1.000000000000000000e+00
4.204205183183183259e+00	1.000000000000000000e+00	1.000000000000000000e+00
4.404405382382382328e+00	1.000000000000000000e+00	1.000000000000000000e+00
4.604605581581582285e+00	1.000000000000000000e+00	1.000000000000000000e+00
4.804805780780781355e+00	1.000000000000000000e+00	1.000000000000000000e+00
5.005005979979980424e+00	1.000000000000000000e+00	1.000000000000000000e+00
5.205206179179179493e+00	1.000000000000000000e+00	1.000000000000000000e+00
5.405406378378378562e+00	1.000000000000000000e+00	1.000000000000000000e+00
5.605606577577577632e+00	1.000000000000000000e+00	1.000000000000000000e+00
5.805806776776777589e+00	1.000000000000000000e+00	1.000000000000000000e+00
6.006006975975976658e+00	1.000000000000000000e+00	1.000000000000000000e+00
6.206207175175175728e+00	1.000000000000000000e+00	1.000000000000000000e+00
6.406407374374374797e+00	1.000000000000000000e+00	1.000000000000000000e+00
6.606607573573573866e+00	1.000000000000000000e+00	1.000000000000000000e+00
6.806807772772772935e+00	1.000000000000000000e+00	1.000000000000000000e+00
7.007007971971972005e+00	1.000000000000000000e+00	1.000000000000000000e+00
7.207208171171171962e+00	1.000000000000000000e+00	1.000000000000000000e+00
7.407408370370371031e+00	1.000000000000000000e+00	1.000000000000000000e+00
7.607608569569570101e+00	1.000000000000000000e+00	1.000000000000000000e+00
7.807808768768769170e+00	1.000000000000000000e+00	1.000000000000000000e+00
8.008008967967967351e+00	1.000000000000000000e+00	1.000000000000000000e+00
8.208209167167167308e+00	1.000000000000000000e+00	1.000000000000000000e+00
8.408409366366365489e+00	1.000000000000000000e+00	1.000000000000000000e+00
8.608609565565565447e+00	1.000000000000000000e+00	1.000000000000000000e+00
8.808809764764763628e+00	1.000000000000000000e+00	1.000000000000000000e+00
9.009009963963963585e+00	1.000000000000000000e+00	1.000000000000000000e+00
9.209210163163163543e+00	1.000000000000000000e+00	1.000000000000000000e+00
9.409410362362361724e+00	1.000000000000000000e+00	1.000000000000000000e+00
9.609610561561561681e+00	1.000000000000000000e+00	1.000000000000000000e+00
9.809810760760759862e+00	1.000000000000000000e+00	1.000000000000000000e+00
1.001001095995995982e+01	1.000000000000000000e+00	1.000000000000000000e+00
1.021021115915915800e+01	1.000000000000000000e+00	1.000000000000000000e+00
1.041041135835835796e+01	1.000000000000000000e+00	1.000000000000000000e+00
1.061061155755755792e+01	1.000000000000000000e+00	1.000000000000000000e+00
1.081081175675675610e+01	1.000000000000000000e+00	1.000000000000000000e+00
1.101101195595595605e+01	1.000000000000000000e+00	1.000000000000000000e+00
1.121121215515515424e+01	1.000000000000000000e+00	1.000000000000000000e+00
1.141141235435435419e+01	1.000000000000000000e+00	1.000000000000000000e+00
1.161161255355355415e+01	1.000000000000000000e+00	1.000000000000000000e+00
1.181181275275275233e+01	1.000000000000000000e+00	1.000000000000000000e+00
1.201201295195195229e+01	1.000000000000000000e+00	1.000000000000000000e+00
1.221221315115115047e+01	1.000000000000000000e+00	1.000000000000000000e+00
1.241241335035035043e+01	1.000000000000000000e+00	1.000000000000000000e+00
1.261261354954954861e+01	1.000000000000000000e+00	1.000000000000000000e+00
1.281281374874874857e+01	1.000000000000000000e+00	1.000000000000000000e+00
1.301301394794794852e+01	1.000000000000000000e+00	1.000000000000000000e+00
1.321321414714714670e+01	1.000000000000000000e+00	1.000000000000000000e+00
1.341341434634634666e+01	1.000000000000000000e+00	1.000000000000000000e+00
1.361361454554554484e+01	1.000000000000000000e+00	1.000000000000000000e+00
1.381381474474474480e+01	1.000000000000000000e+00	1.000000000000000000e+00
1.401401494394394298e+01	1.000000000000000000e+00	1.000000000000000000e+00
1.421421514314314294e+01	1.000000000000000000e+00	1.000000000000000000e+00
1.441441534234234290e+01	1.000000000000000000e+00	1.000000000000000000e+00
1.461461554154154108e+01	1.000000000000000000e+00	1.000000000000000000e+00
1.481481574074074103e+01	1.000000000000000000e+00	1.000000000000000000e+00
1.501501593993993922e+01	1.000000000000000000e+00	1.000000000000000000e+00
1.521521613913913917e+01	1.000000000000000000e+00	1.000000000000000000e+00
1.541541633833833913e+01	1.000000000000000000e+00	1.000000000000000000e+00
1.561561653753753731e+01	1.000000000000000000e+00	1.000000000000000000e+00
1.581581673673673727e+01	1.000000000000000000e+00	1.000000000000000000e+00
1.601601693593593723e+01	1.000000000000000000e+00	1.000000000000000000e+00
1.621621713513513541e+01	1.000000000000000000e+00	1.000000000000000000e+00
1.641641733433433714e+01	1.000000000000000000e+00	1.000000000000000000e+00
1.661661753353353532e+01	1.000000000000000000e+00	1.000000000000000000e+00
1.681681773273273350e+01	1.000000000000000000e+00	1.000000000000000000e+00
1.701701793193193524e+01	1.000000000000000000e+00	1.000000000000000000e+00
1.721721813113113342e+01	1.000000000000000000e+00	1.000000000000000000e+00
1.741741833033033160e+01	1.000000000000000000e+00	1.000000000000000000e+00
1.761761852952952978e+01	1.000000000000000000e+00	1.000000000000000000e+00
1.781781872872873151e+01	1.000000000000000000e+00	1.000000000000000000e+00
1.801801892792792970e+01	1.000000000000000000e+00	1.000000000000000000e+00
1.821821912712712788e+01	1.000000000000000000e+00	1.000000000000000000e+00
1.841841932632632961e+01	1.000000000000000000e+00	1.000000000000000000e+00
1.861861952552552779e+01	1.000000000000000000e+00	1.000000000000000000e+00
1.881881972472472597e+01	1.000000000000000000e+00	1.000000000000000000e+00
1.901901992392392415e+01	1.000000000000000000e+00	1.000000000000000000e+00
1.921922012312312589e+01	1.000000000000000000e+00	1.000000000000000000e+00
1.941942032232232407e+01	1.000000000000000000e+00	1.000000000000000000e+00
1.961962052152152225e+01	1.000000000000000000e+00	1.000000000000000000e+00
1.981982072072072398e+01	1.000000000000000000e+00	1.000000000000000000e+00
2.002002091991992216e+01	1.000000000000000000e+00	1.000000000000000000e+00
2.022022111911912035e+01	1.000000000000000000e+00	1.000000000000000000e+00
2.042042131831831853e+01	1.000000000000000000e+00	1.000000000000000000e+00
2.062062151751752026e+01	1.000000000000000000e+00	1.000000000000000000e+00
2.082082171671671844e+01	1.000000000000000000e+00	1.000000000000000000e+00
2.102102191591591662e+01	1.000000000000000000e+00	1.000000000000000000e+00
2.122122211511511836e+01	1.000000000000000000e+00	1.000000000000000000e+00
2.142142231431431654e+01	1.000000000000000000e+00	1.000000000000000000e+00
2.162162251351351472e+01	1.000000000000000000e+00	1.000000000000000000e+00
2.182182271271271645e+01	1.000000000000000000e+00	1.000000000000000000e+00
2.202202291191191463e+01	1.000000000000000000e+00	1.000000000000000000e+00
2.222222311111111281e+01	1.000000000000000000e+00	1.000000000000000000e+00
2.242242331031031100e+01	1.000000000000000000e+00	1.000000000000000000e+00
2.262262350950951273e+01	1.000000000000000000e+00	1.000000000000000000e+00
2.282282370870871091e+01	1.000000000000000000e+00	1.000000000000000000e+00
2.302302390790790909e+01	1.000000000000000000e+00	1.000000000000000000e+00
2.322322410710711083e+01	1.000000000000000000e+00	1.000000000000000000e+00
2.342342430630630901e+01	1.000000000000000000e+00	1.000000000000000000e+00
2.362362450550550719e+01	1.000000000000000000e+00	1.000000000000000000e+00
2.382382470470470537e+01	1.000000000000000000e+00	1.000000000000000000e+00
2.402402490390390710e+01	1.000000000000000000e+00	1.000000000000000000e+00
2.422422510310310528e+01	1.000000000000000000e+00	1.000000000000000000e+00
2.442442530230230346e+01	1.000000000000000000e+00	1.000000000000000000e+00
2.462462550150150520e+01	1.000000000000000000e+00	1.000000000000000000e+00
2.482482570070070338e+01	1.000000000000000000e+00	1.000000000000000000e+00
2.502502589989990156e+01	1.000000000000000000e+00	1.000000000000000000e+00
2.522522609909909974e+01	1.000000000000000000e+00	1.000000000000000000e+00
2.542542629829830148e+01	1.000000000000000000e+00	1.000000000000000000e+00
2.562562649749749966e+01	1.000000000000000000e+00	1.000000000000000000e+00
2.582582669669669784e+01	1.000000000000000000e+00	1.000000000000000000e+00
2.602602689589589957e+01	1.000000000000000000e+00	1.000000000000000000e+00
2.622622709509509775e+01	1.000000000000000000e+00	1.000000000000000000e+00
2.642642729429429593e+01	1.000000000000000000e+00	1.000000000000000000e+00
2.662662749349349411e+01	1.000000000000000000e+00	1.000000000000000000e+00
2.682682769269269585e+01	1.000000000000000000e+00	1.000000000000000000e+00
2.702702789189189403e+01	1.000000000000000000e+00	1.000000000000000000e+00
2.722722809109109221e+01	1.000000000000000000e+00	1.000000000000000000e+00
2.742742829029029394e+01	1.000000000000000000e+00	1.000000000000000000e+00
2.762762848948949213e+01	1.000000000000000000e+00	1.000000000000000000e+00
2.782782868868869031e+01	1.000000000000000000e+00	1.000000000000000000e+00
2.802802888788788849e+01	1.000000000000000000e+00	1.000000000000000000e+00
2.822822908708709022e+01	1.000000000000000000e+00	1.000000000000000000e+00
2.842842928628628840e+01	1.000000000000000000e+00	1.000000000000000000e+00
2.862862948548548658e+01	1.000000000000000000e+00	1.000000000000000000e+00
2.882882968468468832e+01	1.000000000000000000e+00	1.000000000000000000e+00
2.902902988388388650e+01	1.000000000000000000e+00	1.000000000000000000e+00
2.922923008308308468e+01	1.000000000000000000e+00	1.000000000000000000e+00
2.942943028228228286e+01	1.000000000000000000e+00	1.000000000000000000e+00
2.962963048148148459e+01	1.000000000000000000e+00	1.000000000000000000e+00
2.982983068068068278e+01	1.000000000000000000e+00	1.000000000000000000e+00
3.003003087987988096e+01	1.000000000000000000e+00	1.000000000000000000e+00
3.023023107907908269e+01	1.000000000000000000e+00	1.000000000000000000e+00
3.043043127827828087e+01	1.000000000000000000e+00	1.000000000000000000e+00
3.063063147747747905e+01	1.000000000000000000e+00	1.000000000000000000e+00
3.083083167667668079e+01	1.000000000000000000e+00	1.000000000000000000e+00
3.103103187587587897e+01	1.000000000000000000e+00	1.000000000000000000e+00
3.123123207507507715e+01	1.000000000000000000e+00	1.000000000000000000e+00
3.143143227427427533e+01	1.000000000000000000e+00	1.000000000000000000e+00
3.163163247347347706e+01	1.000000000000000000e+00	1.000000000000000000e+00
3.183183267267267524e+01	1.000000000000000000e+00	1.000000000000000000e+00
3.203203287187186987e+01	1.000000000000000000e+00	1.000000000000000000e+00
3.223223307107107161e+01	1.000000000000000000e+00	1.000000000000000000e+00
3.243243327027026623e+01	1.000000000000000000e+00	1.000000000000000000e+00
3.263263346946946797e+01	1.000000000000000000e+00	1.000000000000000000e+00
3.283283366866866970e+01	1.000000000000000000e+00	1.000000000000000000e+00
3.303303386786786433e+01	1.000000000000000000e+00	1.000000000000000000e+00
3.323323406706706606e+01	1.000000000000000000e+00	1.000000000000000000e+00
3.343343426626626780e+01	1.000000000000000000e+00	1.000000000000000000e+00
3.363363446546546243e+01	1.000000000000000000e+00	1.000000000000000000e+00
3.383383466466466416e+01	1.000000000000000000e+00	1.000000000000000000e+00
3.403403486386386589e+01	1.000000000000000000e+00	1.000000000000000000e+00
3.423423506306306052e+01	1.000000000000000000e+00	1.000000000000000000e+00
3.443443526226226226e+01	1.000000000000000000e+00	1.000000000000000000e+00
3.463463546146146399e+01	1.000000000000000000e+00	1.000000000000000000e+00
3.483483566066065862e+01	1.000000000000000000e+00	1.000000000000000000e+00
3.503503585985986035e+01	1.000000000000000000e+00	1.000000000000000000e+00
3.523523605905905498e+01	1.000000000000000000e+00	1.000000000000000000e+00
3.543543625825825671e+01	1.000000000000000000e+00	1.000000000000000000e+00
3.563563645745745845e+01	1.000000000000000000e+00	1.000000000000000000e+00
3.583583665665665308e+01	1.000000000000000000e+00	1.000000000000000000e+00
3.603603685585585481e+01	1.000000000000000000e+00	1.000000000000000000e+00
3.623623705505505654e+01	1.000000000000000000e+00	1.000000000000000000e+00
3.643643725425425117e+01	1.000000000000000000e+00	1.000000000000000000e+00
3.663663745345345291e+01	1.000000000000000000e+00	1.000000000000000000e+00
3.683683765265265464e+01	1.000000000000000000e+00	1.000000000000000000e+00
3.703703785185184927e+01	1.000000000000000000e+00	1.000000000000000000e+00
3.723723805105105100e+01	1.000000000000000000e+00	1.000000000000000000e+00
3.743743825025025274e+01	1.000000000000000000e+00	1.000000000000000000e+00
3.763763844944944736e+01	1.000000000000000000e+00	1.000000000000000000e+00
3.783783864864864910e+01	1.000000000000000000e+00	1.000000000000000000e+00
3.803803884784784373e+01	1.000000000000000000e+00	1.000000000000000000e+00
3.823823904704704546e+01	1.000000000000000000e+00	1.000000000000000000e+00
3.843843924624624719e+01	1.000000000000000000e+00	1.000000000000000000e+00
3.863863944544544182e+01	1.000000000000000000e+00	1.000000000000000000e+00
3.883883964464464356e+01	1.000000000000000000e+00	1.000000000000000000e+00
3.903903984384384529e+01	1.000000000000000000e+00	1.000000000000000000e+00
3.923924004304303992e+01	1.000000000000000000e+00	1.000000000000000000e+00
3.943944024224224165e+01	1.000000000000000000e+00	1.000000000000000000e+00
3.963964044144144339e+01	1.000000000000000000e+00	1.000000000000000000e+00
3.983984064064063801e+01	1.000000000000000000e+00	1.000000000000000000e+00
4.004004083983983975e+01	1.000000000000000000e+00	1.000000000000000000e+00
4.024024103903904148e+01	1.000000000000000000e+00	1.000000000000000000e+00
4.044044123823823611e+01	1.000000000000000000e+00	1.000000000000000000e+00
4.064064143743743784e+01	1.000000000000000000e+00	1.000000000000000000e+00
4.084084163663663247e+01	1.000000000000000000e+00	1.000000000000000000e+00
4.104104183583583421e+01	1.000000000000000000e+00	1.000000000000000000e+00
4.124124203503503594e+01	1.000000000000000000e+00	1.000000000000000000e+00
4.144144223423423057e+01	1.000000000000000000e+00	1.000000000000000000e+00
4.164164243343343230e+01	1.000000000000000000e+00	1.000000000000000000e+00
4.184184263263263404e+01	1.000000000000000000e+00	1.000000000000000000e+00
4.204204283183182866e+01	1.000000000000000000e+00	1.000000000000000000e+00
4.224224303103103040e+01	1.000000000000000000e+00	1.000000000000000000e+00
4.244244323023023213e+01	1.000000000000000000e+00	1.000000000000000000e+00
4.264264342942942676e+01	1.000000000000000000e+00	1.000000000000000000e+00
4.284284362862862849e+01	1.000000000000000000e+00	1.000000000000000000e+00
4.304304382782783023e+01	1.000000000000000000e+00	1.000000000000000000e+00
4.324324402702702486e+01	1.000000000000000000e+00	1.000000000000000000e+00
4.344344422622622659e+01	1.000000000000000000e+00	1.000000000000000000e+00
4.364364442542542832e+01	1.000000000000000000e+00	1.000000000000000000e+00
4.384384462462462295e+01	1.000000000000000000e+00	1.000000000000000000e+00
4.404404482382382469e+01	1.000000000000000000e+00	1.000000000000000000e+00
4.424424502302301931e+01	1.000000000000000000e+00	1.000000000000000000e+00
4.444444522222222105e+01	1.000000000000000000e+00	1.000000000000000000e+00
4.464464542142142278e+01	1.000000000000000000e+00	1.000000000000000000e+00
4.484484562062061741e+01	1.000000000000000000e+00	1.000000000000000000e+00
4.504504581981981914e+01	1.000000000000000000e+00	1.000000000000000000e+00
4.524524601901902088e+01	1.000000000000000000e+00	1.000000000000000000e+00
4.544544621821821551e+01	1.000000000000000000e+00	1.000000000000000000e+00
4.564564641741741724e+01	1.000000000000000000e+00	1.000000000000000000e+00
4.584584661661661897e+01	1.000000000000000000e+00	1.000000000000000000e+00
4.604604681581581360e+01	1.000000000000000000e+00	1.000000000000000000e+00
4.624624701501501534e+01	1.000000000000000000e+00	1.000000000000000000e+00
4.644644721421421707e+01	1.000000000000000000e+00	1.000000000000000000e+00
4.664664741341341170e+01	1.000000000000000000e+00	1.000000000000000000e+00
4.684684761261261343e+01	1.000000000000000000e+00	1.000000000000000000e+00
4.704704781181180806e+01	1.000000000000000000e+00	1.000000000000000000e+00
4.724724801101100979e+01	1.000000000000000000e+00	1.000000000000000000e+00
4.744744821021021153e+01	1.000000000000000000e+00	1.000000000000000000e+00
4.764764840940940616e+01	1.000000000000000000e+00	1.000000000000000000e+00
4.784784860860860789e+01	1.000000000000000000e+00	1.000000000000000000e+00
4.804804880780780962e+01	1.000000000000000000e+00	1.000000000000000000e+00
4.824824900700700425e+01	1.000000000000000000e+00	1.000000000000000000e+00
4.844844920620620599e+01	1.000000000000000000e+00	1.000000000000000000e+00
4.864864940540540772e+01	1.000000000000000000e+00	1.000000000000000000e+00
4.884884960460460235e+01	1.000000000000000000e+00	1.000000000000000000e+00
4.904904980380380408e+01	1.000000000000000000e+00	1.000000000000000000e+00
4.924925000300300582e+01	1.000000000000000000e+00	1.000000000000000000e+00
4.944945020220220044e+01	1.000000000000000000e+00	1.000000000000000000e+00
4.964965040140140218e+01	1.000000000000000000e+00	1.000000000000000000e+00
4.984985060060059681e+01	1.000000000000000000e+00	1.000000000000000000e+00
5.005005079979979854e+01	1.000000000000000000e+00	1.000000000000000000e+00
5.025025099899900027e+01	1.000000000000000000e+00	1.000000000000000000e+00
5.045045119819819490e+01	1.000000000000000000e+00	1.000000000000000000e+00
5.065065139739739664e+01	1.000000000000000000e+00	1.000000000000000000e+00
5.085085159659659837e+01	1.000000000000000000e+00	1.000000000000000000e+00
5.105105179579579300e+01	1.000000000000000000e+00	1.000000000000000000e+00
5.125125199499499473e+01	1.000000000000000000e+00	1.000000000000000000e+00
5.145145219419419647e+01	1.000000000000000000e+00	1.000000000000000000e+00
5.165165239339339109e+01	1.000000000000000000e+00	1.000000000000000000e+00
5.185185259259259283e+01	1.000000000000000000e+00	1.000000000000000000e+00
5.205205279179179456e+01	1.000000000000000000e+00	1.000000000000000000e+00
5.225225299099098919e+01	1.000000000000000000e+00	1.000000000000000000e+00
5.245245319019019092e+01	1.000000000000000000e+00	1.000000000000000000e+00
5.265265338938939266e+01	1.000000000000000000e+00	1.000000000000000000e+00
5.285285358858858729e+01	1.000000000000000000e+00	1.000000000000000000e+00
5.305305378778778902e+01	1.000000000000000000e+00	1.000000000000000000e+00
5.325325398698698365e+01	1.000000000000000000e+00	1.000000000000000000e+00
5.345345418618618538e+01	1.000000000000000000e+00	1.000000000000000000e+00
5.365365438538538712e+01	1.000000000000000000e+00	1.000000000000000000e+00
5.385385458458458174e+01	1.000000000000000000e+00	1.000000000000000000e+00
5.405405478378378348e+01	1.000000000000000000e+00	1.000000000000000000e+00
5.425425498298298521e+01	1.000000000000000000e+00	1.000000000000000000e+00
5.445445518218217984e+01	1.000000000000000000e+00	1.000000000000000000e+00
5.465465538138138157e+01	1.000000000000000000e+00	1.000000000000000000e+00
5.485485558058058331e+01	1.000000000000000000e+00	1.000000000000000000e+00
5.505505577977977794e+01	1.000000000000000000e+00	1.000000000000000000e+00
5.525525597897897967e+01	1.000000000000000000e+00	1.000000000000000000e+00
5.545545617817818140e+01	1.000000000000000000e+00	1.000000000000000000e+00
5.565565637737737603e+01	1.000000000000000000e+00	1.000000000000000000e+00
5.585585657657657777e+01	1.000000000000000000e+00	1.000000000000000000e+00
5.605605677577577239e+01	1.000000000000000000e+00	1.000000000000000000e+00
5.625625697497497413e+01	1.000000000000000000e+00	1.000000000000000000e+00
5.645645717417417586e+01	1.000000000000000000e+00	1.000000000000000000e+00
5.665665737337337049e+01	1.000000000000000000e+00	1.000000000000000000e+00
5.685685757257257222e+01	1.000000000000000000e+00	1.000000000000000000e+00
5.705705777177177396e+01	1.000000000000000000e+00	1.000000000000000000e+00
5.725725797097096859e+01	1.000000000000000000e+00	1.000000000000000000e+00
5.745745817017017032e+01	1.000000000000000000e+00	1.000000000000000000e+00
5.765765836936937205e+01	1.000000000000000000e+00	1.000000000000000000e+00
5.785785856856856668e+01	1.000000000000000000e+00	1.000000000000000000e+00
5.805805876776776842e+01	1.000000000000000000e+00	1.000000000000000000e+00
5.825825896696697015e+01	1.000000000000000000e+00	1.000000000000000000e+00
5.845845916616616478e+01	1.000000000000000000e+00	1.000000000000000000e+00
5.865865936536536651e+01	1.000000000000000000e+00	1.000000000000000000e+00
5.885885956456456114e+01	1.000000000000000000e+00	1.000000000000000000e+00
5.905905976376376287e+01	1.000000000000000000e+00	1.000000000000000000e+00
5.925925996296296461e+01	1.000000000000000000e+00	1.000000000000000000e+00
5.945946016216215924e+01	1.000000000000000000e+00	1.000000000000000000e+00
5.965966036136136097e+01	1.000000000000000000e+00	1.000000000000000000e+00
5.985986056056056270e+01	1.000000000000000000e+00	1.000000000000000000e+00
6.006006075975975733e+01	1.000000000000000000e+00	1.000000000000000000e+00
6.026026095895895907e+01	1.000000000000000000e+00	1.000000000000000000e+00
6.046046115815816080e+01	1.000000000000000000e+00	1.000000000000000000e+00
6.066066135735735543e+01	1.000000000000000000e+00	1.000000000000000000e+00
6.086086155655655716e+01	1.000000000000000000e+00	1.000000000000000000e+00
6.106106175575575890e+01	1.000000000000000000e+00	1.000000000000000000e+00
6.126126195495495352e+01	1.000000000000000000e+00	1.000000000000000000e+00
6.146146215415415526e+01	1.000000000000000000e+00	1.000000000000000000e+00
6.166166235335335699e+01	1.000000000000000000e+00	1.000000000000000000e+00
6.186186255255255162e+01	1.000000000000000000e+00	1.000000000000000000e+00
6.206206275175175335e+01	1.000000000000000000e+00	1.000000000000000000e+00
6.226226295095094798e+01	1.000000000000000000e+00	1.000000000000000000e+00
6.246246315015014972e+01	1.000000000000000000e+00	1.000000000000000000e+00
6.266266334934935145e+01	1.000000000000000000e+00	1.000000000000000000e+00
6.286286354854854608e+01	1.000000000000000000e+00	1.000000000000000000e+00
6.306306374774774781e+01	1.000000000000000000e+00	1.000000000000000000e+00
6.326326394694694955e+01	1.000000000000000000e+00	1.000000000000000000e+00
6.346346414614614417e+01	1.000000000000000000e+00	1.000000000000000000e+00
6.366366434534534591e+01	1.000000000000000000e+00	1.000000000000000000e+00
6.386386454454454764e+01	1.000000000000000000e+00	1.000000000000000000e+00
6.406406474374374227e+01	1.000000000000000000e+00	1.000000000000000000e+00
6.426426494294294400e+01	1.000000000000000000e+00	1.000000000000000000e+00
6.446446514214214574e+01	1.000000000000000000e+00	1.000000000000000000e+00
6.466466534134134747e+01	1.000000000000000000e+00	1.000000000000000000e+00
6.486486554054053499e+01	1.000000000000000000e+00	1.000000000000000000e+00
6.506506573973973673e+01	1.000000000000000000e+00	1.000000000000000000e+00
6.526526593893893846e+01	1.000000000000000000e+00	1.000000000000000000e+00
6.546546613813814020e+01	1.000000000000000000e+00	1.000000000000000000e+00
6.566566633733734193e+01	1.000000000000000000e+00	1.000000000000000000e+00
6.586586653653654366e+01	1.000000000000000000e+00	1.000000000000000000e+00
6.606606673573573119e+01	1.000000000000000000e+00	1.000000000000000000e+00
6.626626693493493292e+01	1.000000000000000000e+00	1.000000000000000000e+00
6.646646713413413465e+01	1.000000000000000000e+00	1.000000000000000000e+00
6.666666733333333639e+01	1.000000000000000000e+00	1.000000000000000000e+00
6.686686753253253812e+01	1.000000000000000000e+00	1.000000000000000000e+00
6.706706773173172564e+01	1.000000000000000000e+00	1.000000000000000000e+00
6.726726793093092738e+01	1.000000000000000000e+00	1.000000000000000000e+00
6.746746813013012911e+01	1.000000000000000000e+00	1.000000000000000000e+00
6.766766832932933085e+01	1.000000000000000000e+00	1.000000000000000000e+00
6.786786852852853258e+01	1.000000000000000000e+00	1.000000000000000000e+00
6.806806872772773431e+01	1.000000000000000000e+00	1.000000000000000000e+00
6.826826892692692184e+01	1.000000000000000000e+00	1.000000000000000000e+00
6.846846912612612357e+01	1.000000000000000000e+00	1.000000000000000000e+00
6.866866932532532530e+01	1.000000000000000000e+00	1.000000000000000000e+00
6.886886952452452704e+01	1.000000000000000000e+00	1.000000000000000000e+00
6.906906972372372877e+01	1.000000000000000000e+00	1.000000000000000000e+00
6.926926992292293050e+01	1.000000000000000000e+00	1.000000000000000000e+00
6.946947012212211803e+01	1.000000000000000000e+00	1.000000000000000000e+00
6.966967032132131976e+01	1.000000000000000000e+00	1.000000000000000000e+00
6.986987052052052150e+01	1.000000000000000000e+00	1.000000000000000000e+00
7.007007071971972323e+01	1.000000000000000000e+00	1.000000000000000000e+00
7.027027091891892496e+01	1.000000000000000000e+00	1.000000000000000000e+00
7.047047111811811249e+01	1.000000000000000000e+00	1.000000000000000000e+00
7.067067131731731422e+01	1.000000000000000000e+00	1.000000000000000000e+00
7.087087151651651595e+01	1.000000000000000000e+00	1.000000000000000000e+00
7.107107171571571769e+01	1.000000000000000000e+00	1.000000000000000000e+00
7.127127191491491942e+01	1.000000000000000000e+00	1.000000000000000000e+00
7.147147211411412115e+01	1.000000000000000000e+00	1.000000000000000000e+00
7.167167231331330868e+01	1.000000000000000000e+00	1.000000000000000000e+00
7.187187251251251041e+01	1.000000000000000000e+00	1.000000000000000000e+00
7.207207271171171215e+01	1.000000000000000000e+00	1.000000000000000000e+00
7.227227291091091388e+01	1.000000000000000000e+00	1.000000000000000000e+00
7.247247311011011561e+01	1.000000000000000000e+00	1.000000000000000000e+00
7.267267330930930314e+01	1.000000000000000000e+00	1.000000000000000000e+00
7.287287350850850487e+01	1.000000000000000000e+00	1.000000000000000000e+00
7.307307370770770660e+01	1.000000000000000000e+00	1.000000000000000000e+00
7.327327390690690834e+01	1.000000000000000000e+00	1.000000000000000000e+00
7.347347410610611007e+01	1.000000000000000000e+00	1.000000000000000000e+00
7.367367430530531180e+01	1.000000000000000000e+00	1.000000000000000000e+00
7.387387450450449933e+01	1.000000000000000000e+00	1.000000000000000000e+00
7.407407470370370106e+01	1.000000000000000000e+00	1.000000000000000000e+00
7.427427490290290280e+01	1.000000000000000000e+00	1.000000000000000000e+00
7.447447510210210453e+01	1.000000000000000000e+00	1.000000000000000000e+00
7.467467530130130626e+01	1.000000000000000000e+00	1.000000000000000000e+00
7.487487550050050800e+01	1.000000000000000000e+00	1.000000000000000000e+00
7.507507569969969552e+01	1.000000000000000000e+00	1.000000000000000000e+00
7.527527589889889725e+01	1.000000000000000000e+00	1.000000000000000000e+00
7.547547609809809899e+01	1.000000000000000000e+00	1.000000000000000000e+00
7.567567629729730072e+01	1.000000000000000000e+00	1.000000000000000000e+00
7.587587649649650245e+01	1.000000000000000000e+00	1.000000000000000000e+00
7.607607669569568998e+01	1.000000000000000000e+00	1.000000000000000000e+00
7.627627689489489171e+01	1.000000000000000000e+00	1.000000000000000000e+00
7.647647709409409345e+01	1.000000000000000000e+00	1.000000000000000000e+00
7.667667729329329518e+01	1.000000000000000000e+00	1.000000000000000000e+00
7.687687749249249691e+01	1.000000000000000000e+00	1.000000000000000000e+00
7.707707769169169865e+01	1.000000000000000000e+00	1.000000000000000000e+00
7.727727789089088617e+01	1.000000000000000000e+00	1.000000000000000000e+00
7.747747809009008790e+01	1.000000000000000000e+00	1.000000000000000000e+00
7.767767828928928964e+01	1.000000000000000000e+00	1.000000000000000000e+00
7.787787848848849137e+01	1.000000000000000000e+00	1.000000000000000000e+00
7.807807868768769310e+01	1.000000000000000000e+00	1.000000000000000000e+00
7.827827888688689484e+01	1.000000000000000000e+00	1.000000000000000000e+00
7.847847908608608236e+01	1.000000000000000000e+00	1.000000000000000000e+00
7.867867928528528410e+01	1.000000000000000000e+00	1.000000000000000000e+00
7.887887948448448583e+01	1.000000000000000000e+00	1.000000000000000000e+00
7.907907968368368756e+01	1.000000000000000000e+00	1.000000000000000000e+00
7.927927988288288930e+01	1.000000000000000000e+00	1.000000000000000000e+00
7.947948008208207682e+01	1.000000000000000000e+00	1.000000000000000000e+00
7.967968028128127855e+01	1.000000000000000000e+00	1.000000000000000000e+00
7.987988048048048029e+01	1.000000000000000000e+00	1.000000000000000000e+00
8.008008067967968202e+01	1.000000000000000000e+00	1.000000000000000000e+00
8.028028087887888375e+01	1.000000000000000000e+00	1.000000000000000000e+00
8.048048107807808549e+01	1.000000000000000000e+00	1.000000000000000000e+00
8.068068127727727301e+01	1.000000000000000000e+00	1.000000000000000000e+00
8.088088147647647475e+01	1.000000000000000000e+00	1.000000000000000000e+00
8.108108167567567648e+01	1.000000000000000000e+00	1.000000000000000000e+00
8.128128187487487821e+01	1.000000000000000000e+00	1.000000000000000000e+00
8.148148207407407995e+01	1.000000000000000000e+00	1.000000000000000000e+00
8.168168227327326747e+01	1.000000000000000000e+00	1.000000000000000000e+00
8.188188247247246920e+01	1.000000000000000000e+00	1.000000000000000000e+00
8.208208267167167094e+01	1.000000000000000000e+00	1.000000000000000000e+00
8.228228287087087267e+01	1.000000000000000000e+00	1.000000000000000000e+00
8.248248307007007440e+01	1.000000000000000000e+00	1.000000000000000000e+00
8.268268326926927614e+01	1.000000000000000000e+00	1.000000000000000000e+00
8.288288346846846366e+01	1.000000000000000000e+00	1.000000000000000000e+00
8.308308366766766540e+01	1.000000000000000000e+00	1.000000000000000000e+00
8.328328386686686713e+01	1.000000000000000000e+00	1.000000000000000000e+00
8.348348406606606886e+01	1.000000000000000000e+00	1.000000000000000000e+00
8.368368426526527060e+01	1.000000000000000000e+00	1.000000000000000000e+00
8.388388446446447233e+01	1.000000000000000000e+00	1.000000000000000000e+00
8.408408466366365985e+01	1.000000000000000000e+00	1.000000000000000000e+00
8.428428486286286159e+01	1.000000000000000000e+00	1.000000000000000000e+00
8.448448506206206332e+01	1.000000000000000000e+00	1.000000000000000000e+00
8.468468526126126505e+01	1.000000000000000000e+00	1.000000000000000000e+00
8.488488546046046679e+01	1.000000000000000000e+00	1.000000000000000000e+00
8.508508565965965431e+01	1.000000000000000000e+00	1.000000000000000000e+00
8.528528585885885605e+01	1.000000000000000000e+00	1.000000000000000000e+00
8.548548605805805778e+01	1.000000000000000000e+00	1.000000000000000000e+00
8.568568625725725951e+01	1.000000000000000000e+00	1.000000000000000000e+00
8.588588645645646125e+01	1.000000000000000000e+00	1.000000000000000000e+00
8.608608665565566298e+01	1.000000000000000000e+00	1.000000000000000000e+00
8.628628685485485050e+01	1.000000000000000000e+00	1.000000000000000000e+00
8.648648705405405224e+01	1.000000000000000000e+00	1.000000000000000000e+00
8.668668725325325397e+01	1.000000000000000000e+00	1.000000000000000000e+00
8.688688745245245570e+01	1.000000000000000000e+00	1.000000000000000000e+00
8.708708765165165744e+01	1.000000000000000000e+00	1.000000000000000000e+00
8.728728785085085917e+01	1.000000000000000000e+00	1.000000000000000000e+00
8.748748805005004670e+01	1.000000000000000000e+00	1.000000000000000000e+00
8.768768824924924843e+01	1.000000000000000000e+00	1.000000000000000000e+00
8.788788844844845016e+01	1.000000000000000000e+00	1.000000000000000000e+00
8.808808864764765190e+01	1.000000000000000000e+00	1.000000000000000000e+00
8.828828884684685363e+01	1.000000000000000000e+00	1.000000000000000000e+00
8.848848904604604115e+01	1.000000000000000000e+00	1.000000000000000000e+00
8.868868924524524289e+01	1.000000000000000000e+00	1.000000000000000000e+00
8.888888944444444462e+01	1.000000000000000000e+00	1.000000000000000000e+00
8.908908964364364635e+01	1.000000000000000000e+00	1.000000000000000000e+00
8.928928984284284809e+01	1.000000000000000000e+00	1.000000000000000000e+00
8.948949004204204982e+01	1.000000000000000000e+00	1.000000000000000000e+00
8.968969024124123735e+01	1.000000000000000000e+00	1.000000000000000000e+00
8.988989044044043908e+01	1.000000000000000000e+00	1.000000000000000000e+00
9.009009063963964081e+01	1.000000000000000000e+00	1.000000000000000000e+00
9.029029083883884255e+01	1.000000000000000000e+00	1.000000000000000000e+00
9.049049103803804428e+01	1.000000000000000000e+00	1.000000000000000000e+00
9.069069123723723180e+01	1.000000000000000000e+00	1.000000000000000000e+00
9.089089143643643354e+01	1.000000000000000000e+00	1.000000000000000000e+00
9.109109163563563527e+01	1.000000000000000000e+00	1.000000000000000000e+00
9.129129183483483700e+01	1.000000000000000000e+00	1.000000000000000000e+00
9.149149203403403874e+01	1.000000000000000000e+00	1.000000000000000000e+00
9.169169223323324047e+01	1.000000000000000000e+00	1.000000000000000000e+00
9.189189243243242800e+01	1.000000000000000000e+00	1.000000000000000000e+00
9.209209263163162973e+01	1.000000000000000000e+00	1.000000000000000000e+00
9.229229283083083146e+01	1.000000000000000000e+00	1.000000000000000000e+00
9.249249303003003320e+01	1.000000000000000000e+00	1.000000000000000000e+00
9.269269322922923493e+01	1.000000000000000000e+00	1.000000000000000000e+00
9.289289342842843666e+01	1.000000000000000000e+00	1.000000000000000000e+00
9.309309362762762419e+01	1.000000000000000000e+00	1.000000000000000000e+00
9.329329382682682592e+01	1.000000000000000000e+00	1.000000000000000000e+00
9.349349402602602765e+01	1.000000000000000000e+00	1.000000000000000000e+00
9.369369422522522939e+01	1.000000000000000000e+00	1.000000000000000000e+00
9.389389442442443112e+01	1.000000000000000000e+00	1.000000000000000000e+00
9.409409462362361865e+01	1.000000000000000000e+00	1.000000000000000000e+00
9.429429482282282038e+01	1.000000000000000000e+00	1.000000000000000000e+00
9.449449502202202211e+01	1.000000000000000000e+00	1.000000000000000000e+00
9.469469522122122385e+01	1.000000000000000000e+00	1.000000000000000000e+00
9.489489542042042558e+01	1.000000000000000000e+00	1.000000000000000000e+00
9.509509561961962731e+01	1.000000000000000000e+00	1.000000000000000000e+00
9.529529581881881484e+01	1.000000000000000000e+00	1.000000000000000000e+00
9.549549601801801657e+01	1.000000000000000000e+00	1.000000000000000000e+00
9.569569621721721830e+01	1.000000000000000000e+00	1.000000000000000000e+00
9.589589641641642004e+01	1.000000000000000000e+00	1.000000000000000000e+00
9.609609661561562177e+01	1.000000000000000000e+00	1.000000000000000000e+00
9.629629681481482351e+01	1.000000000000000000e+00	1.000000000000000000e+00
9.649649701401401103e+01	1.000000000000000000e+00	1.000000000000000000e+00
9.669669721321321276e+01	1.000000000000000000e+00	1.000000000000000000e+00
9.689689741241241450e+01	1.000000000000000000e+00	1.000000000000000000e+00
9.709709761161161623e+01	1.000000000000000000e+00	1.000000000000000000e+00
9.729729781081081796e+01	1.000000000000000000e+00	1.000000000000000000e+00
9.749749801001000549e+01	1.000000000000000000e+00	1.000000000000000000e+00
9.769769820920920722e+01	1.000000000000000000e+00	1.000000000000000000e+00
9.789789840840840895e+01	1.000000000000000000e+00	1.000000000000000000e+00
9.809809860760761069e+01	1.000000000000000000e+00	1.000000000000000000e+00
9.829829880680681242e+01	1.000000000000000000e+00	1.000000000000000000e+00
9.849849900600601416e+01	1.000000000000000000e+00	1.000000000000000000e+00
9.869869920520520168e+01	1.000000000000000000e+00	1.000000000000000000e+00
9.889889940440440341e+01	1.000000000000000000e+00	1.000000000000000000e+00
9.909909960360360515e+01	1.000000000000000000e+00	1.000000000000000000e+00
9.929929980280280688e+01	1.000000000000000000e+00	1.000000000000000000e+00
9.949950000200200861e+01	1.000000000000000000e+00	1.000000000000000000e+00
9.969970020120119614e+01	1.000000000000000000e+00	1.000000000000000000e+00
9.989990040040039787e+01	1.000000000000000000e+00	1.000000000000000000e+00
1.001001005995995996e+02	1.000000000000000000e+00	1.000000000000000000e+00
1.003003007987988013e+02	1.000000000000000000e+00	1.000000000000000000e+00
1.005005009979980031e+02	1.000000000000000000e+00	1.000000000000000000e+00
1.007007011971972048e+02	1.000000000000000000e+00	1.000000000000000000e+00
1.009009013963963923e+02	1.000000000000000000e+00	1.000000000000000000e+00
1.011011015955955941e+02	1.000000000000000000e+00	1.000000000000000000e+00
1.013013017947947958e+02	1.000000000000000000e+00	1.000000000000000000e+00
1.015015019939939975e+02	1.000000000000000000e+00	1.000000000000000000e+00
1.017017021931931993e+02	1.000000000000000000e+00	1.000000000000000000e+00
1.019019023923924010e+02	1.000000000000000000e+00	1.000000000000000000e+00
1.021021025915915885e+02	1.000000000000000000e+00	1.000000000000000000e+00
1.023023027907907903e+02	1.000000000000000000e+00	1.000000000000000000e+00
1.025025029899899920e+02	1.000000000000000000e+00	1.000000000000000000e+00
1.027027031891891937e+02	1.000000000000000000e+00	1.000000000000000000e+00
1.029029033883883955e+02	1.000000000000000000e+00	1.000000000000000000e+00
1.031031035875875830e+02	1.000000000000000000e+00	1.000000000000000000e+00
1.033033037867867847e+02	1.000000000000000000e+00	1.000000000000000000e+00
1.035035039859859864e+02	1.000000000000000000e+00	1.000000000000000000e+00
1.037037041851851882e+02	1.000000000000000000e+00	1.000000000000000000e+00
1.039039043843843899e+02	1.000000000000000000e+00	1.000000000000000000e+00
1.041041045835835916e+02	1.000000000000000000e+00	1.000000000000000000e+00
1.043043047827827792e+02	1.000000000000000000e+00	1.000000000000000000e+00
1.045045049819819809e+02	1.000000000000000000e+00	1.000000000000000000e+00
1.047047051811811826e+02	1.000000000000000000e+00	1.000000000000000000e+00
1.049049053803803844e+02	1.000000000000000000e+00	1.000000000000000000e+00
1.051051055795795861e+02	1.000000000000000000e+00	1.000000000000000000e+00
1.053053057787787878e+02	1.000000000000000000e+00	1.000000000000000000e+00
1.055055059779779754e+02	1.000000000000000000e+00	1.000000000000000000e+00
1.057057061771771771e+02	1.000000000000000000e+00	1.000000000000000000e+00
1.059059063763763788e+02	1.000000000000000000e+00	1.000000000000000000e+00
1.061061065755755806e+02	1.000000000000000000e+00	1.000000000000000000e+00
1.063063067747747823e+02	1.000000000000000000e+00	1.000000000000000000e+00
1.065065069739739698e+02	1.000000000000000000e+00	1.000000000000000000e+00
1.067067071731731716e+02	1.000000000000000000e+00	1.000000000000000000e+00
1.069069073723723733e+02	1.000000000000000000e+00	1.000000000000000000e+00
1.071071075715715750e+02	1.000000000000000000e+00	1.000000000000000000e+00
1.073073077707707768e+02	1.000000000000000000e+00	1.000000000000000000e+00
1.075075079699699785e+02	1.000000000000000000e+00	1.000000000000000000e+00
1.077077081691691660e+02	1.000000000000000000e+00	1.000000000000000000e+00
1.079079083683683677e+02	1.000000000000000000e+00	1.000000000000000000e+00
1.081081085675675695e+02	1.000000000000000000e+00	1.000000000000000000e+00
1.083083087667667712e+02	1.000000000000000000e+00	1.000000000000000000e+00
1.085085089659659729e+02	1.000000000000000000e+00	1.000000000000000000e+00
1.087087091651651605e+02	1.000000000000000000e+00	1.000000000000000000e+00
1.089089093643643622e+02	1.000000000000000000e+00	1.000000000000000000e+00
1.091091095635635639e+02	1.000000000000000000e+00	1.000000000000000000e+00
1.093093097627627657e+02	1.000000000000000000e+00	1.000000000000000000e+00
1.095095099619619674e+02	1.000000000000000000e+00	1.000000000000000000e+00
1.097097101611611691e+02	1.000000000000000000e+00	1.000000000000000000e+00
1.099099103603603567e+02	1.000000000000000000e+00	1.000000000000000000e+00
1.101101105595595584e+02	1.000000000000000000e+00	1.000000000000000000e+00
1.103103107587587601e+02	1.000000000000000000e+00	1.000000000000000000e+00
1.105105109579579619e+02	1.000000000000000000e+00	1.000000000000000000e+00
1.107107111571571636e+02	1.000000000000000000e+00	1.000000000000000000e+00
1.109109113563563653e+02	1.000000000000000000e+00	1.000000000000000000e+00
1.111111115555555529e+02	1.000000000000000000e+00	1.000000000000000000e+00
1.113113117547547546e+02	1.000000000000000000e+00	1.000000000000000000e+00
1.115115119539539563e+02	1.000000000000000000e+00	1.000000000000000000e+00
1.117117121531531581e+02	1.000000000000000000e+00	1.000000000000000000e+00
1.119119123523523598e+02	1.000000000000000000e+00	1.000000000000000000e+00
1.121121125515515473e+02	1.000000000000000000e+00	1.000000000000000000e+00
1.123123127507507490e+02	1.000000000000000000e+00	1.000000000000000000e+00
1.125125129499499508e+02	1.000000000000000000e+00	1.000000000000000000e+00
1.127127131491491525e+02	1.000000000000000000e+00	1.000000000000000000e+00
1.129129133483483542e+02	1.000000000000000000e+00	1.000000000000000000e+00
1.131131135475475560e+02	1.000000000000000000e+00	1.000000000000000000e+00
1.133133137467467435e+02	1.000000000000000000e+00	1.000000000000000000e+00
1.135135139459459452e+02	1.000000000000000000e+00	1.000000000000000000e+00
1.137137141451451470e+02	1.000000000000000000e+00	1.000000000000000000e+00
1.139139143443443487e+02	1.000000000000000000e+00	1.000000000000000000e+00
1.141141145435435504e+02	1.000000000000000000e+00	1.000000000000000000e+00
1.143143147427427522e+02	1.000000000000000000e+00	1.000000000000000000e+00
1.145145149419419397e+02	1.000000000000000000e+00	1.000000000000000000e+00
1.147147151411411414e+02	1.000000000000000000e+00	1.000000000000000000e+00
1.149149153403403432e+02	1.000000000000000000e+00	1.000000000000000000e+00
1.151151155395395449e+02	1.000000000000000000e+00	1.000000000000000000e+00
1.153153157387387466e+02	1.000000000000000000e+00	1.000000000000000000e+00
1.155155159379379342e+02	1.000000000000000000e+00	1.000000000000000000e+00
1.157157161371371359e+02	1.000000000000000000e+00	1.000000000000000000e+00
1.159159163363363376e+02	1.000000000000000000e+00	1.000000000000000000e+00
1.161161165355355394e+02	1.000000000000000000e+00	1.000000000000000000e+00
1.163163167347347411e+02	1.000000000000000000e+00	1.000000000000000000e+00
1.165165169339339428e+02	1.000000000000000000e+00	1.000000000000000000e+00
1.167167171331331303e+02	1.000000000000000000e+00	1.000000000000000000e+00
1.169169173323323321e+02	1.000000000000000000e+00	1.000000000000000000e+00
1.171171175315315338e+02	1.000000000000000000e+00	1.000000000000000000e+00
1.173173177307307355e+02	1.000000000000000000e+00	1.000000000000000000e+00
1.175175179299299373e+02	1.000000000000000000e+00	1.000000000000000000e+00
1.177177181291291248e+02	1.000000000000000000e+00	1.000000000000000000e+00
1.179179183283283265e+02	1.000000000000000000e+00	1.000000000000000000e+00
1.181181185275275283e+02	1.000000000000000000e+00	1.000000000000000000e+00
1.183183187267267300e+02	1.000000000000000000e+00	1.000000000000000000e+00
1.185185189259259317e+02	1.000000000000000000e+00	1.000000000000000000e+00
1.187187191251251335e+02	1.000000000000000000e+00	1.000000000000000000e+00
1.189189193243243210e+02	1.000000000000000000e+00	1.000000000000000000e+00
1.191191195235235227e+02	1.000000000000000000e+00	1.000000000000000000e+00
1.193193197227227245e+02	1.000000000000000000e+00	1.000000000000000000e+00
1.195195199219219262e+02	1.000000000000000000e+00	1.000000000000000000e+00
1.197197201211211279e+02	1.000000000000000000e+00	1.000000000000000000e+00
1.199199203203203297e+02	1.000000000000000000e+00	1.000000000000000000e+00
1.201201205195195172e+02	1.000000000000000000e+00	1.000000000000000000e+00
1.203203207187187189e+02	1.000000000000000000e+00	1.000000000000000000e+00
1.205205209179179207e+02	1.000000000000000000e+00	1.000000000000000000e+00
1.207207211171171224e+02	1.000000000000000000e+00	1.000000000000000000e+00
1.209209213163163241e+02	1.000000000000000000e+00	1.000000000000000000e+00
1.211211215155155116e+02	1.000000000000000000e+00	1.000000000000000000e+00
1.213213217147147134e+02	1.000000000000000000e+00	1.000000000000000000e+00
1.215215219139139151e+02	1.000000000000000000e+00	1.000000000000000000e+00
1.217217221131131168e+02	1.000000000000000000e+00	1.000000000000000000e+00
1.219219223123123186e+02	1.000000000000000000e+00	1.000000000000000000e+00
1.221221225115115203e+02	1.000000000000000000e+00	1.000000000000000000e+00
1.223223227107107078e+02	1.000000000000000000e+00	1.000000000000000000e+00
1.225225229099099096e+02	1.000000000000000000e+00	1.000000000000000000e+00
1.227227231091091113e+02	1.000000000000000000e+00	1.000000000000000000e+00
1.229229233083083130e+02	1.000000000000000000e+00	1.000000000000000000e+00
1.231231235075075148e+02	1.000000000000000000e+00	1.000000000000000000e+00
1.233233237067067165e+02	1.000000000000000000e+00	1.000000000000000000e+00
1.235235239059059040e+02	1.000000000000000000e+00	1.000000000000000000e+00
1.237237241051051058e+02	1.000000000000000000e+00	1.000000000000000000e+00
1.239239243043043075e+02	1.000000000000000000e+00	1.000000000000000000e+00
1.241241245035035092e+02	1.000000000000000000e+00	1.000000000000000000e+00
1.243243247027027110e+02	1.000000000000000000e+00	1.000000000000000000e+00
1.245245249019018985e+02	1.000000000000000000e+00	1.000000000000000000e+00
1.247247251011011002e+02	1.000000000000000000e+00	1.000000000000000000e+00
1.249249253003003020e+02	1.000000000000000000e+00	1.000000000000000000e+00
1.251251254994995037e+02	1.000000000000000000e+00	1.000000000000000000e+00
1.253253256986987054e+02	1.000000000000000000e+00	1.000000000000000000e+00
1.255255258978979072e+02	1.000000000000000000e+00	1.000000000000000000e+00
1.257257260970970947e+02	1.000000000000000000e+00	1.000000000000000000e+00
1.259259262962962964e+02	1.000000000000000000e+00	1.000000000000000000e+00
1.261261264954954981e+02	1.000000000000000000e+00	1.000000000000000000e+00
1.263263266946946999e+02	1.000000000000000000e+00	1.000000000000000000e+00
1.265265268938939016e+02	1.000000000000000000e+00	1.000000000000000000e+00
1.267267270930930891e+02	1.000000000000000000e+00	1.000000000000000000e+00
1.269269272922922909e+02	1.000000000000000000e+00	1.000000000000000000e+00
1.271271274914914926e+02	1.000000000000000000e+00	1.000000000000000000e+00
1.273273276906906943e+02	1.000000000000000000e+00	1.000000000000000000e+00
1.275275278898898961e+02	1.000000000000000000e+00	1.000000000000000000e+00
1.277277280890890978e+02	1.000000000000000000e+00	1.000000000000000000e+00
1.279279282882882853e+02	1.000000000000000000e+00	1.000000000000000000e+00
1.281281284874874871e+02	1.000000000000000000e+00	1.000000000000000000e+00
1.283283286866866888e+02	1.000000000000000000e+00	1.000000000000000000e+00
1.285285288858858905e+02	1.000000000000000000e+00	1.000000000000000000e+00
1.287287290850850923e+02	1.000000000000000000e+00	1.000000000000000000e+00
1.289289292842842940e+02	1.000000000000000000e+00	1.000000000000000000e+00
1.291291294834834957e+02	1.000000000000000000e+00	1.000000000000000000e+00
1.293293296826826975e+02	1.000000000000000000e+00	1.000000000000000000e+00
1.295295298818818992e+02	1.000000000000000000e+00	1.000000000000000000e+00
1.297297300810810725e+02	1.000000000000000000e+00	1.000000000000000000e+00
1.299299302802802742e+02	1.000000000000000000e+00	1.000000000000000000e+00
1.301301304794794760e+02	1.000000000000000000e+00	1.000000000000000000e+00
1.303303306786786777e+02	1.000000000000000000e+00	1.000000000000000000e+00
1.305305308778778794e+02	1.000000000000000000e+00	1.000000000000000000e+00
1.307307310770770812e+02	1.000000000000000000e+00	1.000000000000000000e+00
1.309309312762762829e+02	1.000000000000000000e+00	1.000000000000000000e+00
1.311311314754754846e+02	1.000000000000000000e+00	1.000000000000000000e+00
1.313313316746746864e+02	1.000000000000000000e+00	1.000000000000000000e+00
1.315315318738738881e+02	1.000000000000000000e+00	1.000000000000000000e+00
1.317317320730730899e+02	1.000000000000000000e+00	1.000000000000000000e+00
1.319319322722722632e+02	1.000000000000000000e+00	1.000000000000000000e+00
1.321321324714714649e+02	1.000000000000000000e+00	1.000000000000000000e+00
1.323323326706706666e+02	1.000000000000000000e+00	1.000000000000000000e+00
1.325325328698698684e+02	1.000000000000000000e+00	1.000000000000000000e+00
1.327327330690690701e+02	1.000000000000000000e+00	1.000000000000000000e+00
1.329329332682682718e+02	1.000000000000000000e+00	1.000000000000000000e+00
1.331331334674674736e+02	1.000000000000000000e+00	1.000000000000000000e+00
1.333333336666666753e+02	1.000000000000000000e+00	1.000000000000000000e+00
1.335335338658658770e+02	1.000000000000000000e+00	1.000000000000000000e+00
1.337337340650650788e+02	1.000000000000000000e+00	1.000000000000000000e+00
1.339339342642642805e+02	1.000000000000000000e+00	1.000000000000000000e+00
1.341341344634634538e+02	1.000000000000000000e+00	1.000000000000000000e+00
1.343343346626626555e+02	1.000000000000000000e+00	1.000000000000000000e+00
1.345345348618618573e+02	1.000000000000000000e+00	1.000000000000000000e+00
1.347347350610610590e+02	1.000000000000000000e+00	1.000000000000000000e+00
1.349349352602602607e+02	1.000000000000000000e+00	1.000000000000000000e+00
1.351351354594594625e+02	1.000000000000000000e+00	1.000000000000000000e+00
1.353353356586586642e+02	1.000000000000000000e+00	1.000000000000000000e+00
1.355355358578578659e+02	1.000000000000000000e+00	1.000000000000000000e+00
1.357357360570570677e+02	1.000000000000000000e+00	1.000000000000000000e+00
1.359359362562562694e+02	1.000000000000000000e+00	1.000000000000000000e+00
1.361361364554554712e+02	1.000000000000000000e+00	1.000000000000000000e+00
1.363363366546546445e+02	1.000000000000000000e+00	1.000000000000000000e+00
1.365365368538538462e+02	1.000000000000000000e+00	1.000000000000000000e+00
1.367367370530530479e+02	1.000000000000000000e+00	1.000000000000000000e+00
1.369369372522522497e+02	1.000000000000000000e+00	1.000000000000000000e+00
1.371371374514514514e+02	1.000000000000000000e+00	1.000000000000000000e+00
1.373373376506506531e+02	1.000000000000000000e+00	1.000000000000000000e+00
1.375375378498498549e+02	1.000000000000000000e+00	1.000000000000000000e+00
1.377377380490490566e+02	1.000000000000000000e+00	1.000000000000000000e+00
1.379379382482482583e+02	1.000000000000000000e+00	1.000000000000000000e+00
1.381381384474474601e+02	1.000000000000000000e+00	1.000000000000000000e+00
1.383383386466466618e+02	1.000000000000000000e+00	1.000000000000000000e+00
1.385385388458458635e+02	1.000000000000000000e+00	1.000000000000000000e+00
1.387387390450450368e+02	1.000000000000000000e+00	1.000000000000000000e+00
1.389389392442442386e+02	1.000000000000000000e+00	1.000000000000000000e+00
1.391391394434434403e+02	1.000000000000000000e+00	1.000000000000000000e+00
1.393393396426426420e+02	1.000000000000000000e+00	1.000000000000000000e+00
1.395395398418418438e+02	1.000000000000000000e+00	1.000000000000000000e+00
1.397397400410410455e+02	1.000000000000000000e+00	1.000000000000000000e+00
1.399399402402402472e+02	1.000000000000000000e+00	1.000000000000000000e+00
1.401401404394394490e+02	1.000000000000000000e+00	1.000000000000000000e+00
1.403403406386386507e+02	1.000000000000000000e+00	1.000000000000000000e+00
1.405405408378378525e+02	1.000000000000000000e+00	1.000000000000000000e+00
1.407407410370370542e+02	1.000000000000000000e+00	1.000000000000000000e+00
1.409409412362362275e+02	1.000000000000000000e+00	1.000000000000000000e+00
1.411411414354354292e+02	1.000000000000000000e+00	1.000000000000000000e+00
1.413413416346346310e+02	1.000000000000000000e+00	1.000000000000000000e+00
1.415415418338338327e+02	1.000000000000000000e+00	1.000000000000000000e+00
1.417417420330330344e+02	1.000000000000000000e+00	1.000000000000000000e+00
1.419419422322322362e+02	1.000000000000000000e+00	1.000000000000000000e+00
1.421421424314314379e+02	1.000000000000000000e+00	1.000000000000000000e+00
1.423423426306306396e+02	1.000000000000000000e+00	1.000000000000000000e+00
1.425425428298298414e+02	1.000000000000000000e+00	1.000000000000000000e+00
1.427427430290290431e+02	1.000000000000000000e+00	1.000000000000000000e+00
1.429429432282282448e+02	1.000000000000000000e+00	1.000000000000000000e+00
1.431431434274274181e+02	1.000000000000000000e+00	1.000000000000000000e+00
1.433433436266266199e+02	1.000000000000000000e+00	1.000000000000000000e+00
1.435435438258258216e+02	1.000000000000000000e+00	1.000000000000000000e+00
1.437437440250250233e+02	1.000000000000000000e+00	1.000000000000000000e+00
1.439439442242242251e+02	1.000000000000000000e+00	1.000000000000000000e+00
1.441441444234234268e+02	1.000000000000000000e+00	1.000000000000000000e+00
1.443443446226226285e+02	1.000000000000000000e+00	1.000000000000000000e+00
1.445445448218218303e+02	1.000000000000000000e+00	1.000000000000000000e+00
1.447447450210210320e+02	1.000000000000000000e+00	1.000000000000000000e+00
1.449449452202202338e+02	1.000000000000000000e+00	1.000000000000000000e+00
1.451451454194194355e+02	1.000000000000000000e+00	1.000000000000000000e+00
1.453453456186186088e+02	1.000000000000000000e+00	1.000000000000000000e+00
1.455455458178178105e+02	1.000000000000000000e+00	1.000000000000000000e+00
1.457457460170170123e+02	1.000000000000000000e+00	1.000000000000000000e+00
1.459459462162162140e+02	1.000000000000000000e+00	1.000000000000000000e+00
1.461461464154154157e+02	1.000000000000000000e+00	1.000000000000000000e+00
1.463463466146146175e+02	1.000000000000000000e+00	1.000000000000000000e+00
1.465465468138138192e+02	1.000000000000000000e+00	1.000000000000000000e+00
1.467467470130130209e+02	1.000000000000000000e+00	1.000000000000000000e+00
1.469469472122122227e+02	1.000000000000000000e+00	1.000000000000000000e+00
1.471471474114114244e+02	1.000000000000000000e+00	1.000000000000000000e+00
1.473473476106106261e+02	1.000000000000000000e+00	1.000000000000000000e+00
1.475475478098098279e+02	1.000000000000000000e+00	1.000000000000000000e+00
1.477477480090090012e+02	1.000000000000000000e+00	1.000000000000000000e+00
1.479479482082082029e+02	1.000000000000000000e+00	1.000000000000000000e+00
1.481481484074074046e+02	1.000000000000000000e+00	1.000000000000000000e+00
1.483483486066066064e+02	1.000000000000000000e+00	1.000000000000000000e+00
1.485485488058058081e+02	1.000000000000000000e+00	1.000000000000000000e+00
1.487487490050050098e+02	1.000000000000000000e+00	1.000000000000000000e+00
1.489489492042042116e+02	1.000000000000000000e+00	1.000000000000000000e+00
1.491491494034034133e+02	1.000000000000000000e+00	1.000000000000000000e+00
1.493493496026026151e+02	1.000000000000000000e+00	1.000000000000000000e+00
1.495495498018018168e+02	1.000000000000000000e+00	1.000000000000000000e+00
1.497497500010010185e+02	1.000000000000000000e+00	1.000000000000000000e+00
1.499499502002001918e+02	1.000000000000000000e+00	1.000000000000000000e+00
1.501501503993993936e+02	1.000000000000000000e+00	1.000000000000000000e+00
1.503503505985985953e+02	1.000000000000000000e+00	1.000000000000000000e+00
1.505505507977977970e+02	1.000000000000000000e+00	1.000000000000000000e+00
1.507507509969969988e+02	1.000000000000000000e+00	1.000000000000000000e+00
1.509509511961962005e+02	1.000000000000000000e+00	1.000000000000000000e+00
1.511511513953954022e+02	1.000000000000000000e+00	1.000000000000000000e+00
1.513513515945946040e+02	1.000000000000000000e+00	1.000000000000000000e+00
1.515515517937938057e+02	1.000000000000000000e+00	1.000000000000000000e+00
1.517517519929930074e+02	1.000000000000000000e+00	1.000000000000000000e+00
1.519519521921922092e+02	1.000000000000000000e+00	1.000000000000000000e+00
1.521521523913913825e+02	1.000000000000000000e+00	1.000000000000000000e+00
1.523523525905905842e+02	1.000000000000000000e+00	1.000000000000000000e+00
1.525525527897897859e+02	1.000000000000000000e+00	1.000000000000000000e+00
1.527527529889889877e+02	1.000000000000000000e+00	1.000000000000000000e+00
1.529529531881881894e+02	1.000000000000000000e+00	1.000000000000000000e+00
1.531531533873873911e+02	1.000000000000000000e+00	1.000000000000000000e+00
1.533533535865865929e+02	1.000000000000000000e+00	1.000000000000000000e+00
1.535535537857857946e+02	1.000000000000000000e+00	1.000000000000000000e+00
1.537537539849849964e+02	1.000000000000000000e+00	1.000000000000000000e+00
1.539539541841841981e+02	1.000000000000000000e+00	1.000000000000000000e+00
1.541541543833833998e+02	1.000000000000000000e+00	1.000000000000000000e+00
1.543543545825825731e+02	1.000000000000000000e+00	1.000000000000000000e+00
1.545545547817817749e+02	1.000000000000000000e+00	1.000000000000000000e+00
1.547547549809809766e+02	1.000000000000000000e+00	1.000000000000000000e+00
1.549549551801801783e+02	1.000000000000000000e+00	1.000000000000000000e+00
1.551551553793793801e+02	1.000000000000000000e+00	1.000000000000000000e+00
1.553553555785785818e+02	1.000000000000000000e+00	1.000000000000000000e+00
1.555555557777777835e+02	1.000000000000000000e+00	1.000000000000000000e+00
1.557557559769769853e+02	1.000000000000000000e+00	1.000000000000000000e+00
1.559559561761761870e+02	1.000000000000000000e+00	1.000000000000000000e+00
1.561561563753753887e+02	1.000000000000000000e+00	1.000000000000000000e+00
1.563563565745745905e+02	1.000000000000000000e+00	1.000000000000000000e+00
1.565565567737737922e+02	1.000000000000000000e+00	1.000000000000000000e+00
1.567567569729729655e+02	1.000000000000000000e+00	1.000000000000000000e+00
1.569569571721721672e+02	1.000000000000000000e+00	1.000000000000000000e+00
1.571571573713713690e+02	1.000000000000000000e+00	1.000000000000000000e+00
1.573573575705705707e+02	1.000000000000000000e+00	1.000000000000000000e+00
1.575575577697697724e+02	1.000000000000000000e+00	1.000000000000000000e+00
1.577577579689689742e+02	1.000000000000000000e+00	1.000000000000000000e+00
1.579579581681681759e+02	1.000000000000000000e+00	1.000000000000000000e+00
1.581581583673673777e+02	1.000000000000000000e+00	1.000000000000000000e+00
1.583583585665665794e+02	1.000000000000000000e+00	1.000000000000000000e+00
1.585585587657657811e+02	1.000000000000000000e+00	1.000000000000000000e+00
1.587587589649649829e+02	1.000000000000000000e+00	1.000000000000000000e+00
1.589589591641641562e+02	1.000000000000000000e+00	1.000000000000000000e+00
1.591591593633633579e+02	1.000000000000000000e+00	1.000000000000000000e+00
1.593593595625625596e+02	1.000000000000000000e+00	1.000000000000000000e+00
1.595595597617617614e+02	1.000000000000000000e+00	1.000000000000000000e+00
1.597597599609609631e+02	1.000000000000000000e+00	1.000000000000000000e+00
1.599599601601601648e+02	1.000000000000000000e+00	1.000000000000000000e+00
1.601601603593593666e+02	1.000000000000000000e+00	1.000000000000000000e+00
1.603603605585585683e+02	1.000000000000000000e+00	1.000000000000000000e+00
1.605605607577577700e+02	1.000000000000000000e+00	1.000000000000000000e+00
1.607607609569569718e+02	1.000000000000000000e+00	1.000000000000000000e+00
1.609609611561561735e+02	1.000000000000000000e+00	1.000000000000000000e+00
1.611611613553553468e+02	1.000000000000000000e+00	1.000000000000000000e+00
1.613613615545545485e+02	1.000000000000000000e+00	1.000000000000000000e+00
1.615615617537537503e+02	1.000000000000000000e+00	1.000000000000000000e+00
1.617617619529529520e+02	1.000000000000000000e+00	1.000000000000000000e+00
1.619619621521521537e+02	1.000000000000000000e+00	1.000000000000000000e+00
1.621621623513513555e+02	1.000000000000000000e+00	1.000000000000000000e+00
1.623623625505505572e+02	1.000000000000000000e+00	1.000000000000000000e+00
1.625625627497497590e+02	1.000000000000000000e+00	1.000000000000000000e+00
1.627627629489489607e+02	1.000000000000000000e+00	1.000000000000000000e+00
1.629629631481481624e+02	1.000000000000000000e+00	1.000000000000000000e+00
1.631631633473473642e+02	1.000000000000000000e+00	1.000000000000000000e+00
1.633633635465465375e+02	1.000000000000000000e+00	1.000000000000000000e+00
1.635635637457457392e+02	1.000000000000000000e+00	1.000000000000000000e+00
1.637637639449449409e+02	1.000000000000000000e+00	1.000000000000000000e+00
1.639639641441441427e+02	1.000000000000000000e+00	1.000000000000000000e+00
1.641641643433433444e+02	1.000000000000000000e+00	1.000000000000000000e+00
1.643643645425425461e+02	1.000000000000000000e+00	1.000000000000000000e+00
1.645645647417417479e+02	1.000000000000000000e+00	1.000000000000000000e+00
1.647647649409409496e+02	1.000000000000000000e+00	1.000000000000000000e+00
1.649649651401401513e+02	1.000000000000000000e+00	1.000000000000000000e+00
1.651651653393393531e+02	1.000000000000000000e+00	1.000000000000000000e+00
1.653653655385385548e+02	1.000000000000000000e+00	1.000000000000000000e+00
1.655655657377377565e+02	1.000000000000000000e+00	1.000000000000000000e+00
1.657657659369369298e+02	1.000000000000000000e+00	1.000000000000000000e+00
1.659659661361361316e+02	1.000000000000000000e+00	1.000000000000000000e+00
1.661661663353353333e+02	1.000000000000000000e+00	1.000000000000000000e+00
1.663663665345345350e+02	1.000000000000000000e+00	1.000000000000000000e+00
1.665665667337337368e+02	1.000000000000000000e+00	1.000000000000000000e+00
1.667667669329329385e+02	1.000000000000000000e+00	1.000000000000000000e+00
1.669669671321321403e+02	1.000000000000000000e+00	1.000000000000000000e+00
1.671671673313313420e+02	1.000000000000000000e+00	1.000000000000000000e+00
1.673673675305305437e+02	1.000000000000000000e+00	1.000000000000000000e+00
1.675675677297297455e+02	1.000000000000000000e+00	1.000000000000000000e+00
1.677677679289289472e+02	1.000000000000000000e+00	1.000000000000000000e+00
1.679679681281281205e+02	1.000000000000000000e+00	1.000000000000000000e+00
1.681681683273273222e+02	1.000000000000000000e+00	1.000000000000000000e+00
1.683683685265265240e+02	1.000000000000000000e+00	1.000000000000000000e+00
1.685685687257257257e+02	1.000000000000000000e+00	1.000000000000000000e+00
1.687687689249249274e+02	1.000000000000000000e+00	1.000000000000000000e+00
1.689689691241241292e+02	1.000000000000000000e+00	1.000000000000000000e+00
1.691691693233233309e+02	1.000000000000000000e+00	1.000000000000000000e+00
1.693693695225225326e+02	1.000000000000000000e+00	1.000000000000000000e+00
1.695695697217217344e+02	1.000000000000000000e+00	1.000000000000000000e+00
1.697697699209209361e+02	1.000000000000000000e+00	1.000000000000000000e+00
1.699699701201201378e+02	1.000000000000000000e+00	1.000000000000000000e+00
1.701701703193193111e+02	1.000000000000000000e+00	1.000000000000000000e+00
1.703703705185185129e+02	1.000000000000000000e+00	1.000000000000000000e+00
1.705705707177177146e+02	1.000000000000000000e+00	1.000000000000000000e+00
1.707707709169169163e+02	1.000000000000000000e+00	1.000000000000000000e+00
1.709709711161161181e+02	1.000000000000000000e+00	1.000000000000000000e+00
1.711711713153153198e+02	1.000000000000000000e+00	1.000000000000000000e+00
1.713713715145145216e+02	1.000000000000000000e+00	1.000000000000000000e+00
1.715715717137137233e+02	1.000000000000000000e+00	1.000000000000000000e+00
1.717717719129129250e+02	1.000000000000000000e+00	1.000000000000000000e+00
1.719719721121121268e+02	1.000000000000000000e+00	1.000000000000000000e+00
1.721721723113113285e+02	1.000000000000000000e+00	1.000000000000000000e+00
1.723723725105105018e+02	1.000000000000000000e+00	1.000000000000000000e+00
1.725725727097097035e+02	1.000000000000000000e+00	1.000000000000000000e+00
1.727727729089089053e+02	1.000000000000000000e+00	1.000000000000000000e+00
1.729729731081081070e+02	1.000000000000000000e+00	1.000000000000000000e+00
1.731731733073073087e+02	1.000000000000000000e+00	1.000000000000000000e+00
1.733733735065065105e+02	1.000000000000000000e+00	1.000000000000000000e+00
1.735735737057057122e+02	1.000000000000000000e+00	1.000000000000000000e+00
1.737737739049049139e+02	1.000000000000000000e+00	1.000000000000000000e+00
1.739739741041041157e+02	1.000000000000000000e+00	1.000000000000000000e+00
1.741741743033033174e+02	1.000000000000000000e+00	1.000000000000000000e+00
1.743743745025025191e+02	1.000000000000000000e+00	1.000000000000000000e+00
1.745745747017017209e+02	1.000000000000000000e+00	1.000000000000000000e+00
1.747747749009008942e+02	1.000000000000000000e+00	1.000000000000000000e+00
1.749749751001000959e+02	1.000000000000000000e+00	1.000000000000000000e+00
1.751751752992992976e+02	1.000000000000000000e+00	1.000000000000000000e+00
1.753753754984984994e+02	1.000000000000000000e+00	1.000000000000000000e+00
1.755755756976977011e+02	1.000000000000000000e+00	1.000000000000000000e+00
1.757757758968969029e+02	1.000000000000000000e+00	1.000000000000000000e+00
1.759759760960961046e+02	1.000000000000000000e+00	1.000000000000000000e+00
1.761761762952953063e+02	1.000000000000000000e+00	1.000000000000000000e+00
1.763763764944945081e+02	1.000000000000000000e+00	1.000000000000000000e+00
1.765765766936937098e+02	1.000000000000000000e+00	1.000000000000000000e+00
1.767767768928929115e+02	1.000000000000000000e+00	1.000000000000000000e+00
1.769769770920920848e+02	1.000000000000000000e+00	1.000000000000000000e+00
1.771771772912912866e+02	1.000000000000000000e+00	1.000000000000000000e+00
1.773773774904904883e+02	1.000000000000000000e+00	1.000000000000000000e+00
1.775775776896896900e+02	1.000000000000000000e+00	1.000000000000000000e+00
1.777777778888888918e+02	1.000000000000000000e+00	1.000000000000000000e+00
1.779779780880880935e+02	1.000000000000000000e+00	1.000000000000000000e+00
1.781781782872872952e+02	1.000000000000000000e+00	1.000000000000000000e+00
1.783783784864864970e+02	1.000000000000000000e+00	1.000000000000000000e+00
1.785785786856856987e+02	1.000000000000000000e+00	1.000000000000000000e+00
1.787787788848849004e+02	1.000000000000000000e+00	1.000000000000000000e+00
1.789789790840841022e+02	1.000000000000000000e+00	1.000000000000000000e+00
1.791791792832832755e+02	1.000000000000000000e+00	1.000000000000000000e+00
1.793793794824824772e+02	1.000000000000000000e+00	1.000000000000000000e+00
1.795795796816816789e+02	1.000000000000000000e+00	1.000000000000000000e+00
1.797797798808808807e+02	1.000000000000000000e+00	1.000000000000000000e+00
1.799799800800800824e+02	1.000000000000000000e+00	1.000000000000000000e+00
1.801801802792792842e+02	1.000000000000000000e+00	1.000000000000000000e+00
1.803803804784784859e+02	1.000000000000000000e+00	1.000000000000000000e+00
1.805805806776776876e+02	1.000000000000000000e+00	1.000000000000000000e+00
1.807807808768768894e+02	1.000000000000000000e+00	1.000000000000000000e+00
1.809809810760760911e+02	1.000000000000000000e+00	1.000000000000000000e+00
1.811811812752752928e+02	1.000000000000000000e+00	1.000000000000000000e+00
1.813813814744744661e+02	1.000000000000000000e+00	1.000000000000000000e+00
1.815815816736736679e+02	1.000000000000000000e+00	1.000000000000000000e+00
1.817817818728728696e+02	1.000000000000000000e+00	1.000000000000000000e+00
1.819819820720720713e+02	1.000000000000000000e+00	1.000000000000000000e+00
1.821821822712712731e+02	1.000000000000000000e+00	1.000000000000000000e+00
1.823823824704704748e+02	1.000000000000000000e+00	1.000000000000000000e+00
1.825825826696696765e+02	1.000000000000000000e+00	1.000000000000000000e+00
1.827827828688688783e+02	1.000000000000000000e+00	1.000000000000000000e+00
1.829829830680680800e+02	1.000000000000000000e+00	1.000000000000000000e+00
1.831831832672672817e+02	1.000000000000000000e+00	1.000000000000000000e+00
1.833833834664664835e+02	1.000000000000000000e+00	1.000000000000000000e+00
1.835835836656656852e+02	1.000000000000000000e+00	1.000000000000000000e+00
1.837837838648648585e+02	1.000000000000000000e+00	1.000000000000000000e+00
1.839839840640640602e+02	1.000000000000000000e+00	1.000000000000000000e+00
1.841841842632632620e+02	1.000000000000000000e+00	1.000000000000000000e+00
1.843843844624624637e+02	1.000000000000000000e+00	1.000000000000000000e+00
1.845845846616616655e+02	1.000000000000000000e+00	1.000000000000000000e+00
1.847847848608608672e+02	1.000000000000000000e+00	1.000000000000000000e+00
1.849849850600600689e+02	1.000000000000000000e+00	1.000000000000000000e+00
1.851851852592592707e+02	1.000000000000000000e+00	1.000000000000000000e+00
1.853853854584584724e+02	1.000000000000000000e+00	1.000000000000000000e+00
1.855855856576576741e+02	1.000000000000000000e+00	1.000000000000000000e+00
1.857857858568568759e+02	1.000000000000000000e+00	1.000000000000000000e+00
1.859859860560560492e+02	1.000000000000000000e+00	1.000000000000000000e+00
1.861861862552552509e+02	1.000000000000000000e+00	1.000000000000000000e+00
1.863863864544544526e+02	1.000000000000000000e+00	1.000000000000000000e+00
1.865865866536536544e+02	1.000000000000000000e+00	1.000000000000000000e+00
1.867867868528528561e+02	1.000000000000000000e+00	1.000000000000000000e+00
1.869869870520520578e+02	1.000000000000000000e+00	1.000000000000000000e+00
1.871871872512512596e+02	1.000000000000000000e+00	1.000000000000000000e+00
1.873873874504504613e+02	1.000000000000000000e+00	1.000000000000000000e+00
1.875875876496496630e+02	1.000000000000000000e+00	1.000000000000000000e+00
1.877877878488488648e+02	1.000000000000000000e+00	1.000000000000000000e+00
1.879879880480480665e+02	1.000000000000000000e+00	1.000000000000000000e+00
1.881881882472472398e+02	1.000000000000000000e+00	1.000000000000000000e+00
1.883883884464464415e+02	1.000000000000000000e+00	1.000000000000000000e+00
1.885885886456456433e+02	1.000000000000000000e+00	1.000000000000000000e+00
1.887887888448448450e+02	1.000000000000000000e+00	1.000000000000000000e+00
1.889889890440440468e+02	1.000000000000000000e+00	1.000000000000000000e+00
1.891891892432432485e+02	1.000000000000000000e+00	1.000000000000000000e+00
1.893893894424424502e+02	1.000000000000000000e+00	1.000000000000000000e+00
1.895895896416416520e+02	1.000000000000000000e+00	1.000000000000000000e+00
1.897897898408408537e+02	1.000000000000000000e+00	1.000000000000000000e+00
1.899899900400400554e+02	1.000000000000000000e+00	1.000000000000000000e+00
1.901901902392392572e+02	1.000000000000000000e+00	1.000000000000000000e+00
1.903903904384384305e+02	1.000000000000000000e+00	1.000000000000000000e+00
1.905905906376376322e+02	1.000000000000000000e+00	1.000000000000000000e+00
1.907907908368368339e+02	1.000000000000000000e+00	1.000000000000000000e+00
1.909909910360360357e+02	1.000000000000000000e+00	1.000000000000000000e+00
1.911911912352352374e+02	1.000000000000000000e+00	1.000000000000000000e+00
1.913913914344344391e+02	1.000000000000000000e+00	1.000000000000000000e+00
1.915915916336336409e+02	1.000000000000000000e+00	1.000000000000000000e+00
1.917917918328328426e+02	1.000000000000000000e+00	1.000000000000000000e+00
1.919919920320320443e+02	1.000000000000000000e+00	1.000000000000000000e+00
1.921921922312312461e+02	1.000000000000000000e+00	1.000000000000000000e+00
1.923923924304304478e+02	1.000000000000000000e+00	1.000000000000000000e+00
1.925925926296296495e+02	1.000000000000000000e+00	1.000000000000000000e+00
1.927927928288288228e+02	1.000000000000000000e+00	1.000000000000000000e+00
1.929929930280280246e+02	1.000000000000000000e+00	1.000000000000000000e+00
1.931931932272272263e+02	1.000000000000000000e+00	1.000000000000000000e+00
1.933933934264264281e+02	1.000000000000000000e+00	1.000000000000000000e+00
1.935935936256256298e+02	1.000000000000000000e+00	1.000000000000000000e+00
1.937937938248248315e+02	1.000000000000000000e+00	1.000000000000000000e+00
1.939939940240240333e+02	1.000000000000000000e+00	1.000000000000000000e+00
1.941941942232232350e+02	1.000000000000000000e+00	1.000000000000000000e+00
1.943943944224224367e+02	1.000000000000000000e+00	1.000000000000000000e+00
1.945945946216216385e+02	1.000000000000000000e+00	1.000000000000000000e+00
1.947947948208208402e+02	1.000000000000000000e+00	1.000000000000000000e+00
1.949949950200200135e+02	1.000000000000000000e+00	1.000000000000000000e+00
1.951951952192192152e+02	1.000000000000000000e+00	1.000000000000000000e+00
1.953953954184184170e+02	1.000000000000000000e+00	1.000000000000000000e+00
1.955955956176176187e+02	1.000000000000000000e+00	1.000000000000000000e+00
1.957957958168168204e+02	1.000000000000000000e+00	1.000000000000000000e+00
1.959959960160160222e+02	1.000000000000000000e+00	1.000000000000000000e+00
1.961961962152152239e+02	1.000000000000000000e+00	1.000000000000000000e+00
1.963963964144144256e+02	1.000000000000000000e+00	1.000000000000000000e+00
1.965965966136136274e+02	1.000000000000000000e+00	1.000000000000000000e+00
1.967967968128128291e+02	1.000000000000000000e+00	1.000000000000000000e+00
1.969969970120120308e+02	1.000000000000000000e+00	1.000000000000000000e+00
1.971971972112112041e+02	1.000000000000000000e+00	1.000000000000000000e+00
1.973973974104104059e+02	1.000000000000000000e+00	1.000000000000000000e+00
1.975975976096096076e+02	1.000000000000000000e+00	1.000000000000000000e+00
1.977977978088088094e+02	1.000000000000000000e+00	1.000000000000000000e+00
1.979979980080080111e+02	1.000000000000000000e+00	1.000000000000000000e+00
1.981981982072072128e+02	1.000000000000000000e+00	1.000000000000000000e+00
1.983983984064064146e+02	1.000000000000000000e+00	1.000000000000000000e+00
1.985985986056056163e+02	1.000000000000000000e+00	1.000000000000000000e+00
1.987987988048048180e+02	1.000000000000000000e+00	1.000000000000000000e+00
1.989989990040040198e+02	1.000000000000000000e+00	1.000000000000000000e+00
1.991991992032032215e+02	1.000000000000000000e+00	1.000000000000000000e+00
1.993993994024023948e+02	1.000000000000000000e+00	1.000000000000000000e+00
1.995995996016015965e+02	1.000000000000000000e+00	1.000000000000000000e+00
1.997997998008007983e+02	1.000000000000000000e+00	1.000000000000000000e+00
2.000000000000000000e+02	1.000000000000000000e+00	1.000000000000000000e+00
