1.000000000000000021e-03	2.689604742380920233e-02	2.425788378550615410e-01
1.611591591591591544e-01	4.175810033432655888e-02	3.512689786715468276e-01
3.213183183183183078e-01	6.428996859883427673e-02	4.779295598738466655e-01
4.814774774774774890e-01	9.773952264855208238e-02	6.074933146030194742e-01
6.416366366366366147e-01	1.458793596210838095e-01	7.235049291468803601e-01
8.017957957957957404e-01	2.121544204970946812e-01	8.156337469415778640e-01
9.619549549549549772e-01	2.980328438331232843e-01	8.820687209909197080e-01
1.122114114114113992e+00	4.009812703541777990e-01	9.267153078948260347e-01
1.282273273273273118e+00	5.134783908818412179e-01	9.553157756173843440e-01
1.442432432432432243e+00	6.246262802473564468e-01	9.730787267308294020e-01
1.602591591591591369e+00	7.240291038483682717e-01	9.838995241214469889e-01
1.762750750750750495e+00	8.053134818168838915e-01	9.904138327202370862e-01
1.922909909909909842e+00	8.670525592756201938e-01	9.943076782125502833e-01
2.083069069069068746e+00	9.113677337151028235e-01	9.966252556260803974e-01
2.243228228228228094e+00	9.419011947259133821e-01	9.980011491983373784e-01
2.403387387387386998e+00	9.623505362194615387e-01	9.988167527627226372e-01
2.563546546546546345e+00	9.757872406255203579e-01	9.992997940081297381e-01
2.723705705705705693e+00	9.845057325250815561e-01	9.995857233903333583e-01
2.883864864864864597e+00	9.901166807226017275e-01	9.997549220361279243e-01
3.044024024024023944e+00	9.937087173637330073e-01	9.998550266779935303e-01
3.204183183183182848e+00	9.960005220093746114e-01	9.999142460455614501e-01
3.364342342342342196e+00	9.974595964751411525e-01	9.999492764414160684e-01
3.524501501501501100e+00	9.983872388114848340e-01	9.999699973885514126e-01
3.684660660660660447e+00	9.989764950190906934e-01	9.999822538264462324e-01
3.844819819819819795e+00	9.993505941235564238e-01	9.999895034104117064e-01
4.004978978978979143e+00	9.995880134600443334e-01	9.999937914465705235e-01
4.165138138138138046e+00	9.997386562483050465e-01	9.999963277531391803e-01
4.325297297297297838e+00	9.998342256690022634e-01	9.999978279347697674e-01
4.485456456456456742e+00	9.998948504871308929e-01	9.999987152648904809e-01
4.645615615615615646e+00	9.999333058693470333e-01	9.999992401039893286e-01
4.805774774774774549e+00	9.999576979067371640e-01	9.999995505362788695e-01
4.965933933933934341e+00	9.999731692862275922e-01	9.999997341509782034e-01
5.126093093093093245e+00	9.999829823284753783e-01	9.999998427555022440e-01
5.286252252252252148e+00	9.999892063958054633e-01	9.999999069929585982e-01
5.446411411411411940e+00	9.999931540795032880e-01	9.999999449881576963e-01
5.606570570570570844e+00	9.999956579323332484e-01	9.999999674615738243e-01
5.766729729729729748e+00	9.999972460190904577e-01	9.999999807541589680e-01
5.926888888888888651e+00	9.999982532730884444e-01	9.999999886164624430e-01
6.087048048048048443e+00	9.999988921296553146e-01	9.999999932668608427e-01
6.247207207207207347e+00	9.999992973278158948e-01	9.999999960174803526e-01
6.407366366366366250e+00	9.999995543267971021e-01	9.999999976444178262e-01
6.567525525525526042e+00	9.999997173296599762e-01	9.999999986067193980e-01
6.727684684684684946e+00	9.999998207150087026e-01	9.999999991759018769e-01
6.887843843843843850e+00	9.999998862876560146e-01	9.999999995125621322e-01
7.048003003003002753e+00	9.999999278774159839e-01	9.999999997116899575e-01
7.208162162162162545e+00	9.999999542559158128e-01	9.999999998294704096e-01
7.368321321321321449e+00	9.999999709866020936e-01	9.999999998991351280e-01
7.528480480480480352e+00	9.999999815981176488e-01	9.999999999403403894e-01
7.688639639639640144e+00	9.999999883285207725e-01	9.999999999647124493e-01
7.848798798798799048e+00	9.999999925973102055e-01	9.999999999791280292e-01
8.008957957957957063e+00	9.999999953048097634e-01	9.999999999876547641e-01
8.169117117117115967e+00	9.999999970220538881e-01	9.999999999926980632e-01
8.329276276276274871e+00	9.999999981112237535e-01	9.999999999956810104e-01
8.489435435435433774e+00	9.999999988020349395e-01	9.999999999974453768e-01
8.649594594594594454e+00	9.999999992401851223e-01	9.999999999984889865e-01
8.809753753753753358e+00	9.999999995180839374e-01	9.999999999991062705e-01
8.969912912912912262e+00	9.999999996943425007e-01	9.999999999994713118e-01
9.130072072072071165e+00	9.999999998061352979e-01	9.999999999996873612e-01
9.290231231231230069e+00	9.999999998770403575e-01	9.999999999998150368e-01
9.450390390390388973e+00	9.999999999220123836e-01	9.999999999998905320e-01
9.610549549549547876e+00	9.999999999505360115e-01	9.999999999999353850e-01
9.770708708708708556e+00	9.999999999686270957e-01	9.999999999999618083e-01
9.930867867867867460e+00	9.999999999801016948e-01	9.999999999999773515e-01
1.009102702702702636e+01	9.999999999873794287e-01	9.999999999999866773e-01
1.025118618618618527e+01	9.999999999919952920e-01	9.999999999999920064e-01
1.041134534534534417e+01	9.999999999949229501e-01	9.999999999999953371e-01
1.057150450450450307e+01	9.999999999967799091e-01	9.999999999999973355e-01
1.073166366366366198e+01	9.999999999979576337e-01	9.999999999999984457e-01
1.089182282282282266e+01	9.999999999987045918e-01	9.999999999999991118e-01
1.105198198198198156e+01	9.999999999991784350e-01	9.999999999999993339e-01
1.121214114114114047e+01	9.999999999994788613e-01	9.999999999999995559e-01
1.137230030030029937e+01	9.999999999996693756e-01	9.999999999999997780e-01
1.153245945945945827e+01	9.999999999997903899e-01	9.999999999999997780e-01
1.169261861861861718e+01	9.999999999998669953e-01	1.000000000000000000e+00
1.185277777777777608e+01	9.999999999999156231e-01	1.000000000000000000e+00
1.201293693693693676e+01	9.999999999999464873e-01	1.000000000000000000e+00
1.217309609609609566e+01	9.999999999999660272e-01	1.000000000000000000e+00
1.233325525525525457e+01	9.999999999999784617e-01	1.000000000000000000e+00
1.249341441441441347e+01	9.999999999999864553e-01	1.000000000000000000e+00
1.265357357357357238e+01	9.999999999999913403e-01	1.000000000000000000e+00
1.281373273273273128e+01	9.999999999999944489e-01	1.000000000000000000e+00
1.297389189189189018e+01	9.999999999999964473e-01	1.000000000000000000e+00
1.313405105105105086e+01	9.999999999999977796e-01	1.000000000000000000e+00
1.329421021021020977e+01	9.999999999999986677e-01	1.000000000000000000e+00
1.345436936936936867e+01	9.999999999999991118e-01	1.000000000000000000e+00
1.361452852852852757e+01	9.999999999999993339e-01	1.000000000000000000e+00
1.377468768768768648e+01	9.999999999999995559e-01	1.000000000000000000e+00
1.393484684684684538e+01	9.999999999999997780e-01	1.000000000000000000e+00
1.409500600600600428e+01	9.999999999999997780e-01	1.000000000000000000e+00
1.425516516516516496e+01	1.000000000000000000e+00	1.000000000000000000e+00
1.441532432432432387e+01	1.000000000000000000e+00	1.000000000000000000e+00
1.457548348348348277e+01	1.000000000000000000e+00	1.000000000000000000e+00
1.473564264264264168e+01	1.000000000000000000e+00	1.000000000000000000e+00
1.489580180180180058e+01	1.000000000000000000e+00	1.000000000000000000e+00
1.505596096096095948e+01	1.000000000000000000e+00	1.000000000000000000e+00
1.521612012012011839e+01	1.000000000000000000e+00	1.000000000000000000e+00
1.537627927927927907e+01	1.000000000000000000e+00	1.000000000000000000e+00
1.553643843843843797e+01	1.000000000000000000e+00	1.000000000000000000e+00
1.569659759759759687e+01	1.000000000000000000e+00	1.000000000000000000e+00
1.585675675675675578e+01	1.000000000000000000e+00	1.000000000000000000e+00
1.601691591591591646e+01	1.000000000000000000e+00	1.000000000000000000e+00
1.617707507507507714e+01	1.000000000000000000e+00	1.000000000000000000e+00
1.633723423423423426e+01	1.000000000000000000e+00	1.000000000000000000e+00
1.649739339339339494e+01	1.000000000000000000e+00	1.000000000000000000e+00
1.665755255255255207e+01	1.000000000000000000e+00	1.000000000000000000e+00
1.681771171171171275e+01	1.000000000000000000e+00	1.000000000000000000e+00
1.697787087087086988e+01	1.000000000000000000e+00	1.000000000000000000e+00
1.713803003003003056e+01	1.000000000000000000e+00	1.000000000000000000e+00
1.729818918918919124e+01	1.000000000000000000e+00	1.000000000000000000e+00
1.745834834834834837e+01	1.000000000000000000e+00	1.000000000000000000e+00
1.761850750750750905e+01	1.000000000000000000e+00	1.000000000000000000e+00
1.777866666666666617e+01	1.000000000000000000e+00	1.000000000000000000e+00
1.793882582582582685e+01	1.000000000000000000e+00	1.000000000000000000e+00
1.809898498498498398e+01	1.000000000000000000e+00	1.000000000000000000e+00
1.825914414414414466e+01	1.000000000000000000e+00	1.000000000000000000e+00
1.841930330330330534e+01	1.000000000000000000e+00	1.000000000000000000e+00
1.857946246246246247e+01	1.000000000000000000e+00	1.000000000000000000e+00
1.873962162162162315e+01	1.000000000000000000e+00	1.000000000000000000e+00
1.889978078078078028e+01	1.000000000000000000e+00	1.000000000000000000e+00
1.905993993993994096e+01	1.000000000000000000e+00	1.000000000000000000e+00
1.922009909909909808e+01	1.000000000000000000e+00	1.000000000000000000e+00
1.938025825825825876e+01	1.000000000000000000e+00	1.000000000000000000e+00
1.954041741741741944e+01	1.000000000000000000e+00	1.000000000000000000e+00
1.970057657657657657e+01	1.000000000000000000e+00	1.000000000000000000e+00
1.986073573573573725e+01	1.000000000000000000e+00	1.000000000000000000e+00
2.002089489489489438e+01	1.000000000000000000e+00	1.000000000000000000e+00
2.018105405405405506e+01	1.000000000000000000e+00	1.000000000000000000e+00
2.034121321321321219e+01	1.000000000000000000e+00	1.000000000000000000e+00
2.050137237237237287e+01	1.000000000000000000e+00	1.000000000000000000e+00
2.066153153153153355e+01	1.000000000000000000e+00	1.000000000000000000e+00
2.082169069069069067e+01	1.000000000000000000e+00	1.000000000000000000e+00
2.098184984984985135e+01	1.000000000000000000e+00	1.000000000000000000e+00
2.114200900900900848e+01	1.000000000000000000e+00	1.000000000000000000e+00
2.130216816816816916e+01	1.000000000000000000e+00	1.000000000000000000e+00
2.146232732732732629e+01	1.000000000000000000e+00	1.000000000000000000e+00
2.162248648648648697e+01	1.000000000000000000e+00	1.000000000000000000e+00
2.178264564564564765e+01	1.000000000000000000e+00	1.000000000000000000e+00
2.194280480480480477e+01	1.000000000000000000e+00	1.000000000000000000e+00
2.210296396396396545e+01	1.000000000000000000e+00	1.000000000000000000e+00
2.226312312312312258e+01	1.000000000000000000e+00	1.000000000000000000e+00
2.242328228228228326e+01	1.000000000000000000e+00	1.000000000000000000e+00
2.258344144144144039e+01	1.000000000000000000e+00	1.000000000000000000e+00
2.274360060060060107e+01	1.000000000000000000e+00	1.000000000000000000e+00
2.290375975975976175e+01	1.000000000000000000e+00	1.000000000000000000e+00
2.306391891891891888e+01	1.000000000000000000e+00	1.000000000000000000e+00
2.322407807807807956e+01	1.000000000000000000e+00	1.000000000000000000e+00
2.338423723723723668e+01	1.000000000000000000e+00	1.000000000000000000e+00
2.354439639639639736e+01	1.000000000000000000e+00	1.000000000000000000e+00
2.370455555555555449e+01	1.000000000000000000e+00	1.000000000000000000e+00
2.386471471471471517e+01	1.000000000000000000e+00	1.000000000000000000e+00
2.402487387387387585e+01	1.000000000000000000e+00	1.000000000000000000e+00
2.418503303303303298e+01	1.000000000000000000e+00	1.000000000000000000e+00
2.434519219219219366e+01	1.000000000000000000e+00	1.000000000000000000e+00
2.450535135135135079e+01	1.000000000000000000e+00	1.000000000000000000e+00
2.466551051051051147e+01	1.000000000000000000e+00	1.000000000000000000e+00
2.482566966966966859e+01	1.000000000000000000e+00	1.000000000000000000e+00
2.498582882882882927e+01	1.000000000000000000e+00	1.000000000000000000e+00
2.514598798798798995e+01	1.000000000000000000e+00	1.000000000000000000e+00
2.530614714714714708e+01	1.000000000000000000e+00	1.000000000000000000e+00
2.546630630630630776e+01	1.000000000000000000e+00	1.000000000000000000e+00
2.562646546546546489e+01	1.000000000000000000e+00	1.000000000000000000e+00
2.578662462462462557e+01	1.000000000000000000e+00	1.000000000000000000e+00
2.594678378378378270e+01	1.000000000000000000e+00	1.000000000000000000e+00
2.610694294294294338e+01	1.000000000000000000e+00	1.000000000000000000e+00
2.626710210210210406e+01	1.000000000000000000e+00	1.000000000000000000e+00
2.642726126126126118e+01	1.000000000000000000e+00	1.000000000000000000e+00
2.658742042042042186e+01	1.000000000000000000e+00	1.000000000000000000e+00
2.674757957957957899e+01	1.000000000000000000e+00	1.000000000000000000e+00
2.690773873873873967e+01	1.000000000000000000e+00	1.000000000000000000e+00
2.706789789789789680e+01	1.000000000000000000e+00	1.000000000000000000e+00
2.722805705705705748e+01	1.000000000000000000e+00	1.000000000000000000e+00
2.738821621621621816e+01	1.000000000000000000e+00	1.000000000000000000e+00
2.754837537537537528e+01	1.000000000000000000e+00	1.000000000000000000e+00
2.770853453453453596e+01	1.000000000000000000e+00	1.000000000000000000e+00
2.786869369369369309e+01	1.000000000000000000e+00	1.000000000000000000e+00
2.802885285285285377e+01	1.000000000000000000e+00	1.000000000000000000e+00
2.818901201201201090e+01	1.000000000000000000e+00	1.000000000000000000e+00
2.834917117117117158e+01	1.000000000000000000e+00	1.000000000000000000e+00
2.850933033033033226e+01	1.000000000000000000e+00	1.000000000000000000e+00
2.866948948948948939e+01	1.000000000000000000e+00	1.000000000000000000e+00
2.882964864864865007e+01	1.000000000000000000e+00	1.000000000000000000e+00
2.898980780780780719e+01	1.000000000000000000e+00	1.000000000000000000e+00
2.914996696696696787e+01	1.000000000000000000e+00	1.000000000000000000e+00
2.931012612612612500e+01	1.000000000000000000e+00	1.000000000000000000e+00
2.947028528528528568e+01	1.000000000000000000e+00	1.000000000000000000e+00
2.963044444444444636e+01	1.000000000000000000e+00	1.000000000000000000e+00
2.979060360360360349e+01	1.000000000000000000e+00	1.000000000000000000e+00
2.995076276276276417e+01	1.000000000000000000e+00	1.000000000000000000e+00
3.011092192192192130e+01	1.000000000000000000e+00	1.000000000000000000e+00
3.027108108108108198e+01	1.000000000000000000e+00	1.000000000000000000e+00
3.043124024024023910e+01	1.000000000000000000e+00	1.000000000000000000e+00
3.059139939939939978e+01	1.000000000000000000e+00	1.000000000000000000e+00
3.075155855855856046e+01	1.000000000000000000e+00	1.000000000000000000e+00
3.091171771771771759e+01	1.000000000000000000e+00	1.000000000000000000e+00
3.107187687687687827e+01	1.000000000000000000e+00	1.000000000000000000e+00
3.123203603603603540e+01	1.000000000000000000e+00	1.000000000000000000e+00
3.139219519519519608e+01	1.000000000000000000e+00	1.000000000000000000e+00
3.155235435435435321e+01	1.000000000000000000e+00	1.000000000000000000e+00
3.171251351351351389e+01	1.000000000000000000e+00	1.000000000000000000e+00
3.187267267267267101e+01	1.000000000000000000e+00	1.000000000000000000e+00
3.203283183183182814e+01	1.000000000000000000e+00	1.000000000000000000e+00
3.219299099099098527e+01	1.000000000000000000e+00	1.000000000000000000e+00
3.235315015015014950e+01	1.000000000000000000e+00	1.000000000000000000e+00
3.251330930930930663e+01	1.000000000000000000e+00	1.000000000000000000e+00
3.267346846846846375e+01	1.000000000000000000e+00	1.000000000000000000e+00
3.283362762762762088e+01	1.000000000000000000e+00	1.000000000000000000e+00
3.299378678678678511e+01	1.000000000000000000e+00	1.000000000000000000e+00
3.315394594594594224e+01	1.000000000000000000e+00	1.000000000000000000e+00
3.331410510510509937e+01	1.000000000000000000e+00	1.000000000000000000e+00
3.347426426426426360e+01	1.000000000000000000e+00	1.000000000000000000e+00
3.363442342342342073e+01	1.000000000000000000e+00	1.000000000000000000e+00
3.379458258258257786e+01	1.000000000000000000e+00	1.000000000000000000e+00
3.395474174174173498e+01	1.000000000000000000e+00	1.000000000000000000e+00
3.411490090090089922e+01	1.000000000000000000e+00	1.000000000000000000e+00
3.427506006006005634e+01	1.000000000000000000e+00	1.000000000000000000e+00
3.443521921921921347e+01	1.000000000000000000e+00	1.000000000000000000e+00
3.459537837837837770e+01	1.000000000000000000e+00	1.000000000000000000e+00
3.475553753753753483e+01	1.000000000000000000e+00	1.000000000000000000e+00
3.491569669669669196e+01	1.000000000000000000e+00	1.000000000000000000e+00
3.507585585585584909e+01	1.000000000000000000e+00	1.000000000000000000e+00
3.523601501501501332e+01	1.000000000000000000e+00	1.000000000000000000e+00
3.539617417417417045e+01	1.000000000000000000e+00	1.000000000000000000e+00
3.555633333333332757e+01	1.000000000000000000e+00	1.000000000000000000e+00
3.571649249249249181e+01	1.000000000000000000e+00	1.000000000000000000e+00
3.587665165165164893e+01	1.000000000000000000e+00	1.000000000000000000e+00
3.603681081081080606e+01	1.000000000000000000e+00	1.000000000000000000e+00
3.619696996996996319e+01	1.000000000000000000e+00	1.000000000000000000e+00
3.635712912912912742e+01	1.000000000000000000e+00	1.000000000000000000e+00
3.651728828828828455e+01	1.000000000000000000e+00	1.000000000000000000e+00
3.667744744744744168e+01	1.000000000000000000e+00	1.000000000000000000e+00
3.683760660660660591e+01	1.000000000000000000e+00	1.000000000000000000e+00
3.699776576576576304e+01	1.000000000000000000e+00	1.000000000000000000e+00
3.715792492492492016e+01	1.000000000000000000e+00	1.000000000000000000e+00
3.731808408408407729e+01	1.000000000000000000e+00	1.000000000000000000e+00
3.747824324324324152e+01	1.000000000000000000e+00	1.000000000000000000e+00
3.763840240240239865e+01	1.000000000000000000e+00	1.000000000000000000e+00
3.779856156156155578e+01	1.000000000000000000e+00	1.000000000000000000e+00
3.795872072072072001e+01	1.000000000000000000e+00	1.000000000000000000e+00
3.811887987987987714e+01	1.000000000000000000e+00	1.000000000000000000e+00
3.827903903903903426e+01	1.000000000000000000e+00	1.000000000000000000e+00
3.843919819819819139e+01	1.000000000000000000e+00	1.000000000000000000e+00
3.859935735735735562e+01	1.000000000000000000e+00	1.000000000000000000e+00
3.875951651651651275e+01	1.000000000000000000e+00	1.000000000000000000e+00
3.891967567567566988e+01	1.000000000000000000e+00	1.000000000000000000e+00
3.907983483483483411e+01	1.000000000000000000e+00	1.000000000000000000e+00
3.923999399399399124e+01	1.000000000000000000e+00	1.000000000000000000e+00
3.940015315315314837e+01	1.000000000000000000e+00	1.000000000000000000e+00
3.956031231231230549e+01	1.000000000000000000e+00	1.000000000000000000e+00
3.972047147147146973e+01	1.000000000000000000e+00	1.000000000000000000e+00
3.988063063063062685e+01	1.000000000000000000e+00	1.000000000000000000e+00
4.004078978978978398e+01	1.000000000000000000e+00	1.000000000000000000e+00
4.020094894894894821e+01	1.000000000000000000e+00	1.000000000000000000e+00
4.036110810810810534e+01	1.000000000000000000e+00	1.000000000000000000e+00
4.052126726726726247e+01	1.000000000000000000e+00	1.000000000000000000e+00
4.068142642642641960e+01	1.000000000000000000e+00	1.000000000000000000e+00
4.084158558558558383e+01	1.000000000000000000e+00	1.000000000000000000e+00
4.100174474474474096e+01	1.000000000000000000e+00	1.000000000000000000e+00
4.116190390390389808e+01	1.000000000000000000e+00	1.000000000000000000e+00
4.132206306306306232e+01	1.000000000000000000e+00	1.000000000000000000e+00
4.148222222222221944e+01	1.000000000000000000e+00	1.000000000000000000e+00
4.164238138138137657e+01	1.000000000000000000e+00	1.000000000000000000e+00
4.180254054054053370e+01	1.000000000000000000e+00	1.000000000000000000e+00
4.196269969969969793e+01	1.000000000000000000e+00	1.000000000000000000e+00
4.212285885885885506e+01	1.000000000000000000e+00	1.000000000000000000e+00
4.228301801801801219e+01	1.000000000000000000e+00	1.000000000000000000e+00
4.244317717717717642e+01	1.000000000000000000e+00	1.000000000000000000e+00
4.260333633633633355e+01	1.000000000000000000e+00	1.000000000000000000e+00
4.276349549549549067e+01	1.000000000000000000e+00	1.000000000000000000e+00
4.292365465465464780e+01	1.000000000000000000e+00	1.000000000000000000e+00
4.308381381381381203e+01	1.000000000000000000e+00	1.000000000000000000e+00
4.324397297297296916e+01	1.000000000000000000e+00	1.000000000000000000e+00
4.340413213213212629e+01	1.000000000000000000e+00	1.000000000000000000e+00
4.356429129129129052e+01	1.000000000000000000e+00	1.000000000000000000e+00
4.372445045045044765e+01	1.000000000000000000e+00	1.000000000000000000e+00
4.388460960960960477e+01	1.000000000000000000e+00	1.000000000000000000e+00
4.404476876876876190e+01	1.000000000000000000e+00	1.000000000000000000e+00
4.420492792792792613e+01	1.000000000000000000e+00	1.000000000000000000e+00
4.436508708708708326e+01	1.000000000000000000e+00	1.000000000000000000e+00
4.452524624624624039e+01	1.000000000000000000e+00	1.000000000000000000e+00
4.468540540540540462e+01	1.000000000000000000e+00	1.000000000000000000e+00
4.484556456456456175e+01	1.000000000000000000e+00	1.000000000000000000e+00
4.500572372372371888e+01	1.000000000000000000e+00	1.000000000000000000e+00
4.516588288288287600e+01	1.000000000000000000e+00	1.000000000000000000e+00
4.532604204204204024e+01	1.000000000000000000e+00	1.000000000000000000e+00
4.548620120120119736e+01	1.000000000000000000e+00	1.000000000000000000e+00
4.564636036036035449e+01	1.000000000000000000e+00	1.000000000000000000e+00
4.580651951951951872e+01	1.000000000000000000e+00	1.000000000000000000e+00
4.596667867867867585e+01	1.000000000000000000e+00	1.000000000000000000e+00
4.612683783783783298e+01	1.000000000000000000e+00	1.000000000000000000e+00
4.628699699699699011e+01	1.000000000000000000e+00	1.000000000000000000e+00
4.644715615615615434e+01	1.000000000000000000e+00	1.000000000000000000e+00
4.660731531531531147e+01	1.000000000000000000e+00	1.000000000000000000e+00
4.676747447447446859e+01	1.000000000000000000e+00	1.000000000000000000e+00
4.692763363363363283e+01	1.000000000000000000e+00	1.000000000000000000e+00
4.708779279279278995e+01	1.000000000000000000e+00	1.000000000000000000e+00
4.724795195195194708e+01	1.000000000000000000e+00	1.000000000000000000e+00
4.740811111111110421e+01	1.000000000000000000e+00	1.000000000000000000e+00
4.756827027027026844e+01	1.000000000000000000e+00	1.000000000000000000e+00
4.772842942942942557e+01	1.000000000000000000e+00	1.000000000000000000e+00
4.788858858858858270e+01	1.000000000000000000e+00	1.000000000000000000e+00
4.804874774774774693e+01	1.000000000000000000e+00	1.000000000000000000e+00
4.820890690690690406e+01	1.000000000000000000e+00	1.000000000000000000e+00
4.836906606606606118e+01	1.000000000000000000e+00	1.000000000000000000e+00
4.852922522522521831e+01	1.000000000000000000e+00	1.000000000000000000e+00
4.868938438438438254e+01	1.000000000000000000e+00	1.000000000000000000e+00
4.884954354354353967e+01	1.000000000000000000e+00	1.000000000000000000e+00
4.900970270270269680e+01	1.000000000000000000e+00	1.000000000000000000e+00
4.916986186186186103e+01	1.000000000000000000e+00	1.000000000000000000e+00
4.933002102102101816e+01	1.000000000000000000e+00	1.000000000000000000e+00
4.949018018018017528e+01	1.000000000000000000e+00	1.000000000000000000e+00
4.965033933933933241e+01	1.000000000000000000e+00	1.000000000000000000e+00
4.981049849849849664e+01	1.000000000000000000e+00	1.000000000000000000e+00
4.997065765765765377e+01	1.000000000000000000e+00	1.000000000000000000e+00
5.013081681681681090e+01	1.000000000000000000e+00	1.000000000000000000e+00
5.029097597597597513e+01	1.000000000000000000e+00	1.000000000000000000e+00
5.045113513513513226e+01	1.000000000000000000e+00	1.000000000000000000e+00
5.061129429429428939e+01	1.000000000000000000e+00	1.000000000000000000e+00
5.077145345345344651e+01	1.000000000000000000e+00	1.000000000000000000e+00
5.093161261261261075e+01	1.000000000000000000e+00	1.000000000000000000e+00
5.109177177177176787e+01	1.000000000000000000e+00	1.000000000000000000e+00
5.125193093093092500e+01	1.000000000000000000e+00	1.000000000000000000e+00
5.141209009009008923e+01	1.000000000000000000e+00	1.000000000000000000e+00
5.157224924924924636e+01	1.000000000000000000e+00	1.000000000000000000e+00
5.173240840840840349e+01	1.000000000000000000e+00	1.000000000000000000e+00
5.189256756756756062e+01	1.000000000000000000e+00	1.000000000000000000e+00
5.205272672672672485e+01	1.000000000000000000e+00	1.000000000000000000e+00
5.221288588588588198e+01	1.000000000000000000e+00	1.000000000000000000e+00
5.237304504504503910e+01	1.000000000000000000e+00	1.000000000000000000e+00
5.253320420420420334e+01	1.000000000000000000e+00	1.000000000000000000e+00
5.269336336336336046e+01	1.000000000000000000e+00	1.000000000000000000e+00
5.285352252252251759e+01	1.000000000000000000e+00	1.000000000000000000e+00
5.301368168168167472e+01	1.000000000000000000e+00	1.000000000000000000e+00
5.317384084084083895e+01	1.000000000000000000e+00	1.000000000000000000e+00
5.333399999999999608e+01	1.000000000000000000e+00	1.000000000000000000e+00
5.349415915915915321e+01	1.000000000000000000e+00	1.000000000000000000e+00
5.365431831831831744e+01	1.000000000000000000e+00	1.000000000000000000e+00
5.381447747747747457e+01	1.000000000000000000e+00	1.000000000000000000e+00
5.397463663663663169e+01	1.000000000000000000e+00	1.000000000000000000e+00
5.413479579579578882e+01	1.000000000000000000e+00	1.000000000000000000e+00
5.429495495495495305e+01	1.000000000000000000e+00	1.000000000000000000e+00
5.445511411411411018e+01	1.000000000000000000e+00	1.000000000000000000e+00
5.461527327327326731e+01	1.000000000000000000e+00	1.000000000000000000e+00
5.477543243243243154e+01	1.000000000000000000e+00	1.000000000000000000e+00
5.493559159159158867e+01	1.000000000000000000e+00	1.000000000000000000e+00
5.509575075075074579e+01	1.000000000000000000e+00	1.000000000000000000e+00
5.525590990990990292e+01	1.000000000000000000e+00	1.000000000000000000e+00
5.541606906906906715e+01	1.000000000000000000e+00	1.000000000000000000e+00
5.557622822822822428e+01	1.000000000000000000e+00	1.000000000000000000e+00
5.573638738738738141e+01	1.000000000000000000e+00	1.000000000000000000e+00
5.589654654654654564e+01	1.000000000000000000e+00	1.000000000000000000e+00
5.605670570570570277e+01	1.000000000000000000e+00	1.000000000000000000e+00
5.621686486486485990e+01	1.000000000000000000e+00	1.000000000000000000e+00
5.637702402402401702e+01	1.000000000000000000e+00	1.000000000000000000e+00
5.653718318318318126e+01	1.000000000000000000e+00	1.000000000000000000e+00
5.669734234234233838e+01	1.000000000000000000e+00	1.000000000000000000e+00
5.685750150150149551e+01	1.000000000000000000e+00	1.000000000000000000e+00
5.701766066066065974e+01	1.000000000000000000e+00	1.000000000000000000e+00
5.717781981981981687e+01	1.000000000000000000e+00	1.000000000000000000e+00
5.733797897897897400e+01	1.000000000000000000e+00	1.000000000000000000e+00
5.749813813813813113e+01	1.000000000000000000e+00	1.000000000000000000e+00
5.765829729729729536e+01	1.000000000000000000e+00	1.000000000000000000e+00
5.781845645645645249e+01	1.000000000000000000e+00	1.000000000000000000e+00
5.797861561561560961e+01	1.000000000000000000e+00	1.000000000000000000e+00
5.813877477477477385e+01	1.000000000000000000e+00	1.000000000000000000e+00
5.829893393393393097e+01	1.000000000000000000e+00	1.000000000000000000e+00
5.845909309309308810e+01	1.000000000000000000e+00	1.000000000000000000e+00
5.861925225225224523e+01	1.000000000000000000e+00	1.000000000000000000e+00
5.877941141141140946e+01	1.000000000000000000e+00	1.000000000000000000e+00
5.893957057057056659e+01	1.000000000000000000e+00	1.000000000000000000e+00
5.909972972972972372e+01	1.000000000000000000e+00	1.000000000000000000e+00
5.925988888888888795e+01	1.000000000000000000e+00	1.000000000000000000e+00
5.942004804804804508e+01	1.000000000000000000e+00	1.000000000000000000e+00
5.958020720720720220e+01	1.000000000000000000e+00	1.000000000000000000e+00
5.974036636636635933e+01	1.000000000000000000e+00	1.000000000000000000e+00
5.990052552552552356e+01	1.000000000000000000e+00	1.000000000000000000e+00
6.006068468468468069e+01	1.000000000000000000e+00	1.000000000000000000e+00
6.022084384384383782e+01	1.000000000000000000e+00	1.000000000000000000e+00
6.038100300300300205e+01	1.000000000000000000e+00	1.000000000000000000e+00
6.054116216216215918e+01	1.000000000000000000e+00	1.000000000000000000e+00
6.070132132132131630e+01	1.000000000000000000e+00	1.000000000000000000e+00
6.086148048048047343e+01	1.000000000000000000e+00	1.000000000000000000e+00
6.102163963963963766e+01	1.000000000000000000e+00	1.000000000000000000e+00
6.118179879879879479e+01	1.000000000000000000e+00	1.000000000000000000e+00
6.134195795795795192e+01	1.000000000000000000e+00	1.000000000000000000e+00
6.150211711711711615e+01	1.000000000000000000e+00	1.000000000000000000e+00
6.166227627627627328e+01	1.000000000000000000e+00	1.000000000000000000e+00
6.182243543543543041e+01	1.000000000000000000e+00	1.000000000000000000e+00
6.198259459459458753e+01	1.000000000000000000e+00	1.000000000000000000e+00
6.214275375375375177e+01	1.000000000000000000e+00	1.000000000000000000e+00
6.230291291291290889e+01	1.000000000000000000e+00	1.000000000000000000e+00
6.246307207207206602e+01	1.000000000000000000e+00	1.000000000000000000e+00
6.262323123123122315e+01	1.000000000000000000e+00	1.000000000000000000e+00
6.278339039039038738e+01	1.000000000000000000e+00	1.000000000000000000e+00
6.294354954954954451e+01	1.000000000000000000e+00	1.000000000000000000e+00
6.310370870870870164e+01	1.000000000000000000e+00	1.000000000000000000e+00
6.326386786786786587e+01	1.000000000000000000e+00	1.000000000000000000e+00
6.342402702702702300e+01	1.000000000000000000e+00	1.000000000000000000e+00
6.358418618618618012e+01	1.000000000000000000e+00	1.000000000000000000e+00
6.374434534534533725e+01	1.000000000000000000e+00	1.000000000000000000e+00
6.390450450450450148e+01	1.000000000000000000e+00	1.000000000000000000e+00
6.406466366366366572e+01	1.000000000000000000e+00	1.000000000000000000e+00
6.422482282282282995e+01	1.000000000000000000e+00	1.000000000000000000e+00
6.438498198198197997e+01	1.000000000000000000e+00	1.000000000000000000e+00
6.454514114114114420e+01	1.000000000000000000e+00	1.000000000000000000e+00
6.470530030030030844e+01	1.000000000000000000e+00	1.000000000000000000e+00
6.486545945945945846e+01	1.000000000000000000e+00	1.000000000000000000e+00
6.502561861861862269e+01	1.000000000000000000e+00	1.000000000000000000e+00
6.518577777777778692e+01	1.000000000000000000e+00	1.000000000000000000e+00
6.534593693693693695e+01	1.000000000000000000e+00	1.000000000000000000e+00
6.550609609609610118e+01	1.000000000000000000e+00	1.000000000000000000e+00
6.566625525525525120e+01	1.000000000000000000e+00	1.000000000000000000e+00
6.582641441441441543e+01	1.000000000000000000e+00	1.000000000000000000e+00
6.598657357357357967e+01	1.000000000000000000e+00	1.000000000000000000e+00
6.614673273273272969e+01	1.000000000000000000e+00	1.000000000000000000e+00
6.630689189189189392e+01	1.000000000000000000e+00	1.000000000000000000e+00
6.646705105105105815e+01	1.000000000000000000e+00	1.000000000000000000e+00
6.662721021021020817e+01	1.000000000000000000e+00	1.000000000000000000e+00
6.678736936936937241e+01	1.000000000000000000e+00	1.000000000000000000e+00
6.694752852852853664e+01	1.000000000000000000e+00	1.000000000000000000e+00
6.710768768768768666e+01	1.000000000000000000e+00	1.000000000000000000e+00
6.726784684684685089e+01	1.000000000000000000e+00	1.000000000000000000e+00
6.742800600600601513e+01	1.000000000000000000e+00	1.000000000000000000e+00
6.758816516516516515e+01	1.000000000000000000e+00	1.000000000000000000e+00
6.774832432432432938e+01	1.000000000000000000e+00	1.000000000000000000e+00
6.790848348348347940e+01	1.000000000000000000e+00	1.000000000000000000e+00
6.806864264264264364e+01	1.000000000000000000e+00	1.000000000000000000e+00
6.822880180180180787e+01	1.000000000000000000e+00	1.000000000000000000e+00
6.838896096096095789e+01	1.000000000000000000e+00	1.000000000000000000e+00
6.854912012012012212e+01	1.000000000000000000e+00	1.000000000000000000e+00
6.870927927927928636e+01	1.000000000000000000e+00	1.000000000000000000e+00
6.886943843843843638e+01	1.000000000000000000e+00	1.000000000000000000e+00
6.902959759759760061e+01	1.000000000000000000e+00	1.000000000000000000e+00
6.918975675675676484e+01	1.000000000000000000e+00	1.000000000000000000e+00
6.934991591591591487e+01	1.000000000000000000e+00	1.000000000000000000e+00
6.951007507507507910e+01	1.000000000000000000e+00	1.000000000000000000e+00
6.967023423423424333e+01	1.000000000000000000e+00	1.000000000000000000e+00
6.983039339339339335e+01	1.000000000000000000e+00	1.000000000000000000e+00
6.999055255255255759e+01	1.000000000000000000e+00	1.000000000000000000e+00
7.015071171171170761e+01	1.000000000000000000e+00	1.000000000000000000e+00
7.031087087087087184e+01	1.000000000000000000e+00	1.000000000000000000e+00
7.047103003003003607e+01	1.000000000000000000e+00	1.000000000000000000e+00
7.063118918918918610e+01	1.000000000000000000e+00	1.000000000000000000e+00
7.079134834834835033e+01	1.000000000000000000e+00	1.000000000000000000e+00
7.095150750750751456e+01	1.000000000000000000e+00	1.000000000000000000e+00
7.111166666666666458e+01	1.000000000000000000e+00	1.000000000000000000e+00
7.127182582582582882e+01	1.000000000000000000e+00	1.000000000000000000e+00
7.143198498498499305e+01	1.000000000000000000e+00	1.000000000000000000e+00
7.159214414414414307e+01	1.000000000000000000e+00	1.000000000000000000e+00
7.175230330330330730e+01	1.000000000000000000e+00	1.000000000000000000e+00
7.191246246246247154e+01	1.000000000000000000e+00	1.000000000000000000e+00
7.207262162162162156e+01	1.000000000000000000e+00	1.000000000000000000e+00
7.223278078078078579e+01	1.000000000000000000e+00	1.000000000000000000e+00
7.239293993993993581e+01	1.000000000000000000e+00	1.000000000000000000e+00
7.255309909909910004e+01	1.000000000000000000e+00	1.000000000000000000e+00
7.271325825825826428e+01	1.000000000000000000e+00	1.000000000000000000e+00
7.287341741741741430e+01	1.000000000000000000e+00	1.000000000000000000e+00
7.303357657657657853e+01	1.000000000000000000e+00	1.000000000000000000e+00
7.319373573573574276e+01	1.000000000000000000e+00	1.000000000000000000e+00
7.335389489489489279e+01	1.000000000000000000e+00	1.000000000000000000e+00
7.351405405405405702e+01	1.000000000000000000e+00	1.000000000000000000e+00
7.367421321321322125e+01	1.000000000000000000e+00	1.000000000000000000e+00
7.383437237237237127e+01	1.000000000000000000e+00	1.000000000000000000e+00
7.399453153153153551e+01	1.000000000000000000e+00	1.000000000000000000e+00
7.415469069069069974e+01	1.000000000000000000e+00	1.000000000000000000e+00
7.431484984984984976e+01	1.000000000000000000e+00	1.000000000000000000e+00
7.447500900900901399e+01	1.000000000000000000e+00	1.000000000000000000e+00
7.463516816816816402e+01	1.000000000000000000e+00	1.000000000000000000e+00
7.479532732732732825e+01	1.000000000000000000e+00	1.000000000000000000e+00
7.495548648648649248e+01	1.000000000000000000e+00	1.000000000000000000e+00
7.511564564564564250e+01	1.000000000000000000e+00	1.000000000000000000e+00
7.527580480480480674e+01	1.000000000000000000e+00	1.000000000000000000e+00
7.543596396396397097e+01	1.000000000000000000e+00	1.000000000000000000e+00
7.559612312312312099e+01	1.000000000000000000e+00	1.000000000000000000e+00
7.575628228228228522e+01	1.000000000000000000e+00	1.000000000000000000e+00
7.591644144144144946e+01	1.000000000000000000e+00	1.000000000000000000e+00
7.607660060060059948e+01	1.000000000000000000e+00	1.000000000000000000e+00
7.623675975975976371e+01	1.000000000000000000e+00	1.000000000000000000e+00
7.639691891891892794e+01	1.000000000000000000e+00	1.000000000000000000e+00
7.655707807807807797e+01	1.000000000000000000e+00	1.000000000000000000e+00
7.671723723723724220e+01	1.000000000000000000e+00	1.000000000000000000e+00
7.687739639639639222e+01	1.000000000000000000e+00	1.000000000000000000e+00
7.703755555555555645e+01	1.000000000000000000e+00	1.000000000000000000e+00
7.719771471471472069e+01	1.000000000000000000e+00	1.000000000000000000e+00
7.735787387387387071e+01	1.000000000000000000e+00	1.000000000000000000e+00
7.751803303303303494e+01	1.000000000000000000e+00	1.000000000000000000e+00
7.767819219219219917e+01	1.000000000000000000e+00	1.000000000000000000e+00
7.783835135135134919e+01	1.000000000000000000e+00	1.000000000000000000e+00
7.799851051051051343e+01	1.000000000000000000e+00	1.000000000000000000e+00
7.815866966966967766e+01	1.000000000000000000e+00	1.000000000000000000e+00
7.831882882882882768e+01	1.000000000000000000e+00	1.000000000000000000e+00
7.847898798798799191e+01	1.000000000000000000e+00	1.000000000000000000e+00
7.863914714714715615e+01	1.000000000000000000e+00	1.000000000000000000e+00
7.879930630630630617e+01	1.000000000000000000e+00	1.000000000000000000e+00
7.895946546546547040e+01	1.000000000000000000e+00	1.000000000000000000e+00
7.911962462462462042e+01	1.000000000000000000e+00	1.000000000000000000e+00
7.927978378378378466e+01	1.000000000000000000e+00	1.000000000000000000e+00
7.943994294294294889e+01	1.000000000000000000e+00	1.000000000000000000e+00
7.960010210210209891e+01	1.000000000000000000e+00	1.000000000000000000e+00
7.976026126126126314e+01	1.000000000000000000e+00	1.000000000000000000e+00
7.992042042042042738e+01	1.000000000000000000e+00	1.000000000000000000e+00
8.008057957957957740e+01	1.000000000000000000e+00	1.000000000000000000e+00
8.024073873873874163e+01	1.000000000000000000e+00	1.000000000000000000e+00
8.040089789789790586e+01	1.000000000000000000e+00	1.000000000000000000e+00
8.056105705705705589e+01	1.000000000000000000e+00	1.000000000000000000e+00
8.072121621621622012e+01	1.000000000000000000e+00	1.000000000000000000e+00
8.088137537537538435e+01	1.000000000000000000e+00	1.000000000000000000e+00
8.104153453453453437e+01	1.000000000000000000e+00	1.000000000000000000e+00
8.120169369369369861e+01	1.000000000000000000e+00	1.000000000000000000e+00
8.136185285285284863e+01	1.000000000000000000e+00	1.000000000000000000e+00
8.152201201201201286e+01	1.000000000000000000e+00	1.000000000000000000e+00
8.168217117117117709e+01	1.000000000000000000e+00	1.000000000000000000e+00
8.184233033033032712e+01	1.000000000000000000e+00	1.000000000000000000e+00
8.200248948948949135e+01	1.000000000000000000e+00	1.000000000000000000e+00
8.216264864864865558e+01	1.000000000000000000e+00	1.000000000000000000e+00
8.232280780780780560e+01	1.000000000000000000e+00	1.000000000000000000e+00
8.248296696696696984e+01	1.000000000000000000e+00	1.000000000000000000e+00
8.264312612612613407e+01	1.000000000000000000e+00	1.000000000000000000e+00
8.280328528528528409e+01	1.000000000000000000e+00	1.000000000000000000e+00
8.296344444444444832e+01	1.000000000000000000e+00	1.000000000000000000e+00
8.312360360360359834e+01	1.000000000000000000e+00	1.000000000000000000e+00
8.328376276276276258e+01	1.000000000000000000e+00	1.000000000000000000e+00
8.344392192192192681e+01	1.000000000000000000e+00	1.000000000000000000e+00
8.360408108108107683e+01	1.000000000000000000e+00	1.000000000000000000e+00
8.376424024024024106e+01	1.000000000000000000e+00	1.000000000000000000e+00
8.392439939939940530e+01	1.000000000000000000e+00	1.000000000000000000e+00
8.408455855855855532e+01	1.000000000000000000e+00	1.000000000000000000e+00
8.424471771771771955e+01	1.000000000000000000e+00	1.000000000000000000e+00
8.440487687687688378e+01	1.000000000000000000e+00	1.000000000000000000e+00
8.456503603603603381e+01	1.000000000000000000e+00	1.000000000000000000e+00
8.472519519519519804e+01	1.000000000000000000e+00	1.000000000000000000e+00
8.488535435435436227e+01	1.000000000000000000e+00	1.000000000000000000e+00
8.504551351351351229e+01	1.000000000000000000e+00	1.000000000000000000e+00
8.520567267267267653e+01	1.000000000000000000e+00	1.000000000000000000e+00
8.536583183183182655e+01	1.000000000000000000e+00	1.000000000000000000e+00
8.552599099099099078e+01	1.000000000000000000e+00	1.000000000000000000e+00
8.568615015015015501e+01	1.000000000000000000e+00	1.000000000000000000e+00
8.584630930930930504e+01	1.000000000000000000e+00	1.000000000000000000e+00
8.600646846846846927e+01	1.000000000000000000e+00	1.000000000000000000e+00
8.616662762762763350e+01	1.000000000000000000e+00	1.000000000000000000e+00
8.632678678678678352e+01	1.000000000000000000e+00	1.000000000000000000e+00
8.648694594594594776e+01	1.000000000000000000e+00	1.000000000000000000e+00
8.664710510510511199e+01	1.000000000000000000e+00	1.000000000000000000e+00
8.680726426426426201e+01	1.000000000000000000e+00	1.000000000000000000e+00
8.696742342342342624e+01	1.000000000000000000e+00	1.000000000000000000e+00
8.712758258258259048e+01	1.000000000000000000e+00	1.000000000000000000e+00
8.728774174174174050e+01	1.000000000000000000e+00	1.000000000000000000e+00
8.744790090090090473e+01	1.000000000000000000e+00	1.000000000000000000e+00
8.760806006006005475e+01	1.000000000000000000e+00	1.000000000000000000e+00
8.776821921921921899e+01	1.000000000000000000e+00	1.000000000000000000e+00
8.792837837837838322e+01	1.000000000000000000e+00	1.000000000000000000e+00
8.808853753753753324e+01	1.000000000000000000e+00	1.000000000000000000e+00
8.824869669669669747e+01	1.000000000000000000e+00	1.000000000000000000e+00
8.840885585585586171e+01	1.000000000000000000e+00	1.000000000000000000e+00
8.856901501501501173e+01	1.000000000000000000e+00	1.000000000000000000e+00
8.872917417417417596e+01	1.000000000000000000e+00	1.000000000000000000e+00
8.888933333333334019e+01	1.000000000000000000e+00	1.000000000000000000e+00
8.904949249249249021e+01	1.000000000000000000e+00	1.000000000000000000e+00
8.920965165165165445e+01	1.000000000000000000e+00	1.000000000000000000e+00
8.936981081081081868e+01	1.000000000000000000e+00	1.000000000000000000e+00
8.952996996996996870e+01	1.000000000000000000e+00	1.000000000000000000e+00
8.969012912912913293e+01	1.000000000000000000e+00	1.000000000000000000e+00
8.985028828828828296e+01	1.000000000000000000e+00	1.000000000000000000e+00
9.001044744744744719e+01	1.000000000000000000e+00	1.000000000000000000e+00
9.017060660660661142e+01	1.000000000000000000e+00	1.000000000000000000e+00
9.033076576576576144e+01	1.000000000000000000e+00	1.000000000000000000e+00
9.049092492492492568e+01	1.000000000000000000e+00	1.000000000000000000e+00
9.065108408408408991e+01	1.000000000000000000e+00	1.000000000000000000e+00
9.081124324324323993e+01	1.000000000000000000e+00	1.000000000000000000e+00
9.097140240240240416e+01	1.000000000000000000e+00	1.000000000000000000e+00
9.113156156156156840e+01	1.000000000000000000e+00	1.000000000000000000e+00
9.129172072072071842e+01	1.000000000000000000e+00	1.000000000000000000e+00
9.145187987987988265e+01	1.000000000000000000e+00	1.000000000000000000e+00
9.161203903903904688e+01	1.000000000000000000e+00	1.000000000000000000e+00
9.177219819819819691e+01	1.000000000000000000e+00	1.000000000000000000e+00
9.193235735735736114e+01	1.000000000000000000e+00	1.000000000000000000e+00
9.209251651651651116e+01	1.000000000000000000e+00	1.000000000000000000e+00
9.225267567567567539e+01	1.000000000000000000e+00	1.000000000000000000e+00
9.241283483483483963e+01	1.000000000000000000e+00	1.000000000000000000e+00
9.257299399399398965e+01	1.000000000000000000e+00	1.000000000000000000e+00
9.273315315315315388e+01	1.000000000000000000e+00	1.000000000000000000e+00
9.289331231231231811e+01	1.000000000000000000e+00	1.000000000000000000e+00
9.305347147147146813e+01	1.000000000000000000e+00	1.000000000000000000e+00
9.321363063063063237e+01	1.000000000000000000e+00	1.000000000000000000e+00
9.337378978978979660e+01	1.000000000000000000e+00	1.000000000000000000e+00
9.353394894894894662e+01	1.000000000000000000e+00	1.000000000000000000e+00
9.369410810810811086e+01	1.000000000000000000e+00	1.000000000000000000e+00
9.385426726726727509e+01	1.000000000000000000e+00	1.000000000000000000e+00
9.401442642642642511e+01	1.000000000000000000e+00	1.000000000000000000e+00
9.417458558558558934e+01	1.000000000000000000e+00	1.000000000000000000e+00
9.433474474474473936e+01	1.000000000000000000e+00	1.000000000000000000e+00
9.449490390390390360e+01	1.000000000000000000e+00	1.000000000000000000e+00
9.465506306306306783e+01	1.000000000000000000e+00	1.000000000000000000e+00
9.481522222222221785e+01	1.000000000000000000e+00	1.000000000000000000e+00
9.497538138138138208e+01	1.000000000000000000e+00	1.000000000000000000e+00
9.513554054054054632e+01	1.000000000000000000e+00	1.000000000000000000e+00
9.529569969969969634e+01	1.000000000000000000e+00	1.000000000000000000e+00
9.545585885885886057e+01	1.000000000000000000e+00	1.000000000000000000e+00
9.561601801801802480e+01	1.000000000000000000e+00	1.000000000000000000e+00
9.577617717717717483e+01	1.000000000000000000e+00	1.000000000000000000e+00
9.593633633633633906e+01	1.000000000000000000e+00	1.000000000000000000e+00
9.609649549549550329e+01	1.000000000000000000e+00	1.000000000000000000e+00
9.625665465465465331e+01	1.000000000000000000e+00	1.000000000000000000e+00
9.641681381381381755e+01	1.000000000000000000e+00	1.000000000000000000e+00
9.657697297297296757e+01	1.000000000000000000e+00	1.000000000000000000e+00
9.673713213213213180e+01	1.000000000000000000e+00	1.000000000000000000e+00
9.689729129129129603e+01	1.000000000000000000e+00	1.000000000000000000e+00
9.705745045045044606e+01	1.000000000000000000e+00	1.000000000000000000e+00
9.721760960960961029e+01	1.000000000000000000e+00	1.000000000000000000e+00
9.737776876876877452e+01	1.000000000000000000e+00	1.000000000000000000e+00
9.753792792792792454e+01	1.000000000000000000e+00	1.000000000000000000e+00
9.769808708708708878e+01	1.000000000000000000e+00	1.000000000000000000e+00
9.785824624624625301e+01	1.000000000000000000e+00	1.000000000000000000e+00
9.801840540540540303e+01	1.000000000000000000e+00	1.000000000000000000e+00
9.817856456456456726e+01	1.000000000000000000e+00	1.000000000000000000e+00
9.833872372372373150e+01	1.000000000000000000e+00	1.000000000000000000e+00
9.849888288288288152e+01	1.000000000000000000e+00	1.000000000000000000e+00
9.865904204204204575e+01	1.000000000000000000e+00	1.000000000000000000e+00
9.881920120120119577e+01	1.000000000000000000e+00	1.000000000000000000e+00
9.897936036036036000e+01	1.000000000000000000e+00	1.000000000000000000e+00
9.913951951951952424e+01	1.000000000000000000e+00	1.000000000000000000e+00
9.929967867867867426e+01	1.000000000000000000e+00	1.000000000000000000e+00
9.945983783783783849e+01	1.000000000000000000e+00	1.000000000000000000e+00
9.961999699699700273e+01	1.000000000000000000e+00	1.000000000000000000e+00
9.978015615615615275e+01	1.000000000000000000e+00	1.000000000000000000e+00
9.994031531531531698e+01	1.000000000000000000e+00	1.000000000000000000e+00
1.001004744744744812e+02	1.000000000000000000e+00	1.000000000000000000e+00
1.002606336336336312e+02	1.000000000000000000e+00	1.000000000000000000e+00
1.004207927927927955e+02	1.000000000000000000e+00	1.000000000000000000e+00
1.005809519519519597e+02	1.000000000000000000e+00	1.000000000000000000e+00
1.007411111111111097e+02	1.000000000000000000e+00	1.000000000000000000e+00
1.009012702702702740e+02	1.000000000000000000e+00	1.000000000000000000e+00
1.010614294294294240e+02	1.000000000000000000e+00	1.000000000000000000e+00
1.012215885885885882e+02	1.000000000000000000e+00	1.000000000000000000e+00
1.013817477477477524e+02	1.000000000000000000e+00	1.000000000000000000e+00
1.015419069069069025e+02	1.000000000000000000e+00	1.000000000000000000e+00
1.017020660660660667e+02	1.000000000000000000e+00	1.000000000000000000e+00
1.018622252252252309e+02	1.000000000000000000e+00	1.000000000000000000e+00
1.020223843843843810e+02	1.000000000000000000e+00	1.000000000000000000e+00
1.021825435435435452e+02	1.000000000000000000e+00	1.000000000000000000e+00
1.023427027027027094e+02	1.000000000000000000e+00	1.000000000000000000e+00
1.025028618618618594e+02	1.000000000000000000e+00	1.000000000000000000e+00
1.026630210210210237e+02	1.000000000000000000e+00	1.000000000000000000e+00
1.028231801801801879e+02	1.000000000000000000e+00	1.000000000000000000e+00
1.029833393393393379e+02	1.000000000000000000e+00	1.000000000000000000e+00
1.031434984984985022e+02	1.000000000000000000e+00	1.000000000000000000e+00
1.033036576576576522e+02	1.000000000000000000e+00	1.000000000000000000e+00
1.034638168168168164e+02	1.000000000000000000e+00	1.000000000000000000e+00
1.036239759759759806e+02	1.000000000000000000e+00	1.000000000000000000e+00
1.037841351351351307e+02	1.000000000000000000e+00	1.000000000000000000e+00
1.039442942942942949e+02	1.000000000000000000e+00	1.000000000000000000e+00
1.041044534534534591e+02	1.000000000000000000e+00	1.000000000000000000e+00
1.042646126126126092e+02	1.000000000000000000e+00	1.000000000000000000e+00
1.044247717717717734e+02	1.000000000000000000e+00	1.000000000000000000e+00
1.045849309309309376e+02	1.000000000000000000e+00	1.000000000000000000e+00
1.047450900900900876e+02	1.000000000000000000e+00	1.000000000000000000e+00
1.049052492492492519e+02	1.000000000000000000e+00	1.000000000000000000e+00
1.050654084084084161e+02	1.000000000000000000e+00	1.000000000000000000e+00
1.052255675675675661e+02	1.000000000000000000e+00	1.000000000000000000e+00
1.053857267267267304e+02	1.000000000000000000e+00	1.000000000000000000e+00
1.055458858858858804e+02	1.000000000000000000e+00	1.000000000000000000e+00
1.057060450450450446e+02	1.000000000000000000e+00	1.000000000000000000e+00
1.058662042042042088e+02	1.000000000000000000e+00	1.000000000000000000e+00
1.060263633633633589e+02	1.000000000000000000e+00	1.000000000000000000e+00
1.061865225225225231e+02	1.000000000000000000e+00	1.000000000000000000e+00
1.063466816816816873e+02	1.000000000000000000e+00	1.000000000000000000e+00
1.065068408408408374e+02	1.000000000000000000e+00	1.000000000000000000e+00
1.066670000000000016e+02	1.000000000000000000e+00	1.000000000000000000e+00
1.068271591591591658e+02	1.000000000000000000e+00	1.000000000000000000e+00
1.069873183183183158e+02	1.000000000000000000e+00	1.000000000000000000e+00
1.071474774774774801e+02	1.000000000000000000e+00	1.000000000000000000e+00
1.073076366366366443e+02	1.000000000000000000e+00	1.000000000000000000e+00
1.074677957957957943e+02	1.000000000000000000e+00	1.000000000000000000e+00
1.076279549549549586e+02	1.000000000000000000e+00	1.000000000000000000e+00
1.077881141141141086e+02	1.000000000000000000e+00	1.000000000000000000e+00
1.079482732732732728e+02	1.000000000000000000e+00	1.000000000000000000e+00
1.081084324324324371e+02	1.000000000000000000e+00	1.000000000000000000e+00
1.082685915915915871e+02	1.000000000000000000e+00	1.000000000000000000e+00
1.084287507507507513e+02	1.000000000000000000e+00	1.000000000000000000e+00
1.085889099099099155e+02	1.000000000000000000e+00	1.000000000000000000e+00
1.087490690690690656e+02	1.000000000000000000e+00	1.000000000000000000e+00
1.089092282282282298e+02	1.000000000000000000e+00	1.000000000000000000e+00
1.090693873873873940e+02	1.000000000000000000e+00	1.000000000000000000e+00
1.092295465465465441e+02	1.000000000000000000e+00	1.000000000000000000e+00
1.093897057057057083e+02	1.000000000000000000e+00	1.000000000000000000e+00
1.095498648648648725e+02	1.000000000000000000e+00	1.000000000000000000e+00
1.097100240240240225e+02	1.000000000000000000e+00	1.000000000000000000e+00
1.098701831831831868e+02	1.000000000000000000e+00	1.000000000000000000e+00
1.100303423423423368e+02	1.000000000000000000e+00	1.000000000000000000e+00
1.101905015015015010e+02	1.000000000000000000e+00	1.000000000000000000e+00
1.103506606606606653e+02	1.000000000000000000e+00	1.000000000000000000e+00
1.105108198198198153e+02	1.000000000000000000e+00	1.000000000000000000e+00
1.106709789789789795e+02	1.000000000000000000e+00	1.000000000000000000e+00
1.108311381381381437e+02	1.000000000000000000e+00	1.000000000000000000e+00
1.109912972972972938e+02	1.000000000000000000e+00	1.000000000000000000e+00
1.111514564564564580e+02	1.000000000000000000e+00	1.000000000000000000e+00
1.113116156156156222e+02	1.000000000000000000e+00	1.000000000000000000e+00
1.114717747747747723e+02	1.000000000000000000e+00	1.000000000000000000e+00
1.116319339339339365e+02	1.000000000000000000e+00	1.000000000000000000e+00
1.117920930930931007e+02	1.000000000000000000e+00	1.000000000000000000e+00
1.119522522522522507e+02	1.000000000000000000e+00	1.000000000000000000e+00
1.121124114114114150e+02	1.000000000000000000e+00	1.000000000000000000e+00
1.122725705705705650e+02	1.000000000000000000e+00	1.000000000000000000e+00
1.124327297297297292e+02	1.000000000000000000e+00	1.000000000000000000e+00
1.125928888888888935e+02	1.000000000000000000e+00	1.000000000000000000e+00
1.127530480480480435e+02	1.000000000000000000e+00	1.000000000000000000e+00
1.129132072072072077e+02	1.000000000000000000e+00	1.000000000000000000e+00
1.130733663663663719e+02	1.000000000000000000e+00	1.000000000000000000e+00
1.132335255255255220e+02	1.000000000000000000e+00	1.000000000000000000e+00
1.133936846846846862e+02	1.000000000000000000e+00	1.000000000000000000e+00
1.135538438438438504e+02	1.000000000000000000e+00	1.000000000000000000e+00
1.137140030030030005e+02	1.000000000000000000e+00	1.000000000000000000e+00
1.138741621621621647e+02	1.000000000000000000e+00	1.000000000000000000e+00
1.140343213213213289e+02	1.000000000000000000e+00	1.000000000000000000e+00
1.141944804804804789e+02	1.000000000000000000e+00	1.000000000000000000e+00
1.143546396396396432e+02	1.000000000000000000e+00	1.000000000000000000e+00
1.145147987987987932e+02	1.000000000000000000e+00	1.000000000000000000e+00
1.146749579579579574e+02	1.000000000000000000e+00	1.000000000000000000e+00
1.148351171171171217e+02	1.000000000000000000e+00	1.000000000000000000e+00
1.149952762762762717e+02	1.000000000000000000e+00	1.000000000000000000e+00
1.151554354354354359e+02	1.000000000000000000e+00	1.000000000000000000e+00
1.153155945945946002e+02	1.000000000000000000e+00	1.000000000000000000e+00
1.154757537537537502e+02	1.000000000000000000e+00	1.000000000000000000e+00
1.156359129129129144e+02	1.000000000000000000e+00	1.000000000000000000e+00
1.157960720720720786e+02	1.000000000000000000e+00	1.000000000000000000e+00
1.159562312312312287e+02	1.000000000000000000e+00	1.000000000000000000e+00
1.161163903903903929e+02	1.000000000000000000e+00	1.000000000000000000e+00
1.162765495495495571e+02	1.000000000000000000e+00	1.000000000000000000e+00
1.164367087087087071e+02	1.000000000000000000e+00	1.000000000000000000e+00
1.165968678678678714e+02	1.000000000000000000e+00	1.000000000000000000e+00
1.167570270270270214e+02	1.000000000000000000e+00	1.000000000000000000e+00
1.169171861861861856e+02	1.000000000000000000e+00	1.000000000000000000e+00
1.170773453453453499e+02	1.000000000000000000e+00	1.000000000000000000e+00
1.172375045045044999e+02	1.000000000000000000e+00	1.000000000000000000e+00
1.173976636636636641e+02	1.000000000000000000e+00	1.000000000000000000e+00
1.175578228228228284e+02	1.000000000000000000e+00	1.000000000000000000e+00
1.177179819819819784e+02	1.000000000000000000e+00	1.000000000000000000e+00
1.178781411411411426e+02	1.000000000000000000e+00	1.000000000000000000e+00
1.180383003003003068e+02	1.000000000000000000e+00	1.000000000000000000e+00
1.181984594594594569e+02	1.000000000000000000e+00	1.000000000000000000e+00
1.183586186186186211e+02	1.000000000000000000e+00	1.000000000000000000e+00
1.185187777777777853e+02	1.000000000000000000e+00	1.000000000000000000e+00
1.186789369369369354e+02	1.000000000000000000e+00	1.000000000000000000e+00
1.188390960960960996e+02	1.000000000000000000e+00	1.000000000000000000e+00
1.189992552552552496e+02	1.000000000000000000e+00	1.000000000000000000e+00
1.191594144144144138e+02	1.000000000000000000e+00	1.000000000000000000e+00
1.193195735735735781e+02	1.000000000000000000e+00	1.000000000000000000e+00
1.194797327327327281e+02	1.000000000000000000e+00	1.000000000000000000e+00
1.196398918918918923e+02	1.000000000000000000e+00	1.000000000000000000e+00
1.198000510510510566e+02	1.000000000000000000e+00	1.000000000000000000e+00
1.199602102102102066e+02	1.000000000000000000e+00	1.000000000000000000e+00
1.201203693693693708e+02	1.000000000000000000e+00	1.000000000000000000e+00
1.202805285285285350e+02	1.000000000000000000e+00	1.000000000000000000e+00
1.204406876876876851e+02	1.000000000000000000e+00	1.000000000000000000e+00
1.206008468468468493e+02	1.000000000000000000e+00	1.000000000000000000e+00
1.207610060060060135e+02	1.000000000000000000e+00	1.000000000000000000e+00
1.209211651651651636e+02	1.000000000000000000e+00	1.000000000000000000e+00
1.210813243243243278e+02	1.000000000000000000e+00	1.000000000000000000e+00
1.212414834834834778e+02	1.000000000000000000e+00	1.000000000000000000e+00
1.214016426426426420e+02	1.000000000000000000e+00	1.000000000000000000e+00
1.215618018018018063e+02	1.000000000000000000e+00	1.000000000000000000e+00
1.217219609609609563e+02	1.000000000000000000e+00	1.000000000000000000e+00
1.218821201201201205e+02	1.000000000000000000e+00	1.000000000000000000e+00
1.220422792792792848e+02	1.000000000000000000e+00	1.000000000000000000e+00
1.222024384384384348e+02	1.000000000000000000e+00	1.000000000000000000e+00
1.223625975975975990e+02	1.000000000000000000e+00	1.000000000000000000e+00
1.225227567567567633e+02	1.000000000000000000e+00	1.000000000000000000e+00
1.226829159159159133e+02	1.000000000000000000e+00	1.000000000000000000e+00
1.228430750750750775e+02	1.000000000000000000e+00	1.000000000000000000e+00
1.230032342342342417e+02	1.000000000000000000e+00	1.000000000000000000e+00
1.231633933933933918e+02	1.000000000000000000e+00	1.000000000000000000e+00
1.233235525525525560e+02	1.000000000000000000e+00	1.000000000000000000e+00
1.234837117117117060e+02	1.000000000000000000e+00	1.000000000000000000e+00
1.236438708708708702e+02	1.000000000000000000e+00	1.000000000000000000e+00
1.238040300300300345e+02	1.000000000000000000e+00	1.000000000000000000e+00
1.239641891891891845e+02	1.000000000000000000e+00	1.000000000000000000e+00
1.241243483483483487e+02	1.000000000000000000e+00	1.000000000000000000e+00
1.242845075075075130e+02	1.000000000000000000e+00	1.000000000000000000e+00
1.244446666666666630e+02	1.000000000000000000e+00	1.000000000000000000e+00
1.246048258258258272e+02	1.000000000000000000e+00	1.000000000000000000e+00
1.247649849849849915e+02	1.000000000000000000e+00	1.000000000000000000e+00
1.249251441441441415e+02	1.000000000000000000e+00	1.000000000000000000e+00
1.250853033033033057e+02	1.000000000000000000e+00	1.000000000000000000e+00
1.252454624624624557e+02	1.000000000000000000e+00	1.000000000000000000e+00
1.254056216216216200e+02	1.000000000000000000e+00	1.000000000000000000e+00
1.255657807807807842e+02	1.000000000000000000e+00	1.000000000000000000e+00
1.257259399399399342e+02	1.000000000000000000e+00	1.000000000000000000e+00
1.258860990990990985e+02	1.000000000000000000e+00	1.000000000000000000e+00
1.260462582582582627e+02	1.000000000000000000e+00	1.000000000000000000e+00
1.262064174174174127e+02	1.000000000000000000e+00	1.000000000000000000e+00
1.263665765765765769e+02	1.000000000000000000e+00	1.000000000000000000e+00
1.265267357357357412e+02	1.000000000000000000e+00	1.000000000000000000e+00
1.266868948948948912e+02	1.000000000000000000e+00	1.000000000000000000e+00
1.268470540540540554e+02	1.000000000000000000e+00	1.000000000000000000e+00
1.270072132132132197e+02	1.000000000000000000e+00	1.000000000000000000e+00
1.271673723723723697e+02	1.000000000000000000e+00	1.000000000000000000e+00
1.273275315315315339e+02	1.000000000000000000e+00	1.000000000000000000e+00
1.274876906906906839e+02	1.000000000000000000e+00	1.000000000000000000e+00
1.276478498498498482e+02	1.000000000000000000e+00	1.000000000000000000e+00
1.278080090090090124e+02	1.000000000000000000e+00	1.000000000000000000e+00
1.279681681681681624e+02	1.000000000000000000e+00	1.000000000000000000e+00
1.281283273273273267e+02	1.000000000000000000e+00	1.000000000000000000e+00
1.282884864864864767e+02	1.000000000000000000e+00	1.000000000000000000e+00
1.284486456456456551e+02	1.000000000000000000e+00	1.000000000000000000e+00
1.286088048048048051e+02	1.000000000000000000e+00	1.000000000000000000e+00
1.287689639639639552e+02	1.000000000000000000e+00	1.000000000000000000e+00
1.289291231231231336e+02	1.000000000000000000e+00	1.000000000000000000e+00
1.290892822822822836e+02	1.000000000000000000e+00	1.000000000000000000e+00
1.292494414414414337e+02	1.000000000000000000e+00	1.000000000000000000e+00
1.294096006006006121e+02	1.000000000000000000e+00	1.000000000000000000e+00
1.295697597597597621e+02	1.000000000000000000e+00	1.000000000000000000e+00
1.297299189189189121e+02	1.000000000000000000e+00	1.000000000000000000e+00
1.298900780780780906e+02	1.000000000000000000e+00	1.000000000000000000e+00
1.300502372372372406e+02	1.000000000000000000e+00	1.000000000000000000e+00
1.302103963963963906e+02	1.000000000000000000e+00	1.000000000000000000e+00
1.303705555555555691e+02	1.000000000000000000e+00	1.000000000000000000e+00
1.305307147147147191e+02	1.000000000000000000e+00	1.000000000000000000e+00
1.306908738738738691e+02	1.000000000000000000e+00	1.000000000000000000e+00
1.308510330330330191e+02	1.000000000000000000e+00	1.000000000000000000e+00
1.310111921921921976e+02	1.000000000000000000e+00	1.000000000000000000e+00
1.311713513513513476e+02	1.000000000000000000e+00	1.000000000000000000e+00
1.313315105105104976e+02	1.000000000000000000e+00	1.000000000000000000e+00
1.314916696696696761e+02	1.000000000000000000e+00	1.000000000000000000e+00
1.316518288288288261e+02	1.000000000000000000e+00	1.000000000000000000e+00
1.318119879879879761e+02	1.000000000000000000e+00	1.000000000000000000e+00
1.319721471471471546e+02	1.000000000000000000e+00	1.000000000000000000e+00
1.321323063063063046e+02	1.000000000000000000e+00	1.000000000000000000e+00
1.322924654654654546e+02	1.000000000000000000e+00	1.000000000000000000e+00
1.324526246246246330e+02	1.000000000000000000e+00	1.000000000000000000e+00
1.326127837837837831e+02	1.000000000000000000e+00	1.000000000000000000e+00
1.327729429429429331e+02	1.000000000000000000e+00	1.000000000000000000e+00
1.329331021021021115e+02	1.000000000000000000e+00	1.000000000000000000e+00
1.330932612612612616e+02	1.000000000000000000e+00	1.000000000000000000e+00
1.332534204204204116e+02	1.000000000000000000e+00	1.000000000000000000e+00
1.334135795795795900e+02	1.000000000000000000e+00	1.000000000000000000e+00
1.335737387387387400e+02	1.000000000000000000e+00	1.000000000000000000e+00
1.337338978978978901e+02	1.000000000000000000e+00	1.000000000000000000e+00
1.338940570570570685e+02	1.000000000000000000e+00	1.000000000000000000e+00
1.340542162162162185e+02	1.000000000000000000e+00	1.000000000000000000e+00
1.342143753753753685e+02	1.000000000000000000e+00	1.000000000000000000e+00
1.343745345345345470e+02	1.000000000000000000e+00	1.000000000000000000e+00
1.345346936936936970e+02	1.000000000000000000e+00	1.000000000000000000e+00
1.346948528528528470e+02	1.000000000000000000e+00	1.000000000000000000e+00
1.348550120120120255e+02	1.000000000000000000e+00	1.000000000000000000e+00
1.350151711711711755e+02	1.000000000000000000e+00	1.000000000000000000e+00
1.351753303303303255e+02	1.000000000000000000e+00	1.000000000000000000e+00
1.353354894894894755e+02	1.000000000000000000e+00	1.000000000000000000e+00
1.354956486486486540e+02	1.000000000000000000e+00	1.000000000000000000e+00
1.356558078078078040e+02	1.000000000000000000e+00	1.000000000000000000e+00
1.358159669669669540e+02	1.000000000000000000e+00	1.000000000000000000e+00
1.359761261261261325e+02	1.000000000000000000e+00	1.000000000000000000e+00
1.361362852852852825e+02	1.000000000000000000e+00	1.000000000000000000e+00
1.362964444444444325e+02	1.000000000000000000e+00	1.000000000000000000e+00
1.364566036036036110e+02	1.000000000000000000e+00	1.000000000000000000e+00
1.366167627627627610e+02	1.000000000000000000e+00	1.000000000000000000e+00
1.367769219219219110e+02	1.000000000000000000e+00	1.000000000000000000e+00
1.369370810810810895e+02	1.000000000000000000e+00	1.000000000000000000e+00
1.370972402402402395e+02	1.000000000000000000e+00	1.000000000000000000e+00
1.372573993993993895e+02	1.000000000000000000e+00	1.000000000000000000e+00
1.374175585585585679e+02	1.000000000000000000e+00	1.000000000000000000e+00
1.375777177177177180e+02	1.000000000000000000e+00	1.000000000000000000e+00
1.377378768768768680e+02	1.000000000000000000e+00	1.000000000000000000e+00
1.378980360360360464e+02	1.000000000000000000e+00	1.000000000000000000e+00
1.380581951951951964e+02	1.000000000000000000e+00	1.000000000000000000e+00
1.382183543543543465e+02	1.000000000000000000e+00	1.000000000000000000e+00
1.383785135135135249e+02	1.000000000000000000e+00	1.000000000000000000e+00
1.385386726726726749e+02	1.000000000000000000e+00	1.000000000000000000e+00
1.386988318318318250e+02	1.000000000000000000e+00	1.000000000000000000e+00
1.388589909909910034e+02	1.000000000000000000e+00	1.000000000000000000e+00
1.390191501501501534e+02	1.000000000000000000e+00	1.000000000000000000e+00
1.391793093093093034e+02	1.000000000000000000e+00	1.000000000000000000e+00
1.393394684684684819e+02	1.000000000000000000e+00	1.000000000000000000e+00
1.394996276276276319e+02	1.000000000000000000e+00	1.000000000000000000e+00
1.396597867867867819e+02	1.000000000000000000e+00	1.000000000000000000e+00
1.398199459459459320e+02	1.000000000000000000e+00	1.000000000000000000e+00
1.399801051051051104e+02	1.000000000000000000e+00	1.000000000000000000e+00
1.401402642642642604e+02	1.000000000000000000e+00	1.000000000000000000e+00
1.403004234234234104e+02	1.000000000000000000e+00	1.000000000000000000e+00
1.404605825825825889e+02	1.000000000000000000e+00	1.000000000000000000e+00
1.406207417417417389e+02	1.000000000000000000e+00	1.000000000000000000e+00
1.407809009009008889e+02	1.000000000000000000e+00	1.000000000000000000e+00
1.409410600600600674e+02	1.000000000000000000e+00	1.000000000000000000e+00
1.411012192192192174e+02	1.000000000000000000e+00	1.000000000000000000e+00
1.412613783783783674e+02	1.000000000000000000e+00	1.000000000000000000e+00
1.414215375375375459e+02	1.000000000000000000e+00	1.000000000000000000e+00
1.415816966966966959e+02	1.000000000000000000e+00	1.000000000000000000e+00
1.417418558558558459e+02	1.000000000000000000e+00	1.000000000000000000e+00
1.419020150150150243e+02	1.000000000000000000e+00	1.000000000000000000e+00
1.420621741741741744e+02	1.000000000000000000e+00	1.000000000000000000e+00
1.422223333333333244e+02	1.000000000000000000e+00	1.000000000000000000e+00
1.423824924924925028e+02	1.000000000000000000e+00	1.000000000000000000e+00
1.425426516516516529e+02	1.000000000000000000e+00	1.000000000000000000e+00
1.427028108108108029e+02	1.000000000000000000e+00	1.000000000000000000e+00
1.428629699699699813e+02	1.000000000000000000e+00	1.000000000000000000e+00
1.430231291291291313e+02	1.000000000000000000e+00	1.000000000000000000e+00
1.431832882882882814e+02	1.000000000000000000e+00	1.000000000000000000e+00
1.433434474474474598e+02	1.000000000000000000e+00	1.000000000000000000e+00
1.435036066066066098e+02	1.000000000000000000e+00	1.000000000000000000e+00
1.436637657657657599e+02	1.000000000000000000e+00	1.000000000000000000e+00
1.438239249249249383e+02	1.000000000000000000e+00	1.000000000000000000e+00
1.439840840840840883e+02	1.000000000000000000e+00	1.000000000000000000e+00
1.441442432432432383e+02	1.000000000000000000e+00	1.000000000000000000e+00
1.443044024024023884e+02	1.000000000000000000e+00	1.000000000000000000e+00
1.444645615615615668e+02	1.000000000000000000e+00	1.000000000000000000e+00
1.446247207207207168e+02	1.000000000000000000e+00	1.000000000000000000e+00
1.447848798798798668e+02	1.000000000000000000e+00	1.000000000000000000e+00
1.449450390390390453e+02	1.000000000000000000e+00	1.000000000000000000e+00
1.451051981981981953e+02	1.000000000000000000e+00	1.000000000000000000e+00
1.452653573573573453e+02	1.000000000000000000e+00	1.000000000000000000e+00
1.454255165165165238e+02	1.000000000000000000e+00	1.000000000000000000e+00
1.455856756756756738e+02	1.000000000000000000e+00	1.000000000000000000e+00
1.457458348348348238e+02	1.000000000000000000e+00	1.000000000000000000e+00
1.459059939939940023e+02	1.000000000000000000e+00	1.000000000000000000e+00
1.460661531531531523e+02	1.000000000000000000e+00	1.000000000000000000e+00
1.462263123123123023e+02	1.000000000000000000e+00	1.000000000000000000e+00
1.463864714714714808e+02	1.000000000000000000e+00	1.000000000000000000e+00
1.465466306306306308e+02	1.000000000000000000e+00	1.000000000000000000e+00
1.467067897897897808e+02	1.000000000000000000e+00	1.000000000000000000e+00
1.468669489489489592e+02	1.000000000000000000e+00	1.000000000000000000e+00
1.470271081081081093e+02	1.000000000000000000e+00	1.000000000000000000e+00
1.471872672672672593e+02	1.000000000000000000e+00	1.000000000000000000e+00
1.473474264264264377e+02	1.000000000000000000e+00	1.000000000000000000e+00
1.475075855855855878e+02	1.000000000000000000e+00	1.000000000000000000e+00
1.476677447447447378e+02	1.000000000000000000e+00	1.000000000000000000e+00
1.478279039039039162e+02	1.000000000000000000e+00	1.000000000000000000e+00
1.479880630630630662e+02	1.000000000000000000e+00	1.000000000000000000e+00
1.481482222222222163e+02	1.000000000000000000e+00	1.000000000000000000e+00
1.483083813813813947e+02	1.000000000000000000e+00	1.000000000000000000e+00
1.484685405405405447e+02	1.000000000000000000e+00	1.000000000000000000e+00
1.486286996996996947e+02	1.000000000000000000e+00	1.000000000000000000e+00
1.487888588588588448e+02	1.000000000000000000e+00	1.000000000000000000e+00
1.489490180180180232e+02	1.000000000000000000e+00	1.000000000000000000e+00
1.491091771771771732e+02	1.000000000000000000e+00	1.000000000000000000e+00
1.492693363363363233e+02	1.000000000000000000e+00	1.000000000000000000e+00
1.494294954954955017e+02	1.000000000000000000e+00	1.000000000000000000e+00
1.495896546546546517e+02	1.000000000000000000e+00	1.000000000000000000e+00
1.497498138138138017e+02	1.000000000000000000e+00	1.000000000000000000e+00
1.499099729729729802e+02	1.000000000000000000e+00	1.000000000000000000e+00
1.500701321321321302e+02	1.000000000000000000e+00	1.000000000000000000e+00
1.502302912912912802e+02	1.000000000000000000e+00	1.000000000000000000e+00
1.503904504504504587e+02	1.000000000000000000e+00	1.000000000000000000e+00
1.505506096096096087e+02	1.000000000000000000e+00	1.000000000000000000e+00
1.507107687687687587e+02	1.000000000000000000e+00	1.000000000000000000e+00
1.508709279279279372e+02	1.000000000000000000e+00	1.000000000000000000e+00
1.510310870870870872e+02	1.000000000000000000e+00	1.000000000000000000e+00
1.511912462462462372e+02	1.000000000000000000e+00	1.000000000000000000e+00
1.513514054054054156e+02	1.000000000000000000e+00	1.000000000000000000e+00
1.515115645645645657e+02	1.000000000000000000e+00	1.000000000000000000e+00
1.516717237237237157e+02	1.000000000000000000e+00	1.000000000000000000e+00
1.518318828828828941e+02	1.000000000000000000e+00	1.000000000000000000e+00
1.519920420420420442e+02	1.000000000000000000e+00	1.000000000000000000e+00
1.521522012012011942e+02	1.000000000000000000e+00	1.000000000000000000e+00
1.523123603603603726e+02	1.000000000000000000e+00	1.000000000000000000e+00
1.524725195195195226e+02	1.000000000000000000e+00	1.000000000000000000e+00
1.526326786786786727e+02	1.000000000000000000e+00	1.000000000000000000e+00
1.527928378378378511e+02	1.000000000000000000e+00	1.000000000000000000e+00
1.529529969969970011e+02	1.000000000000000000e+00	1.000000000000000000e+00
1.531131561561561512e+02	1.000000000000000000e+00	1.000000000000000000e+00
1.532733153153153012e+02	1.000000000000000000e+00	1.000000000000000000e+00
1.534334744744744796e+02	1.000000000000000000e+00	1.000000000000000000e+00
1.535936336336336296e+02	1.000000000000000000e+00	1.000000000000000000e+00
1.537537927927927797e+02	1.000000000000000000e+00	1.000000000000000000e+00
1.539139519519519581e+02	1.000000000000000000e+00	1.000000000000000000e+00
1.540741111111111081e+02	1.000000000000000000e+00	1.000000000000000000e+00
1.542342702702702582e+02	1.000000000000000000e+00	1.000000000000000000e+00
1.543944294294294366e+02	1.000000000000000000e+00	1.000000000000000000e+00
1.545545885885885866e+02	1.000000000000000000e+00	1.000000000000000000e+00
1.547147477477477366e+02	1.000000000000000000e+00	1.000000000000000000e+00
1.548749069069069151e+02	1.000000000000000000e+00	1.000000000000000000e+00
1.550350660660660651e+02	1.000000000000000000e+00	1.000000000000000000e+00
1.551952252252252151e+02	1.000000000000000000e+00	1.000000000000000000e+00
1.553553843843843936e+02	1.000000000000000000e+00	1.000000000000000000e+00
1.555155435435435436e+02	1.000000000000000000e+00	1.000000000000000000e+00
1.556757027027026936e+02	1.000000000000000000e+00	1.000000000000000000e+00
1.558358618618618721e+02	1.000000000000000000e+00	1.000000000000000000e+00
1.559960210210210221e+02	1.000000000000000000e+00	1.000000000000000000e+00
1.561561801801801721e+02	1.000000000000000000e+00	1.000000000000000000e+00
1.563163393393393505e+02	1.000000000000000000e+00	1.000000000000000000e+00
1.564764984984985006e+02	1.000000000000000000e+00	1.000000000000000000e+00
1.566366576576576506e+02	1.000000000000000000e+00	1.000000000000000000e+00
1.567968168168168290e+02	1.000000000000000000e+00	1.000000000000000000e+00
1.569569759759759791e+02	1.000000000000000000e+00	1.000000000000000000e+00
1.571171351351351291e+02	1.000000000000000000e+00	1.000000000000000000e+00
1.572772942942943075e+02	1.000000000000000000e+00	1.000000000000000000e+00
1.574374534534534575e+02	1.000000000000000000e+00	1.000000000000000000e+00
1.575976126126126076e+02	1.000000000000000000e+00	1.000000000000000000e+00
1.577577717717717576e+02	1.000000000000000000e+00	1.000000000000000000e+00
1.579179309309309360e+02	1.000000000000000000e+00	1.000000000000000000e+00
1.580780900900900861e+02	1.000000000000000000e+00	1.000000000000000000e+00
1.582382492492492361e+02	1.000000000000000000e+00	1.000000000000000000e+00
1.583984084084084145e+02	1.000000000000000000e+00	1.000000000000000000e+00
1.585585675675675645e+02	1.000000000000000000e+00	1.000000000000000000e+00
1.587187267267267146e+02	1.000000000000000000e+00	1.000000000000000000e+00
1.588788858858858930e+02	1.000000000000000000e+00	1.000000000000000000e+00
1.590390450450450430e+02	1.000000000000000000e+00	1.000000000000000000e+00
1.591992042042041930e+02	1.000000000000000000e+00	1.000000000000000000e+00
1.593593633633633715e+02	1.000000000000000000e+00	1.000000000000000000e+00
1.595195225225225215e+02	1.000000000000000000e+00	1.000000000000000000e+00
1.596796816816816715e+02	1.000000000000000000e+00	1.000000000000000000e+00
1.598398408408408500e+02	1.000000000000000000e+00	1.000000000000000000e+00
1.600000000000000000e+02	1.000000000000000000e+00	1.000000000000000000e+00
