  0.10000000178115441       0.37926902553114189        1.4384499116524054        5.4555948655050814        20.691381114782686        78.475998125192305        297.63514806391248        1128.8379055938269        4281.3324481147138        16237.767566493525        61584.821720531101        233572.14905426890        885866.79785161535        3359818.3118721968        12742749.944086527        48329302.677987538        183298072.04797754        695192799.29127681        2636650908.4718661        10000000029.103834     
   0.0000000000000000        0.0000000000000000        0.0000000000000000        0.0000000000000000        0.0000000000000000        0.0000000000000000        0.0000000000000000        0.0000000000000000        0.0000000000000000        0.0000000000000000        0.0000000000000000        0.0000000000000000        0.0000000000000000        0.0000000000000000        0.0000000000000000        0.0000000000000000        0.0000000000000000        0.0000000000000000        0.0000000000000000        0.0000000000000000     
   0.0000000000000000        0.0000000000000000        0.0000000000000000        0.0000000000000000        0.0000000000000000        0.0000000000000000        0.0000000000000000        0.0000000000000000        0.0000000000000000        0.0000000000000000        0.0000000000000000        0.0000000000000000        0.0000000000000000        0.0000000000000000        0.0000000000000000        0.0000000000000000        0.0000000000000000        0.0000000000000000        0.0000000000000000        0.0000000000000000     
   1.0978262477656022E-003   4.1637148377635068E-003   1.5791680409807010E-002   5.9892951338481326E-002  0.22715540885731064       0.86153009026922167        3.2675167198221269        12.392678601603780        47.001590532338057        178.26247122100591        676.09432544535809        2564.2163141153087        9725.2780538334573        36884.966647989917        139893.25108160364        530571.76071072894        2012294.3107489336        7632008.8872582177        28945845.219584148        109782623.14067173     
   3.0715442109970335E-042   9.8951042732131413E-043   3.3097421500652938E-043   1.1607445305347397E-043   4.3135784389369926E-044   1.7105522876554183E-044   7.2442846143875655E-045   3.2534315175983194E-045   1.5319446439346100E-045   7.5213561685513648E-046   3.8933795496953818E-046   2.2185889108893327E-046   1.4521346412135912E-046   1.0421800437783523E-046   7.6039833650660570E-047   5.0469930791305272E-047   2.9015633187791177E-047   1.5577890859734741E-047   8.1442749628140797E-048   4.1999002141038365E-048
  0.72980211367639591       0.89169450266990280        1.1311943909059288        1.5046209211038069        2.1206818433149195        3.1894921715869611        5.1230436840006250        8.7261282608723967        15.583692255469789        29.018222984505599        56.970334604634573        123.12499697869698        305.64947122545487        831.96850103520683        2302.2509309699049        5795.5088910107515        12636.834205839488        25731.331517437895        51021.520758500206        99790.066404888246     
   6.2263874731345093E-004   2.3614758674535027E-003   8.9563463511176233E-003   3.3968646924043736E-002  0.12883255388022816       0.48862196296531296        1.8531917244614737        7.0285820693989018        26.657234248459247        101.10263076689114        383.45095566608330        1454.3106770410875        5515.7498347650571        20919.530276439844        79341.297211954792        300916.95941975212        1141284.7993211895        4328539.6598225450        16416809.895129221        62263873.803541116     
   8.2742631189142901E-043   2.5092900790939416E-043   7.7431980097195920E-044   2.4360806276149128E-044   7.8212567244943767E-045   2.5621319491197545E-045   8.5892379872545079E-046   2.9660676248182210E-046   1.0637752086906186E-046   4.0114385175858909E-047   1.6075211831339990E-047   6.9378814611071068E-048   3.2692372174165691E-048   1.6830236413239171E-048   8.9567150115070201E-049   4.7982835750725536E-049   2.8236582286065378E-049   2.0174434117428062E-049   1.7007495878558728E-049   1.4586779902646673E-049
  0.49790331377216596       0.57268251974063800       0.67024069119445584       0.79974116669010364       0.97382675722246725        1.2099126625790595        1.5383477978066391        2.0147831706448613        2.7405927153237073        3.9196035513446867        5.9572534145451401        9.7513246075291384        17.427317393235480        34.026845649894831        68.679574919384081        139.54430647061670        311.44811592564804        843.96086523159784        2698.4146706489041        8777.5864003727329     
   6.2263874731345093E-004   2.3614758674535027E-003   8.9563463511176233E-003   3.3968646924043736E-002  0.12883255388022816       0.48862196296531296        1.8531917244614737        7.0285820693989018        26.657234248459247        101.10263076689114        383.45095566608330        1454.3106770410875        5515.7498347650571        20919.530276439844        79341.297211954792        300916.95941975212        1141284.7993211895        4328539.6598225450        16416809.895129221        62263873.803541116     
