   0.00000000       0.00000000       1.0000000029103830        12.915496736721101        166.81005547077223        2154.4347208147942        27825.594525178964        359381.37424133555        4641588.9527435163        59948426.797886766        774263708.42626548        10000000370.437166     
   1.9796280351445868E-002   197962810.27158901        3.4516020315177339E-043   5.2685629225494818E-044   1.0318958802069458E-044   2.4851650305990169E-045   7.1904260148051542E-046   3.3722774105667845E-046   2.2122980293548249E-046   1.0145576041882196E-046   3.3792552911191664E-047   9.9267968330571709E-048
   1.7358000212911583E-002   173580008.05397984        3.7489383996805673E-043   5.6527943814087760E-044   1.0931564633148217E-044   2.6099699428467503E-045   7.4525077398623033E-046   3.3830967386910711E-046   2.2376743618390195E-046   1.0363339415211945E-046   3.3993753730452640E-047   9.8708074806080036E-048
   1.3429851583848016E-002   134298520.42253622        4.4281217469169058E-043   6.5240283403359694E-044   1.2307641392057637E-044   2.8865743323228810E-045   8.0533844514645188E-046   3.4256226179731993E-046   2.2776128330405273E-046   1.1102576671430880E-046   3.6849718066117754E-047   1.0688078308520976E-047
   1.0031617179684545E-002   100316175.22097079        5.3856432153853988E-043   7.7332806894850825E-044   1.4174099752913708E-044   3.2548923500793081E-045   8.8680327619098103E-046   3.5113167010156363E-046   2.3007988849589978E-046   1.1748323165414381E-046   3.9504398290362941E-047   1.1458969641191481E-047
   7.4198418434177167E-003   74198420.966816545        6.6265190749178072E-043   9.2745227463053907E-044   1.6496525630803354E-044   3.7017757082559370E-045   9.8614923686986338E-046   3.6438449903682679E-046   2.3113191786376871E-046   1.2268757472017986E-046   4.1767112618089888E-047   1.2112001858316706E-047
   5.4545115038990731E-003   54545116.900797300        8.2165803979166615E-043   1.1214325434743061E-043   1.9345052528497164E-044   4.2338327242951823E-045   1.1043092334530353E-045   3.8293136573037356E-046   2.3172084314989203E-046   1.2713531658483515E-046   4.3869062634839952E-047   1.2728566282496626E-047
   3.9819942436833018E-003   39819943.796020381        1.0255686371612080E-042   1.3660445809234717E-043   2.2832619716359502E-044   4.8663490394103395E-045   1.2432315018061162E-045   4.0715556988161613E-046   2.3230534183912662E-046   1.3125478746632194E-046   4.5976166112671778E-047   1.3354558363212044E-047
   2.8830792867735999E-003   28830793.851827040        1.2885214993615971E-042   1.6757057275400007E-043   2.7129444582277589E-044   5.6180881142497164E-045   1.4056549301753457E-045   4.3774979216408059E-046   2.3321646404958633E-046   1.3526642800877174E-046   4.8245062229665992E-047   1.4030381123996047E-047
   2.0675632449835548E-003   20675633.155563802        1.6287928485485175E-042   2.0694183872305904E-043   3.2443563361606332E-044   6.5157017242343605E-045   1.5951744185994721E-045   4.7560447719182722E-046   2.3479756282828904E-046   1.3919893765929703E-046   5.0727506072807670E-047   1.4785487862309950E-047
