   1.0000000116027273E-003   4.8329303011182155E-003   2.3357215024459210E-002  0.11288379093168273       0.54555948736884508        2.6366509469750703        12.742750107257200        61.584822398388752        297.63515080477760        1438.4499223123587        6951.9281355232088        33598.183747535782        162377.67841197949        784759.99311712943        3792690.3058355344        18329807.689154126        88586681.966735616        428133254.58504617        2069138154.9927852        10000000370.437164     
   1.5644981042448993E-040   3.8256822196951544E-041   9.6270880024634946E-042   2.5175412752261985E-042   6.9366809511912035E-043   2.0487766792800316E-043   6.5985047004252519E-044   2.3382265506381704E-044   9.0652753116327351E-045   3.7781730995794577E-045   1.6725408096071498E-045   8.0856506919297631E-046   4.6607793053299577E-046   3.0851735264182298E-046   1.8228154733847297E-046   9.2960642313196389E-047   4.4535812535393527E-047   2.0635445750877566E-047   9.4485113507897730E-048   4.3125744975066708E-048
   1.8641301233288955E-040   4.5482513052023565E-041   1.1410362348800614E-041   2.9720418880789984E-042   8.1432872661179559E-043   2.3878038651823499E-043   7.6228742270455242E-044   2.6769176767298443E-044   1.0296117829781931E-044   4.2639941429970793E-045   1.8764821975279993E-045   8.9657780090797643E-046   5.0607000452807830E-046   3.3066847422735155E-046   1.9538879873820629E-046   9.9426941856517981E-047   4.7435971783534307E-047   2.1931855668370622E-047   1.0031874672701980E-047   4.5756060507736392E-048
   2.6660114708691814E-040   6.4778417543203408E-041   1.6164209563007634E-041   4.1797019747987713E-042   1.1341417495498700E-042   3.2824549103492936E-043   1.0315523806478142E-043   3.5618177734108867E-044   1.3494884603755633E-044   5.5234933420662159E-045   2.4040313099644415E-045   1.1270143642428580E-045   6.1279676461932925E-046   3.9178779445291935E-046   2.3428104664459561E-046   1.2020071509843836E-046   5.7375449127024031E-047   2.6511070113176558E-047   1.2119478215801287E-047   5.5251871808344877E-048
   4.0650722452346822E-040   9.8345142200727449E-041   2.4401065021307424E-041   6.2610525826667838E-042   1.6811774673898296E-042   4.7984211704917800E-043   1.4820466674110289E-043   5.0213714050705632E-044   1.8692204935660263E-044   7.5441836309127397E-045   3.2450258099161892E-045   1.4929533281392939E-045   7.8154629516678156E-046   4.8574264291450913E-046   2.9428270184152427E-046   1.5295007866388324E-046   7.3204366512889070E-047   3.3824925960912677E-047   1.5459719449353922E-047   7.0458099907364397E-048
   6.3595959163836656E-040   1.5320072971132542E-040   3.7804320020832367E-041   9.6281834835563121E-042   2.5594650268265850E-042   7.2069634199136866E-043   2.1886521623518948E-043   7.2755424135061325E-044   2.6591116768634328E-044   1.0574926935096432E-044   4.4940312990343177E-045   2.0341939529247924E-045   1.0290557547192520E-045   6.1909502090514988E-046   3.7954905506567121E-046   2.0075096321169999E-046   9.6597809879693517E-047   4.4664713405285516E-047   2.0414924112078741E-047   9.3051030479797490E-048
   1.0112282085909200E-039   2.4265916831364767E-040   5.9562417609606400E-041   1.5062221492203105E-041   3.9652236757520777E-042   1.1024123429011071E-042   3.2925552905774499E-043   1.0739784028110699E-043   3.8524244624229231E-044   1.5077620747828804E-044   6.3282413242118705E-045   2.8230497583848053E-045   1.3858195102927566E-045   8.0397087500556936E-046   4.9598316534221002E-046   2.6772857897834102E-046   1.2978125047764420E-046   6.0106803929417909E-047   2.7477715737142968E-047   1.2521435676243130E-047
   1.6324852065786594E-039   3.9017538463156587E-040   9.5275950180252476E-041   2.3930250675441235E-041   6.2423311938639966E-042   1.7137758687206502E-042   5.0366312307373582E-043   1.6114883260612140E-043   5.6677142041013282E-044   2.1810736365473032E-044   9.0310393451122579E-045   3.9743273948644276E-045   1.8993862359521790E-045   1.0595333051915166E-045   6.5121102568956164E-046   3.5844547714959109E-046   1.7530319248062979E-046   8.1350559842619115E-047   3.7197279832170155E-047   1.6951648112727299E-047
   2.6777031053814386E-039   6.3746104499692709E-040   1.5488407215724702E-040   3.8641377735726545E-041   9.9893593840238798E-042   2.7095630698454324E-042   7.8358822297694965E-043   2.4590260880733653E-043   8.4713337981771213E-044   3.1995678079444964E-044   1.3056701354917744E-044   5.6685713006231877E-045   2.6462142835793458E-045   1.4167627771780576E-045   8.5788401777609457E-046   4.7976026479522918E-046   2.3686110995365514E-046   1.1016526798649044E-046   5.0385138002555945E-047   2.2958310942356443E-047
   4.4696956382911662E-039   1.0600468982870867E-039   2.5627472390297185E-040   6.3529937869806874E-041   1.6279909748224188E-041   4.3634638015630092E-042   1.2422692372524218E-042   3.8223505258607905E-043   1.2887730737001893E-043   4.7704224012471320E-044   1.9146254612554448E-044   8.1962117755781261E-045   3.7484014954784713E-045   1.9286469070079535E-045   1.1372420803884341E-045   6.4278468302253352E-046   3.2032590141083499E-046   1.4937821938246528E-046   6.8339702046982422E-047   3.1134186602003198E-047
