   0.00000000       0.00000000       1.0000000029103830        12.915496736721101        166.81005547077223        2154.4347208147942        27825.594525178964        359381.37424133555        4641588.9527435163        59948426.797886766        774263708.42626548        10000000370.437166     
   1.9666821394605793E-002   196668220.65899971        3.6557261088146576E-043   5.5832949769315249E-044   1.0955176471650738E-044   2.6453975773149912E-045   7.6782014384881882E-046   3.7085302341357602E-046   3.2056580417194768E-046   3.1629650243095704E-046   3.1596336469449406E-046   3.1326597495354737E-046
   1.7205213341206695E-002   172052139.28477973        4.0433731960406948E-043   6.1001173647790200E-044   1.1814889717347730E-044   2.8282852113021307E-045   8.1025935310517591E-046   3.7721673872886588E-046   3.2076182076616261E-046   3.1592077537099987E-046   3.1554205230814249E-046   3.1551386722274868E-046
   1.3318078106872671E-002   133180785.61463070        4.9643371986561727E-043   7.3170414182944590E-044   1.3824453169444428E-044   3.2510970105446558E-045   9.0981577343760449E-046   3.9484290685243628E-046   3.2336458434886326E-046   3.1716495486667985E-046   3.1667167136505859E-046   3.1663348045313377E-046
   9.9544708566670064E-003   99544711.964462817        6.3220695409167114E-043   9.0823793268212529E-044   1.6676997896719408E-044   3.8407183618833031E-045   1.0493916130052786E-045   4.2220448620570427E-046   3.2903882006615898E-046   3.2064323614244969E-046   3.1999897813606419E-046   3.1983062736312170E-046
   7.3684667856886120E-003   73684670.371989474        8.1721109829401039E-043   1.1443808219725024E-043   2.0390407842209791E-044   4.5906052945484318E-045   1.2272752406619111E-045   4.5951328976440568E-046   3.3714159488218750E-046   3.2570611960379902E-046   3.2479929883498577E-046   3.2472971701138197E-046
   5.4217749407695914E-003   54217751.258328423        1.0664784210888346E-042   1.4566358770677351E-043   2.5172586879203351E-044   5.5300634238606659E-045   1.4481578675503128E-045   5.0782383909524700E-046   3.4751179014843381E-046   3.3183172282297723E-046   3.3060854683823231E-046   3.2989227184624385E-046
   3.9625574237411596E-003   39625575.589964539        1.4038237941725264E-042   1.8710966234717602E-043   3.1346041004954160E-044   6.7069157908998774E-045   1.7217651547302642E-045   5.6948591620802553E-046   3.6015659086212128E-046   3.3853258241071764E-046   3.3676425187203578E-046   3.3662766736768704E-046
   2.8729787056005441E-003   28729788.036648843        1.8628101089893359E-042   2.4247508262835425E-043   3.9352623319978923E-044   8.1877902488159736E-045   2.0599235798735202E-045   6.4733712096598370E-046   3.7524103659631710E-046   3.4535640762049885E-046   3.4293328645702639E-046   3.4274638184596911E-046
   2.0638665923255750E-003   20638666.627722219        2.4926153748790397E-042   3.1700843015649800E-043   4.9829575929970468E-044   1.0060738738899150E-044   2.4784539645016566E-045   7.4527704303576653E-046   3.9375431781029299E-046   3.5227373721138142E-046   3.4889682368154092E-046   3.4862384463124046E-046
