   0.00000000       0.00000000       1.0000000029103830        12.915496736721101        166.81005547077223        2154.4347208147942        27825.594525178964        359381.37424133555        4641588.9527435163        59948426.797886766        774263708.42626548        10000000370.437166     
   1.9796280351445872E-002   197962810.27158916        3.4603452631444623E-043   5.2904682999394519E-044   1.0389406324696698E-044   2.5105603755383451E-045   7.2927982301147160E-046   3.5237445669055891E-046   2.9380446785140496E-046   2.0745761519740283E-046   7.5682887110307348E-047   2.1628461149285877E-047
   1.7358000212911583E-002   173580008.05397990        3.7578842762453584E-043   5.6745618916376281E-044   1.1001142020036177E-044   2.6344065662594810E-045   7.5527721066185567E-046   3.5182576627948540E-046   2.8836791245999437E-046   2.0255092578804245E-046   7.3787426979697443E-047   2.1033754307348959E-047
   1.3429851583848025E-002   134298520.42253628        4.4378007726680358E-043   6.5470187894745823E-044   1.2381183763169668E-044   2.9128122029718639E-045   8.1550742644590254E-046   3.5396664419221291E-046   2.7953819431819637E-046   1.9524816628017777E-046   7.1022316483345481E-047   2.0245099228906143E-047
   1.0031617179684543E-002   100316175.22097076        5.3971755637987578E-043   7.7592976818151317E-044   1.4256221906749543E-044   3.2843024350787389E-045   8.9780074066047570E-046   3.6127332749613765E-046   2.7179959347665191E-046   1.9010756299996809E-046   6.9594737070730632E-047   1.9852446974046229E-047
   7.4198418434177184E-003   74198420.966816545        6.6412911902597402E-043   9.3062644740618453E-044   1.6593745964528612E-044   3.7365289460925373E-045   9.9916077030352023E-046   3.7402119505630752E-046   2.6577236014546381E-046   1.8729251002449441E-046   6.9557948573382766E-047   1.9880866513565175E-047
   5.4545115038990757E-003   54545116.900797360        8.2354492416862095E-043   1.1255066105187862E-043   1.9461889129476945E-044   4.2754305675527625E-045   1.1198159496240876E-045   3.9259237830854535E-046   2.6107888042814393E-046   1.8604597833264739E-046   7.0613555274447933E-047   2.0251710085169151E-047
   3.9819942436833027E-003   39819943.796020411        1.0281507047279040E-042   1.3712551236704529E-043   2.2980591867904793E-044   4.9177111013757159E-045   1.2621921510598247E-045   4.1735213111438141E-046   2.5751090667932994E-046   1.8559632269604154E-046   7.2527087303724501E-047   2.0895151551769117E-047
   2.8830792867735990E-003   28830793.851827055        1.2920104708577047E-042   1.6825381774414044E-043   2.7315027480171989E-044   5.6830744632223885E-045   1.4292724557085278E-045   4.4887031553066800E-046   2.5494333186021201E-046   1.8536770266015076E-046   7.5105021423953250E-047   2.1765518076259239E-047
   2.0675632449835548E-003   20675633.155563805        1.6337478662184523E-042   2.0785160574467856E-043   3.2679834828946931E-044   6.5967634884145592E-045   1.6241187791494493E-045   4.8807115084413061E-046   2.5357418172075140E-046   1.8486335671871612E-046   7.8195098822664055E-047   2.2844936066492911E-047
