   0.00000000       0.00000000       1.0000000029103830        12.915496736721101        166.81005547077223        2154.4347208147942        27825.594525178964        359381.37424133555        4641588.9527435163        59948426.797886766        774263708.42626548        10000000370.437166
   2.0827984532334032E-002   208279852.43262574        3.6628314877905947E-043   5.6159193832929441E-044   1.1051889212169763E-044   2.6723764753831026E-045   7.7725580791117268E-046   3.7077882090506426E-046   2.4590129683425143E-046   9.4002030210727422E-047   2.6883152292815797E-047   7.5039395608337250E-048
   1.8147284438135219E-002   181472850.57562524        4.0447639146132993E-043   6.1228937529678159E-044   1.1891347403334943E-044   2.8492588019428692E-045   8.1730803581692081E-046   3.7626530813568913E-046   2.5032695726840103E-046   9.8096385404911605E-047   2.8226122727024965E-047   7.8711723684813860E-048
   1.3986578231275025E-002   139865787.08683506        4.9504082032675821E-043   7.3153238088984089E-044   1.3846274637177161E-044   3.2561090515352435E-045   9.1135135384789988E-046   3.9056598062951756E-046   2.5229442586398477E-046   9.9444514921680196E-047   2.8639439728454940E-047   7.9882130015483365E-048
   1.0417489701722259E-002   104174900.57305928        6.2799147300390771E-043   9.0368431117634481E-044   1.6603501722077877E-044   3.8189556505605381E-045   1.0419419081991365E-045   4.1331651574912713E-046   2.5507066583529678E-046   1.0046271513838628E-046   2.8959365090379202E-047   8.0757023464338116E-048
   7.7082504447893423E-003   77082507.078976214        8.0856042885891640E-043   1.1336334926516606E-043   2.0190244938792828E-044   4.5330489753117603E-045   1.2080556682306714E-045   4.4541863453489127E-046   2.6006446456917447E-046   1.0209987662060625E-046   2.9424420483390053E-047   8.2046411409164804E-048
   5.6812334839538795E-003   56812336.778733224        1.0512440638784909E-042   1.4365232153524548E-043   2.4790387390044309E-044   5.4223695675549549E-045   1.4128764835652701E-045   4.8729244817586267E-046   2.6714145597161579E-046   1.0447156372576055E-046   3.0116474672056725E-047   8.3937194099164410E-048
   4.1602660648506927E-003   41602662.068544373        1.3779014666289701E-042   1.8363036206626679E-043   3.0677001165116608E-044   6.5229970770544575E-045   1.6620936857538043E-045   5.3972110664364286E-046   2.7585889442266169E-046   1.0746845117064748E-046   3.0998191314327958E-047   8.6380797410204210E-048
   3.0215510819315461E-003   30215511.850671630        1.8200518627293303E-042   2.3662579356735535E-043   3.8246506709272243E-044   7.8873617989149643E-045   1.9626520223237908E-045   6.0447909292272311E-046   2.8625717244216973E-046   1.1099947560726824E-046   3.2036669746226428E-047   8.9266495834423655E-048
   2.1746560041974341E-003   21746560.784256835        2.4229359626553756E-042   3.0748278352820899E-043   4.8049807291918846E-044   9.5827273908993450E-045   2.3261247985278027E-045   6.8369531960538957E-046   2.9887525185611654E-046   1.1517816003301697E-046   3.3273253949661310E-047   9.2718073149265022E-048
