   0.00000000       0.00000000       1.0000000029103830        12.915496736721101        166.81005547077223        2154.4347208147942        27825.594525178964        359381.37424133555        4641588.9527435163        59948426.797886766        774263708.42626548        10000000370.437166     
   2.0954346951627192E-002   209543476.66869050        2.8147686911747621E-043   3.8963876045957460E-044   6.4874786893091107E-045   1.2737404466393202E-045   2.8022871263577189E-046   6.5741103703520904E-047   1.5432199965134067E-047   3.8118279254458265E-048   1.0077821714597839E-048   2.7929207636380938E-049
   1.8292671848679106E-002   182926724.73068976        3.0264388632931814E-043   4.1297475111629414E-044   6.7618925787861785E-045   1.3067979822378468E-045   2.8310785511791358E-046   6.5529638452459552E-047   1.5280377555306613E-047   3.7628237202155377E-048   9.9439728387037556E-049   2.7520310901679345E-049
   1.4053708888892749E-002   140537093.68592662        3.5058483004974613E-043   4.6575652308502716E-044   7.3852138683381345E-045   1.3850984274769010E-045   2.9219065168342465E-046   6.6214741872174815E-047   1.5316742706939281E-047   3.7530527177983675E-048   9.8941314148648041E-049   2.7334702270245903E-049
   1.0462870898578159E-002   104628712.55710848        4.1666138079401569E-043   5.3730680744328846E-044   8.2045194180431260E-045   1.4830659087251436E-045   3.0335742338389953E-046   6.7177813031787638E-047   1.5408483959009952E-047   3.7579135225026900E-048   9.8861362754421930E-049   2.7284635967856213E-049
   7.7448319572277708E-003   77448322.215846568        5.0091121485241784E-043   6.2721502296270432E-044   9.2160652136682581E-045   1.6002875673357825E-045   3.1655101444369986E-046   6.8375196905212865E-047   1.5539143242286460E-047   3.7721238603943927E-048   9.9024637510931860E-049   2.7305835812268280E-049
   5.7036329529947267E-003   57036331.476787806        6.0724617178343957E-043   7.3924111343575094E-044   1.0457596363618760E-044   1.7415940792906559E-045   3.3232403441458366E-046   6.9915951669097802E-047   1.5711597788740553E-047   3.7951434947415104E-048   9.9410170791948240E-049   2.7391184769093790E-049
   4.1700014944251827E-003   41700016.367612407        7.4143906190288499E-043   8.7899015355833137E-044   1.1987719364439358E-044   1.9135046982657201E-045   3.5140422607679817E-046   7.1862989711215822E-047   1.5939947088135854E-047   3.8266706350188250E-048   1.0001907222255615E-048   2.7537474199512520E-049
   3.0241016846667673E-003   30241017.878894761        9.1186357379882021E-043   1.0541994411165837E-043   1.3878287784222652E-044   2.1239936418096977E-045   3.7464833250156709E-046   7.4302577102377915E-047   1.6223883920294970E-047   3.8687134256574580E-048   1.0085828790736105E-048   2.7743272336727020E-049
   2.1736773543030320E-003   21736774.284978636        1.1296272418948206E-042   1.2755288381723042E-043   1.6237432331913077E-044   2.3846048672936485E-045   4.0346903302973310E-046   7.7395395733068037E-047   1.6588837040887967E-047   3.9232235736578607E-048   1.0195026167501989E-048   2.8018507927182915E-049
