   0.00000000       0.00000000       1.0000000029103830        12.915496736721101        166.81005547077223        2154.4347208147942        27825.594525178964        359381.37424133555        4641588.9527435163        59948426.797886766        774263708.42626548        10000000370.437166     
   1.9666821394605793E-002   196668220.65899968        3.6550948002247904E-043   5.5817411853479529E-044   1.0950195495127052E-044   2.6437864693584898E-045   7.6721634857502597E-046   3.6997753824477647E-046   3.1399187726587312E-046   2.6206427091369229E-046   1.2398554018622231E-046   3.7714698816817195E-047
   1.7205213341206702E-002   172052139.28477982        4.0426327249224808E-043   6.0983522579125340E-044   1.1809400935994700E-044   2.8264470504534173E-045   8.0959212878378077E-046   3.7631556754247205E-046   3.1407451579324311E-046   2.6066386850651515E-046   1.2149106874114700E-046   3.6640232424850387E-047
   1.3318078106872669E-002   133180785.61463068        4.9632334316461772E-043   7.3144664132438811E-044   1.3816524184521958E-044   3.2485197571218022E-045   9.0885139924871231E-046   3.9383423787992951E-046   3.1660279892264005E-046   2.6136470255785879E-046   1.2130524425437320E-046   3.6484587830395121E-047
   9.9544708566670064E-003   99544711.964462817        6.3205112124504439E-043   9.0788489821707934E-044   1.6666348498363081E-044   3.8372004866641239E-045   1.0481722686875461E-045   4.2115268749456485E-046   3.2284260053513194E-046   2.6941180943555373E-046   1.2914598350960640E-046   3.9080869158226447E-047
   7.3684667856886129E-003   73684670.371989489        8.1701039869662664E-043   1.1439563543255943E-043   2.0378010532522498E-044   4.5864908007334958E-045   1.2258639808104550E-045   4.5853345420681597E-046   3.3225102976639471E-046   2.8423699270894304E-046   1.4743112840444593E-046   4.5577303355876438E-047
   5.4217749407695914E-003   54217751.258328453        1.0662465592232981E-042   1.4561611497044701E-043   2.5159234817409084E-044   5.5258696153533045E-045   1.4467303044102044E-045   5.0695273569779103E-046   3.4399065310665519E-046   3.0206478077293095E-046   1.7654594330637181E-046   5.7070289191502343E-047
   3.9625574237411596E-003   39625575.589964531        1.4035651518416114E-042   1.8705837661960678E-043   3.1332837825798538E-044   6.7026510532258495E-045   1.7203930051358993E-045   5.6876813586705226E-046   3.5776677541959601E-046   3.1948210549425797E-046   2.1583398228493010E-046   7.5903858087442590E-047
   2.8729787056005441E-003   28729788.036648840        1.8625257442892770E-042   2.4242063999725040E-043   3.9338808514663645E-044   8.1836851714637525E-045   2.0586187300802988E-045   6.4673126004886215E-046   3.7371507206238861E-046   3.3415721652032425E-046   2.6069505278639998E-046   1.0598261524415843E-046
   2.0638665923255750E-003   20638666.627722215        2.4922699910035572E-042   3.1694441121715003E-043   4.9814305098801643E-044   1.0056448638614175E-044   2.4771219109373647E-045   7.4474209485274735E-046   3.9259829923441924E-046   3.4560293196850307E-046   3.0111543434918533E-046   1.5136284830516504E-046
