   1.0000000116027273E-003   4.8329303011182155E-003   2.3357215024459210E-002  0.11288379093168273       0.54555948736884508        2.6366509469750703        12.742750107257200        61.584822398388752        297.63515080477760        1438.4499223123587        6951.9281355232088        33598.183747535782        162377.67841197949        784759.99311712943        3792690.3058355344        18329807.689154126        88586681.966735616        428133254.58504617        2069138154.9927852        10000000370.437164     
   1.5614422431602151E-040   3.8148015286069708E-041   9.5883919219939374E-042   2.5032956549470469E-042   6.8824141014865163E-043   2.0267051408139304E-043   6.5039994421768496E-044   2.2963590581950310E-044   8.8746330144386166E-045   3.6885849717718833E-045   1.6285824425354690E-045   7.8340406148485397E-046   4.4759796053125414E-046   2.9494352361749793E-046   1.7498656610272100E-046   9.0743944624053234E-047   4.4852234527780726E-047   2.1186999958109738E-047   9.7965205797931317E-048   4.5155704500857031E-048
   1.8610707794140237E-040   4.5369399776150196E-041   1.1369784408950228E-041   2.9571404299510036E-042   8.0869513294003146E-043   2.3651653384225540E-043   7.5274677217095754E-044   2.6345460851390289E-044   1.0101802294421022E-044   4.1739769707896309E-045   1.8324116660118143E-045   8.7204603598060673E-046   4.8867083241391112E-046   3.1846466566955992E-046   1.8895117217379951E-046   9.6552991769077907E-047   4.6417877751563789E-047   2.1588301297192248E-047   9.9234563334092194E-048   4.5547763616736178E-048
   2.6640246721043435E-040   6.4685857540081152E-041   1.6127367714383918E-041   4.1653807667992367E-042   1.1283877994958911E-042   3.2592552575123822E-043   1.0215145007053594E-043   3.5177485321764127E-044   1.3290330773838353E-044   5.4284130275228115E-045   2.3586248032719257E-045   1.1022924042733990E-045   5.9630616024279170E-046   3.8118423328647106E-046   2.2990771593248142E-046   1.1886558690706260E-046   5.7234367883178294E-047   2.6604974179818312E-047   1.2221109058167730E-047   5.6038010776752916E-048
   4.0689928318127655E-040   9.8391099714001610E-041   2.4395993916466384E-041   6.2540233286851225E-042   1.6772140076646388E-042   4.7798325285657101E-043   1.4732400551383640E-043   4.9809684422022205E-044   1.8504819564518406E-044   7.4580047236412988E-045   3.2039249498709893E-045   1.4713718571144738E-045   7.6771819411689618E-046   4.7863749737654621E-046   2.9460701589304963E-046   1.5533751525047877E-046   7.5234569316456772E-047   3.5004620924608189E-047   1.6078552660248870E-047   7.3692140609439977E-048
   6.3779474039897566E-040   1.5358632021028013E-040   3.7879699631395618E-041   9.6401000199365376E-042   2.5602147190937367E-042   7.1999572486187473E-043   2.1831301812226914E-043   7.2461763057056527E-044   2.6443576217284725E-044   1.0504046757347388E-044   4.4610918030142204E-045   2.0166934791947200E-045   1.0185082006322510E-045   6.1620579442072072E-046   3.8640086676385915E-046   2.0906090316876535E-046   1.0224662899127804E-046   4.7674866026966264E-047   2.1906466463608384E-047   1.0038307859968112E-047
   1.0162973030901649E-039   2.4379434066495126E-040   5.9809912247478638E-041   1.5116343962197613E-041   3.9766176243125609E-042   1.1044988536499861E-042   3.2948231548845003E-043   1.0734404903656434E-043   3.8466416365115988E-044   1.5046325936223918E-044   6.3129428881201092E-045   2.8149052582035776E-045   1.3810267513725668E-045   8.0674672710482775E-046   5.1223813835628512E-046   2.8575978434617599E-046   1.4168964635051075E-046   6.6327376800380343E-047   3.0501440666009003E-047   1.3977280845851363E-047
   1.6445257421911557E-039   3.9297588868146392E-040   9.5927497776647350E-041   2.4083096122626045E-041   6.2789230206073755E-042   1.7225802598989509E-042   5.0587382113791299E-043   1.6174917482436494E-043   5.6872541874039149E-044   2.1887619149834598E-044   9.0666639943699648E-045   3.9908594100480710E-045   1.9085445304682064E-045   1.0730150731106129E-045   6.8314760052812888E-046   3.9416264450393876E-046   1.9901191005307112E-046   9.3704820726795193E-047   4.3143035021242018E-047   1.9775680702675319E-047
   2.7042408136300560E-039   6.4371381333655978E-040   1.5637976005130161E-040   3.9010844017393044E-041   1.0081640425057412E-041   2.7336342613535640E-042   7.9041934152604268E-043   2.4806606058447579E-043   8.5506050489191821E-044   3.2339427120874758E-044   1.3215442889127226E-044   5.7443515353212254E-045   2.6873660165865526E-045   1.4522765235374579E-045   9.1606495669544888E-046   5.4630035707283927E-046   2.8236444935124046E-046   1.3399195984848033E-046   6.1803923809811659E-047   2.8340567079245342E-047
   4.5272779343580546E-039   1.0736986096854501E-039   2.5960798726292208E-040   6.4351919646253974E-041   1.6492780054442847E-041   4.4210110710530850E-042   1.2590920500158077E-042   3.8785226967712974E-043   1.3099251480797877E-043   4.8614346399762173E-044   1.9573916412052816E-044   8.4033691461968892E-045   3.8553182098261656E-045   2.0049370170014102E-045   1.2373544649450178E-045   7.5954354070255888E-046   4.0383872327968791E-046   1.9365284077385861E-046   8.9567313019640697E-047   4.1096226915867024E-047
