   0.00000000       0.00000000       1.0000000029103830        12.915496736721101        166.81005547077223        2154.4347208147942        27825.594525178964        359381.37424133555        4641588.9527435163        59948426.797886766        774263708.42626548        10000000370.437166     
   2.0753111513603244E-002   207531122.21975949        3.3738520213459670E-043   5.1551842614610721E-044   1.0072830469485479E-044   2.4070545114421022E-045   6.8612088415851838E-046   2.9321184773041978E-046   1.2338984708216371E-046   3.6703401814329238E-047   1.0088083156471650E-047   2.7926529033565168E-048
   1.8107056842916580E-002   181070574.60970777        3.6502514104420164E-043   5.5072435018481829E-044   1.0623403447405545E-044   2.5163545468974052E-045   7.0839859566803958E-046   2.9647800202551848E-046   1.2984834080832691E-046   3.9898481018330534E-047   1.1146554586166487E-047   3.0972177723792782E-048
   1.3901341826471268E-002   139013423.00970367        4.2754998045485854E-043   6.2973535338031869E-044   1.1838246275310822E-044   2.7519824333346139E-045   7.5571745281538015E-046   2.9864802179439222E-046   1.3284959209981503E-046   4.1116307323296336E-047   1.1458220048498371E-047   3.1806812846626677E-048
   1.0345485258271619E-002   103454856.11397263        5.1525668119245261E-043   7.3916153978820527E-044   1.3489884337846095E-044   3.0646271511469389E-045   8.2010630279966829E-046   3.0321162725291080E-046   1.3445322839541042E-046   4.1853816196724607E-047   1.1633402659296872E-047   3.2276633439868529E-048
   7.6569455986125615E-003   76569458.599697560        6.2850771917103533E-043   8.7822161491710023E-044   1.5536656695390773E-044   3.4428584819876417E-045   8.9863941978519825E-046   3.1106720753669144E-046   1.3517714373855645E-046   4.2271437152842403E-047   1.1729573891188886E-047   3.2522578134148881E-048
   5.6391351896467557E-003   56391353.821291856        7.7244244246405533E-043   1.0518599872847486E-043   1.8023512449387582E-044   3.8870381735420105E-045   9.9020926973446459E-046   3.2220476010032071E-046   1.3572617073977077E-046   4.2662784154716241E-047   1.1842386376137195E-047   3.2837725180339002E-048
   4.1235967301665975E-003   41235968.709187388        9.5532438947357182E-043   1.2684817841018621E-043   2.1034712477461272E-044   4.4048817117599442E-045   1.0949318669697958E-045   3.3674853455799653E-046   1.3628803108412868E-046   4.3025712959062470E-047   1.1937023622527409E-047   3.3104991156015387E-048
   2.9913760134999425E-003   29913761.156056203        1.1886404430308566E-042   1.5397780798184233E-043   2.4694403677821190E-044   5.0098591512983964E-045   1.2136235479538263E-045   3.5486839129742673E-046   1.3700908907864804E-046   4.3397298033389192E-047   1.2035243265113429E-047   3.3373635211260249E-048
   2.1510701903804017E-003   21510702.638035633        1.4879094061133569E-042   1.8811288042785288E-043   2.9159277141982521E-044   5.7176855588844725E-045   1.3483210036083897E-045   3.7681081289405987E-046   1.3805752464031538E-046   4.3841122007317199E-047   1.2160496322805956E-047   3.3723088551659678E-048
