   1.0000000116027273E-003   4.8329303011182155E-003   2.3357215024459210E-002  0.11288379093168273       0.54555948736884508        2.6366509469750703        12.742750107257200        61.584822398388752        297.63515080477760        1438.4499223123587        6951.9281355232088        33598.183747535782        162377.67841197949        784759.99311712943        3792690.3058355344        18329807.689154126        88586681.966735616        428133254.58504617        2069138154.9927852        10000000370.437164     
   1.2591579431216449E-040   3.0795885695103479E-041   7.7513363433687607E-042   2.0277966624616725E-042   5.5912215309762607E-043   1.6534811892399103E-043   5.3379093506686204E-044   1.8981338715022500E-044   7.3878589210929917E-045   3.0889714897102040E-045   1.3711787706875465E-045   6.6701204094578046E-046   3.9795340025168314E-046   3.0505467205401429E-046   2.4573960903107356E-046   1.7237453793612123E-046   1.0753345559130810E-046   5.7738394874705810E-047   2.8077102672679410E-047   1.3439219790277844E-047
   1.3909652504914989E-040   3.3949397647884193E-041   8.5220205959910858E-042   2.2211473219768058E-042   6.0937331986613310E-043   1.7901763848460020E-043   5.7333209553914819E-044   2.0222383930677075E-044   7.8163145800947323E-045   3.2510108413466411E-045   1.4357859300881845E-045   6.9097335526426680E-046   4.0354383248788951E-046   3.0481114160047433E-046   2.4793703551291363E-046   1.7730064902408322E-046   1.1038363189047950E-046   5.8521128012286602E-047   2.8200356984204744E-047   1.3323397768948548E-047
   1.6962755426219781E-040   4.1238195218218660E-041   1.0298081498469348E-041   2.6656678575475268E-042   7.2447893972691219E-043   2.1020615033632732E-043   6.6325064557752295E-044   2.3027368240068879E-044   8.7777591595092970E-045   3.6131648706484128E-045   1.5796810869500361E-045   7.4594744949189318E-046   4.1837198382923318E-046   3.0518895057462073E-046   2.5091539939812793E-046   1.8762883763658148E-046   1.2191298862453405E-046   6.6194629884315409E-047   3.2141602631500934E-047   1.5220504306841065E-047
   2.1351766482618707E-040   5.1694981262078023E-041   1.2838703746424364E-041   3.2983692622116854E-042   8.8732335701848046E-043   2.5403424841695637E-043   7.8815676329927006E-044   2.6877142299305156E-044   1.0078960434802348E-044   4.0959615931240481E-045   1.7715094800561208E-045   8.2100643956893917E-046   4.4126444577570646E-046   3.0739112557506106E-046   2.5199923609365336E-046   1.9520566554809899E-046   1.3193251982756317E-046   7.3475942420759716E-047   3.5982936965767486E-047   1.7084222654782453E-047
   2.7180645885127902E-040   6.5536457772030638E-041   1.6187017477101142E-041   4.1289023900797639E-042   1.0996985956204530E-042   3.1063647701761769E-043   9.4788877752114601E-044   3.1719893149826912E-044   1.1689806311369278E-044   4.6844291721665315E-045   2.0033811381938181E-045   9.1343499192878417E-046   4.7219886105189299E-046   3.1220869203515765E-046   2.5204303370200994E-046   1.9989489028978809E-046   1.3932958212207666E-046   7.9196471252770200E-047   3.9063586723084584E-047   1.8577344061969715E-047
   3.4832482463279003E-040   8.3639437625703126E-041   2.0550683324076536E-041   5.2047766410093535E-042   1.3731745935554297E-042   3.8291660762923990E-043   1.1491740449471238E-043   3.7741027920182800E-044   1.3653468194939153E-044   5.3901947120755117E-045   2.2781600027180119E-045   1.0235009359079493E-045   5.1130327759038850E-046   3.2020364944264475E-046   2.5188294056698902E-046   2.0271863697399340E-046   1.4487136747681386E-046   8.3837244064502680E-047   4.1619077294989328E-047   1.9812888306928978E-047
   4.4885839579249454E-040   1.0736990366743859E-040   2.6247751014359670E-041   6.6025568808687174E-042   1.7260236768733355E-042   4.7536494151007989E-043   1.4037803890611479E-043   4.5227282611076685E-044   1.6050327450315418E-044   6.2348170407357890E-045   2.6028470827256601E-045   1.1534445433263380E-045   5.5953986889468644E-046   3.3182164741475597E-046   2.5204156137213958E-046   2.0440180577633629E-046   1.4927907906440442E-046   8.7823825592532565E-047   4.3836644698974128E-047   2.0890575472761174E-047
   5.8168357748533907E-040   1.3860395420300689E-040   3.3718635752987250E-041   8.4258026544687672E-042   2.1830434666583844E-042   5.9404993296995055E-043   1.7267737342555915E-043   5.4575117808070599E-044   1.8984439671672152E-044   7.2468454431581741E-045   2.9843958109160483E-045   1.3060341542505948E-045   6.1791466604042015E-046   3.4780693702642003E-046   2.5292584008565935E-046   2.0534236603769022E-046   1.5310761016365303E-046   9.1637288863003445E-047   4.6038867157194201E-047   2.1956267399838763E-047
   7.5780550384877607E-040   1.7990596318779906E-040   4.3549834489889208E-041   1.0815407060695878E-041   2.7781219420822418E-042   7.4725212328443789E-043   2.1384801907872353E-043   6.6318520696871474E-044   2.2596116658011252E-044   8.4640625715977934E-045   3.4353570550325280E-045   1.4841608647341588E-045   6.8727574085805927E-046   3.6880542546330724E-046   2.5498005557321596E-046   2.0577418378871693E-046   1.5658075325735545E-046   9.5562269117571095E-047   4.8394864144148067E-047   2.3105762806464445E-047
