   1.0000000116027273E-003   4.8329303011182155E-003   2.3357215024459210E-002  0.11288379093168273       0.54555948736884508        2.6366509469750703        12.742750107257200        61.584822398388752        297.63515080477760        1438.4499223123587        6951.9281355232088        33598.183747535782        162377.67841197949        784759.99311712943        3792690.3058355344        18329807.689154126        88586681.966735616        428133254.58504617        2069138154.9927852        10000000370.437164     
   1.4538173157789860E-040   3.5192175934924587E-041   8.7381854179688320E-042   2.2427509647169249E-042   6.0169965570033298E-043   1.7094739206731193E-043   5.2104178815750716E-044   1.7181794140887910E-044   6.1411448263343470E-045   2.3678361867306279E-045   9.7554749672019056E-046   4.2770390056564984E-046   1.9867943195295436E-046   9.3036136560639866E-047   4.2642434787183837E-047   1.9386752414240847E-047   8.8062683600926566E-048   4.0021601096961866E-048   1.8199880723874983E-048   8.2791582739480143E-049
   1.7253633263023417E-040   4.1661463247105400E-041   1.0307079479354684E-041   2.6338507888038983E-042   7.0225066277760443E-043   1.9789950640206850E-043   5.9713980406834346E-044   1.9474584798895799E-044   6.8854857213799353E-045   2.6297867785036981E-045   1.0751222776979330E-045   4.6770098014439924E-046   2.1559543722242186E-046   1.0064438003563901E-046   4.6033572472423009E-047   2.0896502464160418E-047   9.4824007498031825E-048   4.3086256960648790E-048   1.9596594022249785E-048   8.9117771103688735E-049
   2.4488138703689918E-040   5.8840164057518035E-041   1.4468028217267093E-041   3.6663632277899628E-042   9.6660818188835730E-043   2.6843318203618231E-043   7.9519638440236987E-044   2.5389372436383908E-044   8.7824208203284510E-045   3.2882208672165258E-045   1.3215187234636812E-045   5.6547174615335664E-046   2.5620892651956189E-046   1.1873747447251107E-046   5.4202193601073118E-047   2.4570207377712778E-047   1.1145870694532777E-047   5.0614001052295431E-048   2.3011306272670674E-048   1.0467008329470665E-048
   3.6986097867342904E-040   8.8395918651799983E-041   2.1585138472901586E-041   5.4199028897647917E-042   1.4115795767410848E-042   3.8565114651478492E-043   1.1188404030407972E-043   3.4850453455970104E-044   1.1738645456109182E-044   4.2804967020761866E-045   1.6795465361332816E-045   7.0239913953667523E-046   3.1100947567873567E-046   1.4206024826527798E-046   6.4504579726670107E-047   2.9170517461296777E-047   1.3210655452890090E-047   5.9961140455715067E-048   2.7257264962088316E-048   1.2392200818264700E-048
   5.7256750317199850E-040   1.3613193636258046E-040   3.3016656607116763E-041   8.2167304483392644E-042   2.1145698888169211E-042   5.6866137290270110E-043   1.6165044503436019E-043   4.9116345156798322E-044   1.6082435280844875E-044   5.6954330305998146E-045   2.1727290591941402E-045   8.8480504126769283E-046   3.8158565555729129E-046   1.7101014916717030E-046   7.6998960226382394E-047   3.4678672333595955E-047   1.5671966775368031E-047   7.1073161716037539E-048   3.2280505139624488E-048   1.4675369693520677E-048
   9.0100394739159288E-040   2.1313324764652055E-040   5.1362137435787040E-041   1.2672551835420336E-041   3.2250879595703969E-042   8.5440919130786868E-043   2.3821662894723710E-043   7.0657339530245359E-044   2.2499658525879898E-044   7.7281870166966305E-045   2.8593192168826779E-045   1.1305842927921084E-045   4.7394048974836994E-046   2.0765637278438939E-046   9.2411762516358119E-047   4.1366938798948229E-047   1.8638689094054118E-047   8.4373854933200497E-048   3.8300461026481357E-048   1.7409381267269269E-048
   1.4395422216811862E-039   3.3889767007079102E-040   8.1149707655462469E-041   1.9862979337978199E-041   5.0015591163760052E-042   1.3065308959934542E-042   3.5765959002512143E-043   1.0368607257394781E-043   3.2123323440597835E-044   1.0703436504146721E-044   3.8363743946923192E-045   1.4700404391779141E-045   5.9772958972584328E-046   2.5520059841425350E-046   1.1183810491261630E-046   4.9630472834489965E-047   2.2259221034547455E-047   1.0052060341178913E-047   4.5586685256849368E-048   2.0707671932415466E-048
   2.3370545602053899E-039   5.4759590445929344E-040   1.3034906126645086E-040   3.1662298679953198E-041   7.8920364873921581E-042   2.0344425968664595E-042   5.4734436855430406E-043   1.5522851119936062E-043   4.6841547299115200E-044   1.5145716511072066E-044   5.2562281742523111E-045   1.9496674233103884E-045   7.6771839957427298E-046   3.1850128921247380E-046   1.3681670590206204E-046   6.0014682643237234E-047   2.6737821096896778E-047   1.2034402225324988E-047   5.4491489645381386E-048   2.4732771805013703E-048
   3.8628550979959105E-039   9.0085884591200302E-040   2.1321528263057246E-040   5.1413882223984489E-041   1.2693557969333562E-041   3.2314696196818134E-042   8.5528840045562945E-043   2.3758477490109319E-043   6.9903811284582036E-044   2.1946812864951737E-044   7.3763988883499384E-045   2.6471259912170529E-045   1.0083723560908940E-045   4.0543662998526313E-046   1.7004914743614622E-046   7.3434610783772097E-047   3.2410971084661421E-047   1.4518488671642414E-047   6.5573415272752309E-048   2.9735298372648817E-048
