   1.0000000116027273E-003   4.8329303011182155E-003   2.3357215024459210E-002  0.11288379093168273       0.54555948736884508        2.6366509469750703        12.742750107257200        61.584822398388752        297.63515080477760        1438.4499223123587        6951.9281355232088        33598.183747535782        162377.67841197949        784759.99311712943        3792690.3058355344        18329807.689154126        88586681.966735616        428133254.58504617        2069138154.9927852        10000000370.437164     
   1.2602962845765870E-040   3.0828161745959304E-041   7.7612760885263491E-042   2.0308990012710422E-042   5.6020333148495659E-043   1.6577372353685373E-043   5.3568081640439760E-044   1.9071727216769893E-044   7.4355296775318602E-045   3.1140514196207368E-045   1.3844416984756341E-045   6.7528773095742587E-046   4.0679847645638339E-046   3.2523765891340981E-046   3.0562982692367605E-046   3.0146147607436972E-046   3.0058530432226632E-046   3.0039762112682788E-046   3.0034252536245352E-046   2.9486879765017603E-046
   1.3921292431714623E-040   3.3982253950046230E-041   8.5317507079962100E-042   2.2242488938847622E-042   6.1043896670612245E-043   1.7942947261999850E-043   5.7512215682034895E-044   2.0310152696599374E-044   7.8624992547999263E-045   3.2749916609236205E-045   1.4483493086942172E-045   6.9881461716547723E-046   4.1150455196294492E-046   3.2242423469555227E-046   3.0071884307885834E-046   2.9595113068419175E-046   2.9497368539603494E-046   2.9477164056671233E-046   2.9473014676853058E-046   2.9470117893460596E-046
   1.6976500996881983E-040   4.1276579776610297E-041   1.0309281888073543E-041   2.6691688133627246E-042   7.2569320611042612E-043   2.1066028137999148E-043   6.6515007366041428E-044   2.3121060365713912E-044   8.8258464022636330E-045   3.6380617765423285E-045   1.5930190022082784E-045   7.5379873628453637E-046   4.2546636697335683E-046   3.1935806392744543E-046   2.9256184274184901E-046   2.8665167696985165E-046   2.8543691073577075E-046   2.8518617149478788E-046   2.8513429648417581E-046   2.8510976702990725E-046
   2.1368980941762141E-040   5.1742466520609647E-041   1.2852805744116067E-041   3.3026846081067799E-042   8.8877751644125612E-043   2.5457777856808185E-043   7.9042076807003384E-044   2.6982422081308892E-044   1.0132121415663715E-044   4.1240228751458399E-045   1.7864134163655489E-045   8.2965671919146279E-046   4.4819599369188925E-046   3.1922069292305110E-046   2.8527360997174506E-046   2.7771553050782733E-046   2.7615311579290524E-046   2.7583045000931016E-046   2.7576425738935407E-046   2.7575047962784949E-046
   2.7203917837407800E-040   6.5599891916298764E-041   1.6205558216298702E-041   4.1346526323543548E-042   1.1015829244185269E-042   3.1131504396039886E-043   9.5060693537931699E-044   3.1846483775238756E-044   1.1753090042995646E-044   4.7187409738137465E-045   2.0212669027279589E-045   9.2322739180616806E-046   4.7935690954196456E-046   3.2265608056197095E-046   2.7952324411068564E-046   2.6972497298562622E-046   2.6768441553361766E-046   2.6726403126811720E-046   2.6717716578168011E-046   2.6715918957847520E-046
   3.4865476372398299E-040   8.3728325038304046E-041   2.0576275757515152E-041   5.2125527291680306E-042   1.3756540689910822E-042   3.8380899050099002E-043   1.1527009160995843E-043   3.7898684558655162E-044   1.3732461102560491E-044   5.4318397363067809E-045   2.3005944224945663E-045   1.0354764820008062E-045   5.1933435839548278E-046   3.2998698431398801E-046   2.7522200832410161E-046   2.6238169789199897E-046   2.5969466892608823E-046   2.5914203609423004E-046   2.5902534664265766E-046   2.5899079103222252E-046
   4.4932473307266222E-040   1.0749827111016458E-040   2.6284176303220144E-041   6.6134103840824102E-042   1.7295146513031588E-042   4.7657913527548459E-043   1.4083708466769674E-043   4.5430360814003790E-044   1.6151943816534920E-044   6.2867455923133388E-045   2.6301939607746818E-045   1.1682758944923943E-045   5.6876664169099110E-046   3.4136738331581196E-046   2.7206964604122934E-046   2.5535937816536871E-046   2.5180517111744911E-046   2.5105449090693779E-046   2.5089452582059392E-046   2.5085561100192564E-046
   5.8235508117154095E-040   1.3878672188806337E-040   3.3769754155528487E-041   8.4412579284491396E-042   2.1878895725632478E-042   5.9567834754275584E-043   1.7328888334903951E-043   5.4842568513339550E-044   1.9111822695504721E-044   7.3125903276807306E-045   3.0200291657039845E-045   1.3244206461630779E-045   6.2867397868154177E-046   3.5741454565092631E-046   2.7030009641216177E-046   2.4846154669005090E-046   2.4373558726631932E-046   2.4271235499648990E-046   2.4250116703628225E-046   2.4245733407474500E-046
   7.5881511787576651E-040   1.8017786499607655E-040   4.3624832637125520E-041   1.0836941960307916E-041   2.7849383230667298E-042   7.4954905131784212E-043   2.1467484988156869E-043   6.6661947872404651E-044   2.2757859216134966E-044   8.5479200681797984E-045   3.4795978065956431E-045   1.5075592071474610E-045   7.0037810555845814E-046   3.7879146065077483E-046   2.7014356360470668E-046   2.4163356193481631E-046   2.3530174325265213E-046   2.3395125180980244E-046   2.3367274439144157E-046   2.3361512140401628E-046
