   1.0000000116027273E-003   4.8329303011182155E-003   2.3357215024459210E-002  0.11288379093168273       0.54555948736884508        2.6366509469750703        12.742750107257200        61.584822398388752        297.63515080477760        1438.4499223123587        6951.9281355232088        33598.183747535782        162377.67841197949        784759.99311712943        3792690.3058355344        18329807.689154126        88586681.966735616        428133254.58504617        2069138154.9927852        10000000370.437164     
   1.5733824711240373E-040   3.8486621706394597E-041   9.6892145640693127E-042   2.5356573166498080E-042   6.9944022849240620E-043   2.0699948731877085E-043   6.6875906366731574E-044   2.3814488584893554E-044   9.2822148397422587E-045   3.8873627478320122E-045   1.7283153666850641E-045   8.4298103543867393E-046   5.0782494938063891E-046   4.0616235467127865E-046   3.8165969909762361E-046   3.7632632477454753E-046   3.7523192498428028E-046   3.7500579539031789E-046   3.6734118180749402E-046   3.7318273175588540E-046
   1.8761540462618314E-040   4.5797554685625908E-041   1.1498220744856896E-041   2.9975988686493618E-042   8.2268868475732744E-043   2.4181579668958153E-043   7.7508739976251554E-044   2.7371451481508421E-044   1.0595862899074883E-044   4.4135871330324829E-045   1.9519178228382695E-045   9.4180385223098649E-046   5.5457833117506348E-046   4.3453073527621471E-046   4.0525798417518120E-046   3.9884881159856989E-046   3.9753490392290481E-046   3.9725661918967535E-046   3.9720744109087118E-046   3.9684943677116472E-046
   2.6867650991977761E-040   6.5334258798313593E-041   1.6318072416409556E-041   4.2247655540867828E-042   1.1485459023047374E-042   3.3346527668967184E-043   1.0527124982834443E-043   3.6593575077655235E-044   1.3970442513127270E-044   5.7577767436723975E-045   2.5217862151943575E-045   1.1933057427375269E-045   6.7350520331965779E-046   5.0538486614730313E-046   4.6298539233557254E-046   4.5371743062061263E-046   4.5175694424057278E-046   4.5135238924867869E-046   4.5126870744177944E-046   4.5102584991951209E-046
   4.1048936993257323E-040   9.9402096187555149E-041   2.4688715952792157E-041   6.3445433257106666E-042   1.7072921593155614E-042   4.8899759470285127E-043   1.5182594928568140E-043   5.1829676106105762E-044   1.9464997106272744E-044   7.9227826551947751E-045   3.4318540101213045E-045   1.5936118451049231E-045   8.6107255617554620E-046   6.1313146340208763E-046   5.4808417285407452E-046   5.3354225155704214E-046   5.3050481539721191E-046   5.2985584772402159E-046   5.2972005971021418E-046   5.2968692724418074E-046
   6.4347352198768002E-040   1.5518318712434115E-040   3.8333504389713872E-041   9.7792308760665616E-042   2.6055472264700870E-042   7.3638164775109502E-043   2.2484780731628208E-043   7.5331486738650734E-044   2.7804228691636223E-044   1.1160756533580293E-044   4.7812790447277719E-045   2.1840336968982670E-045   1.1339275340773277E-045   7.6332498325224510E-046   6.6121815899572630E-046   6.3809808746245621E-046   6.3315224397797768E-046   6.3211210150945985E-046   6.3189791923277276E-046   6.3185406721080829E-046
   1.0255053746467132E-039   2.4627101247501664E-040   6.0521273002397862E-041   1.5331766010467975E-041   4.0462224877386799E-042   1.1289032918740000E-042   3.3904539780617275E-043   1.1147179106040919E-043   4.0391464076671673E-044   1.5976746331918520E-044   6.7667910583422238E-045   3.0456525592115234E-045   1.5275203426746371E-045   9.7059084741602639E-046   8.0950999750440629E-046   7.7174605692596215E-046   7.6384006844278767E-046   7.6221401905512325E-046   7.6187798331381018E-046   7.6180454025482487E-046
   1.6593161630338902E-039   3.9694015618105017E-040   9.7055279372522335E-041   2.4420772594321040E-041   6.3857978226440950E-042   1.7596566626698375E-042   5.2004831899905296E-043   1.6777577034588007E-043   5.9634728788051819E-044   2.3217818956374068E-044   9.7135869470282287E-045   4.3142302376840176E-045   2.1003054425820482E-045   1.2605300967369878E-045   1.0046777276612727E-045   9.4304945803950616E-046   9.2965568442750225E-046   9.2686082387412166E-046   9.2616091800473568E-046   9.2616904682134184E-046
   2.7283668573723768E-039   6.5027145569842927E-040   1.5821016907609641E-040   3.9548779412120811E-041   1.0250933956006822E-041   2.7911258622646500E-042   8.1186449760969034E-043   2.5695715079088815E-043   8.9555468258469975E-044   3.4267609119272448E-044   1.4147473356605663E-044   6.2066382172177144E-045   2.9458723732261097E-045   1.6745912516037218E-045   1.2666899207189967E-045   1.1642409244561294E-045   1.1417650840096727E-045   1.1371008327182147E-045   1.1361253591525269E-045   1.1359388923938483E-045
   4.5681432980311594E-039   1.0846871325437755E-039   2.6263312706002636E-040   6.5244087375103692E-041   1.6765795793651663E-041   4.5123230499975542E-042   1.2924446315488725E-042   4.0133862990421033E-043   1.3701209892374216E-043   5.1460172305743529E-044   2.0947817584026986E-044   9.0756570129111382E-045   4.2167183186415362E-045   2.2803925575315939E-045   1.6263846584751034E-045   1.4546776002631005E-045   1.4165328596527022E-045   1.4084461808789460E-045   1.4067784142561722E-045   1.4064336182037945E-045
