  0.10000000178115441       0.37926902553114189        1.4384499116524054        5.4555948655050814        20.691381114782686        78.475998125192305        297.63514806391248        1128.8379055938269        4281.3324481147138        16237.767566493525        61584.821720531101        233572.14905426890        885866.79785161535        3359818.3118721968        12742749.944086527        48329302.677987538        183298072.04797754        695192799.29127681        2636650908.4718661        10000000029.103834     
   2.1435329709087028E-040   6.6297546088554567E-041   2.1013941515190896E-041   6.8678632124928530E-042   2.3326970215415374E-042   8.2886600737720455E-043   3.1046629559309758E-043   1.2310198797463248E-043   5.1676491074539157E-044   2.2898062920721636E-044   1.0648488338283440E-044   5.1447863877393927E-045   2.5533545855989486E-045   1.2912390263017976E-045   6.6452018879617356E-046   3.4506498727341784E-046   1.7863015530644742E-046   9.2190970951324912E-047   4.7840212618874819E-047   2.5308751038725139E-047
  0.56841054580807548       0.66677111990023707       0.80155663649691999       0.99356366266372487        1.2799109836050284        1.7248571304737630        2.4503641342497997        3.6849245655972336        5.8668356199425888        9.8595482343556924        17.389760440458417        31.865471961134016        59.980696633456908        115.04146074075965        224.54494973483759        442.22508592015737        868.24966403668532        1699.5173602202631        3344.8580009894404        6711.2383959176523     
   1.4736405580157179E-003   5.5890620846680682E-003   2.1197580927289465E-002   8.0395857187131575E-002  0.30491657869000716        1.1564541160822541        4.3860721786572290        16.635012914790547        63.091450255149503        239.28632431411145        907.53889429075036        3442.0138593850502        13054.492190615851        49511.644437508861        187782.32803789101        712200.19298361568        2701154.6836481327        10244642.864288153        38854756.468468092        147364053.60567638     
   2.0955811996830134E-042   6.8791671561846724E-043   2.3557332588409396E-043   8.5127046698399587E-044   3.2757074050177683E-044   1.3480294446120689E-044   5.9145475214316450E-045   2.7372631761301159E-045   1.3237105819645859E-045   6.6821459140254238E-046   3.6212721064561167E-046   2.2195015145040912E-046   1.5173065832404361E-046   1.0548059858511084E-046   7.3288769321671291E-047   4.7256229513053143E-047   2.6824644841804403E-047   1.4371867288122045E-047   7.5272709330591304E-048   3.8896127906249310E-048
  0.80847872699923251        1.0065777680456010        1.3073291747484630        1.7917349882093097        2.6149216350817284        4.0813169455893323        6.7915646246921639        11.920987567449528        21.864325734655115        41.860688884368145        86.039711153329336        200.00488266341199        518.56817786743977        1367.2642998353429        3603.0035135898893        8811.1722596770924        18969.503911670236        38546.287748409348        76569.229528949276        150061.90889194998     
   1.2373657760748429E-003   4.6929450375863112E-003   1.7798886595740027E-002   6.7505662544676145E-002  0.25602806395127903       0.97103512593862973        3.6828353941155529        13.967853662389016        52.975741529378936        200.92057508766598        762.02949365363611        2890.1417833621549        10961.412382986322        41573.241188918466        157674.42393049793        598010.24050155468        2268067.5713288966        8602077.6229506489        32625015.394895401        123736575.76366568     
   8.2250547104726557E-043   2.5161913108887488E-043   7.8418461847538777E-044   2.4935862904276341E-044   8.0794528389820674E-045   2.6706155326526699E-045   9.0283799864743945E-046   3.1402203977849676E-046   1.1333328859863969E-046   4.2917705806330350E-047   1.7223627714739920E-047   7.4401428898840340E-048   3.5181217204474457E-048   1.8280164867685760E-048   9.8771497258769730E-049   5.3058179064191080E-049   3.0626629458688365E-049   2.1193352268528535E-049   1.7591234036930611E-049   1.5342254275936009E-049
  0.53453471251834828       0.62019483392319363       0.73307797860167978       0.88410454619706946        1.0864469887780304        1.3620257835509693        1.7463494664659966        2.3037153964703974        3.1533599940671637        4.5289750600237975        6.8934309310669395        11.293783112829418        20.254260721955092        39.914713039259212        81.795970253944930        166.64795179337983        364.83308154597614        957.50716448929461        3014.2970603898671        9970.7146581346551     
   1.2373657760748429E-003   4.6929450375863112E-003   1.7798886595740027E-002   6.7505662544676145E-002  0.25602806395127903       0.97103512593862973        3.6828353941155529        13.967853662389016        52.975741529378936        200.92057508766598        762.02949365363611        2890.1417833621549        10961.412382986322        41573.241188918466        157674.42393049793        598010.24050155468        2268067.5713288966        8602077.6229506489        32625015.394895401        123736575.76366568     
