   0.00000000       0.00000000       1.0000000029103830        12.915496736721101        166.81005547077223        2154.4347208147942        27825.594525178964        359381.37424133555        4641588.9527435163        59948426.797886766        774263708.42626548        10000000370.437166
   2.1029809509039637E-002   210298102.26857081        3.0867864606430999E-043   4.3156612992019404E-044   7.3474834992257494E-045   1.5085458919652439E-045   3.5848164144026707E-046   9.4310707318366929E-047   2.4354826998391814E-047   6.3670343409427751E-048   1.7223776031507009E-048   4.7721372573755303E-049
   1.8333657585311712E-002   183336582.11100617        3.3895074560873499E-043   4.6709797312877176E-044   7.8197038492973851E-045   1.5809527077276451E-045   3.7017967567830679E-046   9.6015415329994867E-047   2.4609829474271750E-047   6.3987578172711936E-048   1.7249183625625744E-048   4.7672073629550266E-049
   1.4139851024333107E-002   141398515.06973416        4.1025272844380746E-043   5.5020201359212756E-044   8.9104977333356442E-045   1.7454754916398241E-045   3.9697007569358932E-046   1.0021342261764458E-046   2.5410235335505351E-047   6.5640329396732780E-048   1.7643263281069092E-048   4.8714735612634151E-049
   1.0535561209998504E-002   105355615.69612333        5.1319347548652562E-043   6.6768792511178635E-044   1.0398898148999371E-044   1.9578913689684521E-045   4.2971886505301149E-046   1.0502927291209683E-046   2.6279537102467922E-047   6.7392466930562546E-048   1.8043658884496689E-048   4.9737882515885486E-049
   7.7966012695127752E-003   77966015.356367752        6.5121279518642580E-043   8.2228714186979656E-044   1.2303702118057971E-044   2.2178980731877974E-045   4.6789501849579125E-046   1.1046511925466124E-046   2.7217785567019915E-047   6.9255989049288022E-048   1.8472472766903939E-048   5.0841753632189157E-049
   5.7460966102559526E-003   57460968.063893661        8.3475619028509944E-043   1.0244259070488622E-043   1.4737660540352883E-044   2.5394894131186824E-045   5.1344749073893447E-046   1.1686855991528227E-046   2.8274988462333666E-047   7.1307587243430279E-048   1.8937981100854703E-048   5.2038899448111862E-049
   4.2069713962088664E-003   42069715.398068361        1.0799292454715962E-042   1.2900324268316504E-043   1.7865996321131254E-044   2.9420591967276663E-045   5.6880195255719467E-046   1.2457112042963778E-046   2.9494264913721663E-047   7.3625281229658469E-048   1.9461799026453977E-048   5.3389489726100078E-049
   3.0544973780171907E-003   30544974.822773729        1.4095038171031635E-042   1.6413003580578065E-043   2.1920668945355225E-044   3.4505959885634354E-045   6.3725768707574777E-046   1.3400714552850327E-046   3.0944095271979541E-047   7.6289440292756230E-048   2.0058867426274059E-048   5.4925850148248714E-049
   2.1974035115544959E-003   21974035.865591962        1.8559899282154226E-042   2.1100846001921416E-043   2.7221211977909806E-044   4.1015586084554516E-045   7.2293176480110359E-046   1.4569592101051434E-046   3.2692914737933940E-047   7.9428624898703107E-048   2.0751717742103286E-048   5.6695183571557173E-049
