  0.10000000178115441       0.37926902553114189        1.4384499116524054        5.4555948655050814        20.691381114782686        78.475998125192305        297.63514806391248        1128.8379055938269        4281.3324481147138        16237.767566493525        61584.821720531101        233572.14905426890        885866.79785161535        3359818.3118721968        12742749.944086527        48329302.677987538        183298072.04797754        695192799.29127681        2636650908.4718661        10000000029.103834     
   1.7488730825759573E-040   5.2668042537943363E-041   1.6141102523414441E-041   5.0493354583784644E-042   1.6183290103190640E-042   5.3363776516048525E-043   1.8150535755815512E-043   6.3753472738675940E-044   2.3118177901948384E-044   8.6647987286893180E-045   3.3550604188113067E-045   1.3444380323567785E-045   5.5733360211433384E-046   2.3875592628946992E-046   1.0564254873922693E-046   4.8371063085525466E-047   2.2840422030257404E-047   1.1072967551663841E-047   5.4822273725035521E-048   2.7520971035905808E-048
  0.46946194882882408       0.53621214895342595       0.62326112035578785       0.73946637844317153       0.89887312438862466        1.1241531996393483        1.4501594635903521        1.9318683468900308        2.6568965808686906        3.7768252912682216        5.5464631265067750        8.4295412902404365        13.253352486232467        21.533372297415269        36.136336976770465        62.753543963446923        112.38390472377711        206.63857034377645        388.01791081629136        738.76421521818099     
   1.5502875140167279E-003   5.8797602426145989E-003   2.2300108978532549E-002   8.4577404508808976E-002  0.32077589218657709        1.2166035787652694        4.6142004555740197        17.500232792202873        66.372961194464224        251.73207865467063        954.74178465743046        3621.0397985125728        13733.482113298895        52086.842854855218        197549.25780688968        749243.13168301643        2841647.0737790619        10777486.973792369        40875669.094189212        155028749.09156486     
   1.3546632037648419E-042   4.1339197374634749E-043   1.2848305151315320E-043   4.0760464245514439E-044   1.3210997996881615E-044   4.3870588104308329E-045   1.4982628498462735E-045   5.3008056287816084E-046   1.9655091315366495E-046   7.7372287466129961E-047   3.2757682944815168E-047   1.4955568257194512E-047   7.0869317359386679E-048   3.3584151085221314E-048   1.6143435155320063E-048   7.9750807746481211E-049   4.0277903499480931E-049   2.0558996682475908E-049   1.0515355304671410E-049   5.3839567715136518E-050
  0.52451728408131526       0.60706875063238408       0.71559788492509213       0.86101297375912511        1.0584091079706450        1.3330264480583576        1.7266355920425263        2.3168713846477247        3.2582355652092896        4.8645225264325953        7.8111562515483293        13.525472246709020        24.308330691189266        43.689656428053070        79.650329384666307        149.23616529311087        285.85988572343769        553.39552540269347        1073.5074100422055        2084.6350099985511     
   1.3101630467941660E-003   4.9690425319390196E-003   1.8846038853435991E-002   7.1477186637528098E-002  0.27109082440868204        1.0281635097259676        3.8995056547482525        14.789616833869587        56.092434646513972        212.74122649127625        806.86156224501281        3060.1759300055510        11606.299222544474        44019.097177524876        166950.79793915406        633192.65318215499        2401503.5626842561        9108158.9980578423        34544425.260471344        131016302.72712132     
   6.7643400013441498E-043   2.0199701410741045E-043   6.1140499218798380E-044   1.8799794572249891E-044   5.8880750980906031E-045   1.8859287346850877E-045   6.2184204858382515E-046   2.1256541962932945E-046   7.5806484167462284E-047   2.8437167488626205E-047   1.1304073805127016E-047   4.7801437978777630E-048   2.1537689875115249E-048   1.0264235715742653E-048   5.0754935610145029E-049   2.6114555271655955E-049   1.4378308310901806E-049   8.0957183312256689E-050   4.3493464610680815E-050   2.2562871606544663E-050
  0.44152058957062629       0.50005508751919303       0.57404937553782776       0.66945399897919466       0.79522192419749638       0.96602340841935985        1.2080636758744285        1.5662090287520480        2.1184139702771279        3.0139648342826031        4.5439568375288815        7.2876505984435767        12.453547121622353        22.509608118980072        42.215016804938109        82.379411981788024        172.02486011441619        367.35518940157323        748.51785059497081        1472.7190270896226     
   1.3101654032135314E-003   4.9690514691076342E-003   1.8846072749347818E-002   7.1477315194220056E-002  0.27109131198438652        1.0281653589495563        3.8995126682804044        14.789643434024155        56.092535532659248        212.74160912116929        806.86301344165292        3060.1814339448142        11606.320097280930        44019.176348932837        166951.09821177626        633193.79202318459        2401507.8819554439        9108175.3797153290        34544487.391022988        131016538.36905463     
