  0.10000000178115441       0.37926902553114189        1.4384499116524054        5.4555948655050814        20.691381114782686        78.475998125192305        297.63514806391248        1128.8379055938269        4281.3324481147138        16237.767566493525        61584.821720531101        233572.14905426890        885866.79785161535        3359818.3118721968        12742749.944086527        48329302.677987538        183298072.04797754        695192799.29127681        2636650908.4718661        10000000029.103834     
   0.0000000000000000        0.0000000000000000        0.0000000000000000        0.0000000000000000        0.0000000000000000        0.0000000000000000        0.0000000000000000        0.0000000000000000        0.0000000000000000        0.0000000000000000        0.0000000000000000        0.0000000000000000        0.0000000000000000        0.0000000000000000        0.0000000000000000        0.0000000000000000        0.0000000000000000        0.0000000000000000        0.0000000000000000        0.0000000000000000     
   0.0000000000000000        0.0000000000000000        0.0000000000000000        0.0000000000000000        0.0000000000000000        0.0000000000000000        0.0000000000000000        0.0000000000000000        0.0000000000000000        0.0000000000000000        0.0000000000000000        0.0000000000000000        0.0000000000000000        0.0000000000000000        0.0000000000000000        0.0000000000000000        0.0000000000000000        0.0000000000000000        0.0000000000000000        0.0000000000000000     
   1.1180603106339651E-003   4.2404563694628181E-003   1.6082737264076524E-002   6.0996839813748739E-002  0.23134211584583647       0.87740897278362051        3.3277404017270467        12.621088369035185        47.867878016063038        181.54803126030743        688.55543676770708        2611.4774487561340        9904.5248954480503        37564.794385368150        142471.62707052336        540350.74202425533        2049382.9572230135        7772674.6328176679        29479346.812521115        111806029.39735670     
   2.3347199473422004E-042   7.2993777397217923E-043   2.3421867302500660E-043   7.7611467007917471E-044   2.6681626624233215E-044   9.5466568067760519E-045   3.5618003621429180E-045   1.3830951380772061E-045   5.5721106510602572E-046   2.3201308021851848E-046   9.9621817392811213E-047   4.4056414345845352E-047   2.0020571915336205E-047   9.3108835574954108E-048   4.4242574353387481E-048   2.1515607850588081E-048   1.0715420831942886E-048   5.4179077117126249E-049   2.7519044345273624E-049   1.4025791916590710E-049
  0.61311646851731039       0.72701169074144889       0.88475788144525769        1.1119267658151688        1.4498062329736954        1.9674166321647368        2.7839534545797262        4.1000751691210615        6.2647950014409020        9.8934319359699074        16.111513101929489        27.023300125238741        46.575023666042945        82.151380932082574        148.05113129647191        273.06895544915648        515.79283979654952        989.11103734991639        1905.4351007125306        3683.2871067497808     
   7.4619228254493939E-004   2.8300761481887524E-003   1.0733602037842750E-002   4.0709227128222732E-002  0.15439748628041228       0.58558183123018004        2.2209304654359237        8.4233011839510823        31.946971748899490        121.16496628062475        459.54117871252521        1742.8973193736222        6610.2695614576151        25070.704504174093        95085.414973155173        360629.52036755928        1367756.0433138269        5187474.9247227190        19674485.246235173        74619227.142581016     
   7.4475378670795528E-043   2.2333302643605710E-043   6.7982326504380117E-044   2.1032756811132582E-044   6.6242723614696671E-045   2.1268902262753937E-045   6.9876367680853390E-046   2.3610676918628464E-046   8.2635563813473811E-047   3.0232408885162242E-047   1.1682502460214144E-047   4.8174802511109261E-048   2.1388967504516540E-048   1.0147709977543122E-048   4.9949243654687605E-049   2.5593914277796189E-049   1.4058873209866376E-049   7.9037157093407783E-050   4.2436623460786423E-050   2.1988648536101408E-050
  0.45621530339302313       0.51886867032246919       0.59902905592071387       0.70290305975341638       0.83962387996955035        1.0224428568342749        1.2740065447659696        1.6326652312605134        2.1672203419696308        3.0071576363653714        4.4072398997710014        6.8928387858304028        11.606876589797908        20.885311679457214        38.989637616859248        75.771234219190234        157.85761346632353        336.58417814078155        685.41022013458166        1346.9629819488177     
   7.4615439151049228E-004   2.8299324392342009E-003   1.0733056994300896E-002   4.0707159946929729E-002  0.15438964610220549       0.58555209586322821        2.2208176884014508        8.4228734555990137        31.945349507775582        121.15881362263211        459.51784358692845        1742.8088164717431        6609.9338973700742        25069.431434282815        95080.586613470470        360611.20789516112        1367686.5897794391        5187211.5089843376        19673486.191948947        74615438.039192542     
