# CYGNUS-1000 Spin dependent (proton) 
# (5 keVr threshold Postdrift+He+SF6 755:5 Torr)
# m [GeV]	sigma_p_SD [cm^2]
1.830738280295368003e+00 2.932375010907727915e-36
2.056512308348651619e+00 2.022369205563854781e-37
2.310129700083159321e+00 2.344847893560294952e-38
2.595024211399735936e+00 4.069295221363922277e-39
2.915053062825176067e+00 9.770723877622111420e-40
3.274549162877728126e+00 3.058621119419405244e-40
3.678379771828632627e+00 1.161677318540085272e-40
4.132012400115336881e+00 5.324359087901665427e-41
4.641588833612780185e+00 2.774864723026284421e-41
5.214008287999685187e+00 1.629213061967895260e-41
5.857020818056668077e+00 1.062181221852867063e-41
6.579332246575678944e+00 7.238537532887374300e-42
7.390722033525779722e+00 5.266541126587256412e-42
8.302175681319743816e+00 3.985871962674634584e-42
9.326033468832198636e+00 3.087758180732872144e-42
1.047615752789665322e+01 2.423126303460123491e-42
1.176811952434997899e+01 1.915927063432720015e-42
1.321941148466028793e+01 1.517518632747906982e-42
1.484968262254465188e+01 1.199457976223131211e-42
1.668100537200059463e+01 9.646059385579602111e-43
1.873817422860383175e+01 7.968121878157917182e-43
2.104904144512019926e+01 6.730882212754159277e-43
2.364489412645407285e+01 5.773316831578146222e-43
2.656087782946687170e+01 5.129795721987647803e-43
2.983647240283340452e+01 4.642515727982922914e-43
3.351602650938841066e+01 4.276526353832390057e-43
3.764935806792467332e+01 4.045516876826790261e-43
4.229242874389498752e+01 3.905384827200721291e-43
4.750810162102798273e+01 3.831729856796171358e-43
5.336699231206307559e+01 3.810902477297683517e-43
5.994842503189408944e+01 3.835716618058019601e-43
6.734150657750821267e+01 3.903328378055482161e-43
7.564633275546290747e+01 4.014213389956233663e-43
8.497534359086438371e+01 4.171846726643683611e-43
9.545484566618337396e+01 4.382834517456018610e-43
1.072267222010323167e+02 4.657455430019497936e-43
1.204503540258782408e+02 4.982466186759910172e-43
1.353047774579806344e+02 5.301687060666978277e-43
1.519911082952933157e+02 5.702427812082694540e-43
1.707352647470690670e+02 6.207802900476730450e-43
1.917910261672489014e+02 6.747423789992683784e-43
2.154434690031884827e+02 7.321661364207391549e-43
2.420128264794381039e+02 8.044722463737014862e-43
2.718588242732940330e+02 8.856416107169084182e-43
3.053855508833415797e+02 9.685625196473234323e-43
3.430469286314919373e+02 1.073436798829490795e-42
3.853528593710527730e+02 1.186828005808495860e-42
4.328761281083056929e+02 1.308094938110617838e-42
4.862601580065353346e+02 1.462550008022847195e-42
5.462277217684343213e+02 1.614911169751715186e-42
6.135907273413170060e+02 1.794550437403315380e-42
6.892612104349695983e+02 2.013274254070543206e-42
7.742636826811270794e+02 2.224301688831666407e-42
8.697490026177835034e+02 2.493612849849469881e-42
9.770099572992247658e+02 2.778693659652341227e-42
1.097498765493056908e+03 3.095626576729254293e-42
1.232846739442065882e+03 3.492905528218376187e-42
1.384886371393871741e+03 3.868405573785958398e-42
1.555676143930472335e+03 4.348909381697993524e-42
1.747528400007683103e+03 4.860134175765192310e-42
1.963040650040272567e+03 5.429068777525465985e-42
2.205130739903045651e+03 6.133369321431733027e-42
2.477076355991709079e+03 6.810358855656453883e-42
2.782559402207125913e+03 7.679258473250428284e-42
3.125715849688235267e+03 8.578271699009930950e-42
3.511191734215127781e+03 9.610055389583892484e-42
3.944206059437656222e+03 1.084353115027390441e-41
4.430621457583877600e+03 1.207361632048742138e-41
4.977023564332113892e+03 1.365741914019087963e-41
5.590810182512223037e+03 1.522125829011681363e-41
6.280291441834247053e+03 1.710392072595593114e-41
7.054802310718645458e+03 1.924870792954509521e-41
7.924828983539169712e+03 2.149437661568596801e-41
8.902150854450394036e+03 2.439533884220822681e-41
1.000000000000000000e+04 2.709642732950959202e-41
