# CYGNUS-1000 Spin independent 
# (5 keVr threshold Postdrift+He+SF6 755:5 Torr)
# m [GeV]	sigma_p_SI [cm^2]
1.291549665014884107e+00 3.856455260213713482e-39
1.450828778495939497e+00 2.180484846735881016e-40
1.629750834620644184e+00 2.607901277333973103e-41
1.830738280295368003e+00 5.453132149276549951e-42
2.056512308348651619e+00 1.683753598787797705e-42
2.310129700083159321e+00 6.890102707279528396e-43
2.595024211399735936e+00 3.492431936888010108e-43
2.915053062825176067e+00 2.052719792887484998e-43
3.274549162877728126e+00 1.366185304283157548e-43
3.678379771828632627e+00 9.804121482008941395e-44
4.132012400115336881e+00 7.617371834399322722e-44
4.641588833612780185e+00 5.268799374315270738e-44
5.214008287999685187e+00 3.093482968842154311e-44
5.857020818056668077e+00 2.016826157566458136e-44
6.579332246575678944e+00 1.374423830745904721e-44
7.390722033525779722e+00 9.999892377566449051e-45
8.302175681319743816e+00 7.568210273017323085e-45
9.326033468832198636e+00 5.862908644043514645e-45
1.047615752789665322e+01 4.600932883543901662e-45
1.176811952434997899e+01 3.637883760343725164e-45
1.321941148466028793e+01 2.881402165801435752e-45
1.484968262254465188e+01 2.277481630798054530e-45
1.668100537200059463e+01 1.831554209962412696e-45
1.873817422860383175e+01 1.512954315132160780e-45
2.104904144512019926e+01 1.278032319805197827e-45
2.364489412645407285e+01 1.096213730980305644e-45
2.656087782946687170e+01 9.740245809495505076e-46
2.983647240283340452e+01 8.815018534009280647e-46
3.351602650938841066e+01 8.120092914922768733e-46
3.764935806792467332e+01 7.681461590733177729e-46
4.229242874389498752e+01 7.415384599929054576e-46
4.750810162102798273e+01 7.275531561774651143e-46
5.336699231206307559e+01 7.235985387447789276e-46
5.994842503189408944e+01 7.283101460612480556e-46
6.734150657750821267e+01 7.411479898600792775e-46
7.564633275546290747e+01 7.622023813219612188e-46
8.497534359086438371e+01 7.921331530391595586e-46
9.545484566618337396e+01 8.321946497671088359e-46
1.072267222010323167e+02 8.843385427749930520e-46
1.204503540258782408e+02 9.460502528107904976e-46
1.353047774579806344e+02 1.006662603631108428e-45
1.519911082952933157e+02 1.082753614583852365e-45
1.707352647470690670e+02 1.178712164470242645e-45
1.917910261672489014e+02 1.281173166675364280e-45
2.154434690031884827e+02 1.390207043052267263e-45
2.420128264794381039e+02 1.527498920280738050e-45
2.718588242732940330e+02 1.681619981576527276e-45
3.053855508833415797e+02 1.839066803926030879e-45
3.430469286314919373e+02 2.038197785682194350e-45
3.853528593710527730e+02 2.253500360768546109e-45
4.328761281083056929e+02 2.483757040215510375e-45
4.862601580065353346e+02 2.777029994734838536e-45
5.462277217684343213e+02 3.066327122240035219e-45
6.135907273413170060e+02 3.407418798944535205e-45
6.892612104349695983e+02 3.822722614961667443e-45
7.742636826811270794e+02 4.223412856545826567e-45
8.697490026177835034e+02 4.734769848074844417e-45
9.770099572992247658e+02 5.276069602205032044e-45
1.097498765493056908e+03 5.877848831779004363e-45
1.232846739442065882e+03 6.632185817530034386e-45
1.384886371393871741e+03 7.345169909592057938e-45
1.555676143930472335e+03 8.257530840730341071e-45
1.747528400007683103e+03 9.228223520904716254e-45
1.963040650040272567e+03 1.030849321798444801e-44
2.205130739903045651e+03 1.164579021638233962e-44
2.477076355991709079e+03 1.293123018927265196e-44
2.782559402207125913e+03 1.458106116068269459e-44
3.125715849688235267e+03 1.628807061670292256e-44
3.511191734215127781e+03 1.824717918809157401e-44
3.944206059437656222e+03 2.058925239340041155e-44
4.430621457583877600e+03 2.292488768451729370e-44
4.977023564332113892e+03 2.593214754704187834e-44
5.590810182512223037e+03 2.890150121184806067e-44
6.280291441834247053e+03 3.247622346107463863e-44
7.054802310718645458e+03 3.654865747291563727e-44
7.924828983539169712e+03 4.081264110796448032e-44
8.902150854450394036e+03 4.632086925226956249e-44
1.000000000000000000e+04 5.144958533481165732e-44
