1.000000000000000021e-03	5.000000000000000000e-01	5.000000000000000000e-01
1.611591591591591544e-01	5.000000000000000000e-01	5.000000000000000000e-01
3.213183183183183078e-01	5.000000000000000000e-01	5.000000000000000000e-01
4.814774774774774890e-01	5.000000000000000000e-01	5.000000000000000000e-01
6.416366366366366147e-01	5.000000000000000000e-01	5.000000000000000000e-01
8.017957957957957404e-01	5.000000000000000000e-01	5.000000000000000000e-01
9.619549549549549772e-01	5.000000000000000000e-01	5.000000000000000000e-01
1.122114114114113992e+00	5.000000000000000000e-01	5.000000000000000000e-01
1.282273273273273118e+00	5.000000000000000000e-01	5.000000000000000000e-01
1.442432432432432243e+00	5.000000000000000000e-01	5.000000000000000000e-01
1.602591591591591369e+00	5.000000000000000000e-01	5.000000000000000000e-01
1.762750750750750495e+00	5.000000000000000000e-01	5.000000000000000000e-01
1.922909909909909842e+00	5.000000000000000000e-01	5.000000000000000000e-01
2.083069069069068746e+00	5.000000000000000000e-01	5.000000000000000000e-01
2.243228228228228094e+00	5.000000000000000000e-01	5.000000000000000000e-01
2.403387387387386998e+00	5.000000000000000000e-01	5.000000000000000000e-01
2.563546546546546345e+00	5.000000000000000000e-01	5.000000000000000000e-01
2.723705705705705693e+00	5.000000000000000000e-01	5.000000000000000000e-01
2.883864864864864597e+00	5.000000000000000000e-01	5.000000000000000000e-01
3.044024024024023944e+00	5.000000000000000000e-01	5.000000000000000000e-01
3.204183183183182848e+00	5.000000000000000000e-01	5.000000000000000000e-01
3.364342342342342196e+00	5.000000000000000000e-01	5.000000000000000000e-01
3.524501501501501100e+00	5.000000000000000000e-01	5.000000000000000000e-01
3.684660660660660447e+00	5.000000000000000000e-01	5.000000000000000000e-01
3.844819819819819795e+00	5.000000000000000000e-01	5.000000000000000000e-01
4.004978978978979143e+00	5.000000000000000000e-01	5.000000000000000000e-01
4.165138138138138046e+00	5.000000000000000000e-01	5.000000000000000000e-01
4.325297297297297838e+00	5.000000000000000000e-01	5.000000000000000000e-01
4.485456456456456742e+00	5.000000000000000000e-01	5.000000000000000000e-01
4.645615615615615646e+00	5.000000000000000000e-01	5.000000000000000000e-01
4.805774774774774549e+00	5.000000000000000000e-01	5.000000000000000000e-01
4.965933933933934341e+00	5.000000000000000000e-01	5.000000000000000000e-01
5.126093093093093245e+00	5.000000000000000000e-01	5.000613600356658139e-01
5.286252252252252148e+00	5.000000000000000000e-01	5.004684022847349922e-01
5.446411411411411940e+00	5.000000000000000000e-01	5.008730217224321990e-01
5.606570570570570844e+00	5.000000000000000000e-01	5.012752326318228313e-01
5.766729729729729748e+00	5.000000000000000000e-01	5.016750492134196548e-01
5.926888888888888651e+00	5.000000000000000000e-01	5.020724855856357749e-01
6.087048048048048443e+00	5.000000000000000000e-01	5.024675557852322783e-01
6.247207207207207347e+00	5.000000000000000000e-01	5.028602737677996259e-01
6.407366366366366250e+00	5.000000000000000000e-01	5.032506534081733207e-01
6.567525525525526042e+00	5.000000000000000000e-01	5.036387085009010889e-01
6.727684684684684946e+00	5.000000000000000000e-01	5.040244527606922986e-01
6.887843843843843850e+00	5.000000000000000000e-01	5.044078998228442856e-01
7.048003003003002753e+00	5.000000000000000000e-01	5.047890632437113112e-01
7.208162162162162545e+00	5.000000000000000000e-01	5.051679565011149009e-01
7.368321321321321449e+00	5.000000000000000000e-01	5.055445929947897099e-01
7.528480480480480352e+00	5.000000000000000000e-01	5.059189860468382705e-01
7.688639639639640144e+00	5.000000000000000000e-01	5.062911489021377776e-01
7.848798798798799048e+00	5.000000000000000000e-01	5.066610947287824018e-01
8.008957957957957063e+00	5.000000000000000000e-01	5.070288366185060625e-01
8.169117117117115967e+00	5.000000000000000000e-01	5.073943875871158582e-01
8.329276276276274871e+00	5.000000000000000000e-01	5.077577605749166167e-01
8.489435435435433774e+00	5.000000000000000000e-01	5.081189684471159040e-01
8.649594594594594454e+00	5.000000000000000000e-01	5.084780239942716662e-01
8.809753753753753358e+00	5.000000000000000000e-01	5.088349399326776989e-01
8.969912912912912262e+00	5.000000000000000000e-01	5.091897289048130659e-01
9.130072072072071165e+00	5.000000000000000000e-01	5.095424034797222390e-01
9.290231231231230069e+00	5.000000000000000000e-01	5.098929761534485294e-01
9.450390390390388973e+00	5.000000000000000000e-01	5.102414593494337680e-01
9.610549549549547876e+00	5.000000000000000000e-01	5.105878654189286436e-01
9.770708708708708556e+00	5.000000000000000000e-01	5.109322066413977126e-01
9.930867867867867460e+00	5.000000000000000000e-01	5.112744952249119734e-01
1.009102702702702636e+01	5.000000000000000000e-01	5.116147433065680872e-01
1.025118618618618527e+01	5.000000000000000000e-01	5.119529629528738468e-01
1.041134534534534417e+01	5.000000000000000000e-01	5.122891661601389757e-01
1.057150450450450307e+01	5.000000000000000000e-01	5.126233648548907951e-01
1.073166366366366198e+01	5.000000000000000000e-01	5.129555708942419301e-01
1.089182282282282266e+01	5.000000000000000000e-01	5.132857960662970953e-01
1.105198198198198156e+01	5.000000000000000000e-01	5.136140520905421170e-01
1.121214114114114047e+01	5.000000000000000000e-01	5.139403506182098624e-01
1.137230030030029937e+01	5.000000000000000000e-01	5.142647032326905787e-01
1.153245945945945827e+01	5.000000000000000000e-01	5.145871214498995982e-01
1.169261861861861718e+01	5.000000000000000000e-01	5.149076167186592556e-01
1.185277777777777608e+01	5.000000000000000000e-01	5.152262004210825808e-01
1.201293693693693676e+01	5.000000000000000000e-01	5.155428838729356755e-01
1.217309609609609566e+01	5.000000000000000000e-01	5.158576783240302888e-01
1.233325525525525457e+01	5.000000000000000000e-01	5.161705949585826403e-01
1.249341441441441347e+01	5.000000000000000000e-01	5.164816448955900086e-01
1.265357357357357238e+01	5.000000000000000000e-01	5.167908391892002129e-01
1.281373273273273128e+01	5.000000000000000000e-01	5.170981888290668849e-01
1.297389189189189018e+01	5.000000000000000000e-01	5.174037047407296086e-01
1.313405105105105086e+01	5.000000000000000000e-01	5.177073977859727449e-01
1.329421021021020977e+01	5.000000000000000000e-01	5.180092787631700446e-01
1.345436936936936867e+01	5.000000000000000000e-01	5.183093584076665650e-01
1.361452852852852757e+01	5.000000000000000000e-01	5.186076473921268359e-01
1.377468768768768648e+01	5.000000000000000000e-01	5.189041563268759205e-01
1.393484684684684538e+01	5.000000000000000000e-01	5.191988957602795551e-01
1.409500600600600428e+01	5.000000000000000000e-01	5.194918761790692230e-01
1.425516516516516496e+01	5.000000000000000000e-01	5.197831080087080835e-01
1.441532432432432387e+01	5.000000000000000000e-01	5.200726016137320329e-01
1.457548348348348277e+01	5.000000000000000000e-01	5.203603672981031991e-01
1.473564264264264168e+01	5.000000000000000000e-01	5.206464153055367916e-01
1.489580180180180058e+01	5.000000000000000000e-01	5.209307558198599253e-01
1.505596096096095948e+01	5.000000000000000000e-01	5.212133989653437993e-01
1.521612012012011839e+01	5.000000000000000000e-01	5.214943548070447576e-01
1.537627927927927907e+01	5.000000000000000000e-01	5.217736333511417968e-01
1.553643843843843797e+01	5.000000000000000000e-01	5.220512445452669681e-01
1.569659759759759687e+01	5.000000000000000000e-01	5.223271982788411094e-01
1.585675675675675578e+01	5.000000000000000000e-01	5.226015043834095763e-01
1.601691591591591646e+01	5.000000000000000000e-01	5.228741726329584338e-01
1.617707507507507714e+01	5.000000000000000000e-01	5.231452127442626221e-01
1.633723423423423426e+01	5.000000000000000000e-01	5.234146343771897136e-01
1.649739339339339494e+01	5.000000000000000000e-01	5.236824471350391974e-01
1.665755255255255207e+01	5.000000000000000000e-01	5.239486605648622231e-01
1.681771171171171275e+01	5.000000000000000000e-01	5.242132841577760161e-01
1.697787087087086988e+01	5.000000000000000000e-01	5.244763273492889510e-01
1.713803003003003056e+01	5.000000000000000000e-01	5.247377995196185196e-01
1.729818918918919124e+01	5.000000000000000000e-01	5.249977099940021930e-01
1.745834834834834837e+01	5.000000000000000000e-01	5.252560680430171658e-01
1.761850750750750905e+01	5.000000000000000000e-01	5.255128828828805609e-01
1.777866666666666617e+01	5.000000000000000000e-01	5.257681636757780552e-01
1.793882582582582685e+01	5.000000000000000000e-01	5.260219195301587547e-01
1.809898498498498398e+01	5.000000000000000000e-01	5.262741595010513862e-01
1.825914414414414466e+01	5.000000000000000000e-01	5.265248925903520671e-01
1.841930330330330534e+01	5.000000000000000000e-01	5.267741277471600370e-01
1.857946246246246247e+01	5.000000000000000000e-01	5.270218738680458870e-01
1.873962162162162315e+01	5.000000000000000000e-01	5.272681397973748574e-01
1.889978078078078028e+01	5.000000000000000000e-01	5.275129343275910543e-01
1.905993993993994096e+01	5.000000000000000000e-01	5.277562661995336413e-01
1.922009909909909808e+01	5.000000000000000000e-01	5.279981441027121747e-01
1.938025825825825876e+01	5.000000000000000000e-01	5.282385766756139134e-01
1.954041741741741944e+01	5.000000000000000000e-01	5.284775725059809304e-01
1.970057657657657657e+01	5.000000000000000000e-01	5.287151401311298571e-01
1.986073573573573725e+01	5.000000000000000000e-01	5.289512880382076787e-01
2.002089489489489438e+01	5.000000000000000000e-01	5.291860246645061494e-01
2.018105405405405506e+01	5.000000000000000000e-01	5.294193583977246931e-01
2.034121321321321219e+01	5.000000000000000000e-01	5.296512975762812658e-01
2.050137237237237287e+01	5.000000000000000000e-01	5.298818504895663750e-01
2.066153153153153355e+01	5.000000000000000000e-01	5.301110253782574944e-01
2.082169069069069067e+01	5.000000000000000000e-01	5.303388304345624249e-01
2.098184984984985135e+01	5.000000000000000000e-01	5.305652738025319337e-01
2.114200900900900848e+01	5.000000000000000000e-01	5.307903635783084439e-01
2.130216816816816916e+01	5.000000000000000000e-01	5.310141078104226864e-01
2.146232732732732629e+01	5.000000000000000000e-01	5.312365145000583766e-01
2.162248648648648697e+01	5.000000000000000000e-01	5.314575916013204449e-01
2.178264564564564765e+01	5.000000000000000000e-01	5.316773470215174768e-01
2.194280480480480477e+01	5.000000000000000000e-01	5.318957886214192854e-01
2.210296396396396545e+01	5.000000000000000000e-01	5.321129242155304695e-01
2.226312312312312258e+01	5.000000000000000000e-01	5.323287615723604205e-01
2.242328228228228326e+01	5.000000000000000000e-01	5.325433084146808937e-01
2.258344144144144039e+01	5.000000000000000000e-01	5.327565724197942387e-01
2.274360060060060107e+01	5.000000000000000000e-01	5.329685612197980760e-01
2.290375975975976175e+01	5.000000000000000000e-01	5.331792824018339871e-01
2.306391891891891888e+01	5.000000000000000000e-01	5.333887435083592976e-01
2.322407807807807956e+01	5.000000000000000000e-01	5.335969520374064246e-01
2.338423723723723668e+01	5.000000000000000000e-01	5.338039154428226851e-01
2.354439639639639736e+01	5.000000000000000000e-01	5.340096411345456318e-01
2.370455555555555449e+01	5.000000000000000000e-01	5.342141364788375313e-01
2.386471471471471517e+01	5.000000000000000000e-01	5.344174087985571475e-01
2.402487387387387585e+01	5.000000000000000000e-01	5.346194653733906677e-01
2.418503303303303298e+01	5.000000000000000000e-01	5.348203134401181558e-01
2.434519219219219366e+01	5.000000000000000000e-01	5.350199601928462556e-01
2.450535135135135079e+01	5.000000000000000000e-01	5.352184127832728677e-01
2.466551051051051147e+01	5.000000000000000000e-01	5.354156783209162995e-01
2.482566966966966859e+01	5.000000000000000000e-01	5.356117638733657316e-01
2.498582882882882927e+01	5.000000000000000000e-01	5.358066764665192494e-01
2.514598798798798995e+01	5.000000000000000000e-01	5.360004230848325335e-01
2.530614714714714708e+01	5.000000000000000000e-01	5.361930106715551148e-01
2.546630630630630776e+01	5.000000000000000000e-01	5.363844461289737353e-01
2.562646546546546489e+01	5.000000000000000000e-01	5.365747363186308405e-01
2.578662462462462557e+01	5.000000000000000000e-01	5.367638880615874797e-01
2.594678378378378270e+01	5.000000000000000000e-01	5.369519081386400217e-01
2.610694294294294338e+01	5.000000000000000000e-01	5.371388032905564103e-01
2.626710210210210406e+01	5.000000000000000000e-01	5.373245802183088671e-01
2.642726126126126118e+01	5.000000000000000000e-01	5.375092455833119232e-01
2.658742042042042186e+01	5.000000000000000000e-01	5.376928060076355820e-01
2.674757957957957899e+01	5.000000000000000000e-01	5.378752680742486803e-01
2.690773873873873967e+01	5.000000000000000000e-01	5.380566383272444853e-01
2.706789789789789680e+01	5.000000000000000000e-01	5.382369232720538577e-01
2.722805705705705748e+01	5.000000000000000000e-01	5.384161293756815070e-01
2.738821621621621816e+01	5.000000000000000000e-01	5.385942630669227071e-01
2.754837537537537528e+01	5.000000000000000000e-01	5.387713307365906701e-01
2.770853453453453596e+01	5.000000000000000000e-01	5.389473387377297087e-01
2.786869369369369309e+01	5.000000000000000000e-01	5.391222933858479394e-01
2.802885285285285377e+01	5.000000000000000000e-01	5.392962009591144579e-01
2.818901201201201090e+01	5.000000000000000000e-01	5.394690676985955946e-01
2.834917117117117158e+01	5.000000000000000000e-01	5.396408998084609721e-01
2.850933033033033226e+01	5.000000000000000000e-01	5.398117034562002203e-01
2.866948948948948939e+01	5.000000000000000000e-01	5.399814847728308109e-01
2.882964864864865007e+01	5.000000000000000000e-01	5.401502498531272067e-01
2.898980780780780719e+01	5.000000000000000000e-01	5.403180047558073795e-01
2.914996696696696787e+01	5.000000000000000000e-01	5.404847555037672890e-01
2.931012612612612500e+01	5.000456987333248282e-01	5.406505080842602950e-01
2.947028528528528568e+01	5.000980562638918103e-01	5.408152684491387419e-01
2.963044444444444636e+01	5.001505408676241160e-01	5.409790425150333704e-01
2.979060360360360349e+01	5.002031528432810958e-01	5.411418361635664809e-01
2.995076276276276417e+01	5.002558924902766879e-01	5.413036552415597669e-01
3.011092192192192130e+01	5.003087601086810832e-01	5.414645055612368196e-01
3.027108108108108198e+01	5.003617559992215025e-01	5.416243929004167512e-01
3.043124024024023910e+01	5.004148804632834180e-01	5.417833230027220281e-01
3.059139939939939978e+01	5.004681338029121074e-01	5.419413015777720943e-01
3.075155855855856046e+01	5.005215163208135420e-01	5.420983343013983102e-01
3.091171771771771759e+01	5.005750283203556084e-01	5.422544268158091540e-01
3.107187687687687827e+01	5.006286701055694399e-01	5.424095847298158191e-01
3.123203603603603540e+01	5.006824419811505278e-01	5.425638136190151783e-01
3.139219519519519608e+01	5.007363442524600528e-01	5.427171190259834077e-01
3.155235435435435321e+01	5.007903772255257735e-01	5.428695064604678322e-01
3.171251351351351389e+01	5.008445412070438030e-01	5.430209813995805490e-01
3.187267267267267101e+01	5.008988365043790525e-01	5.431715492879902740e-01
3.203283183183182814e+01	5.009532634255672301e-01	5.433212155381088593e-01
3.219299099099098527e+01	5.010078222793153957e-01	5.434699855302813631e-01
3.235315015015014950e+01	5.010625133750036264e-01	5.436178646129743441e-01
3.251330930930930663e+01	5.011173370226860158e-01	5.437648581029570494e-01
3.267346846846846375e+01	5.011722935330920059e-01	5.439109712854897083e-01
3.283362762762762088e+01	5.012273832176271648e-01	5.440562094145118266e-01
3.299378678678678511e+01	5.012826063883751848e-01	5.442005777128162691e-01
3.315394594594594224e+01	5.013379633580985484e-01	5.443440813722428828e-01
3.331410510510509937e+01	5.013934544402397497e-01	5.444867255538436979e-01
3.347426426426426360e+01	5.014490799489227379e-01	5.446285153880801033e-01
3.363442342342342073e+01	5.015048401989539162e-01	5.447694559749933774e-01
3.379458258258257786e+01	5.015607355058234740e-01	5.449095523843734412e-01
3.395474174174173498e+01	5.016167661857067195e-01	5.450488096559578111e-01
3.411490090090089922e+01	5.016729325554651897e-01	5.451872327995861411e-01
3.427506006006005634e+01	5.017292349326476497e-01	5.453248267953885176e-01
3.443521921921921347e+01	5.017856736354917579e-01	5.454615965939488831e-01
3.459537837837837770e+01	5.018422489829248434e-01	5.455975471164933310e-01
3.475553753753753483e+01	5.018989612945654599e-01	5.457326832550428719e-01
3.491569669669669196e+01	5.019558108907244964e-01	5.458670098726017272e-01
3.507585585585584909e+01	5.020127980924063982e-01	5.460005318033136490e-01
3.523601501501501332e+01	5.020699232213102770e-01	5.461332538526342262e-01
3.539617417417417045e+01	5.021271865998314654e-01	5.462651807975156260e-01
3.555633333333332757e+01	5.021845885510621832e-01	5.463963173865433731e-01
3.571649249249249181e+01	5.022421293987934243e-01	5.465266683401281966e-01
3.587665165165164893e+01	5.022998094675158454e-01	5.466562383506552436e-01
3.603681081081080606e+01	5.023576290824207646e-01	5.467850320826617150e-01
3.619696996996996319e+01	5.024155885694018275e-01	5.469130541729931849e-01
3.635712912912912742e+01	5.024736882550560058e-01	5.470403092309563675e-01
3.651728828828828455e+01	5.025319284666850406e-01	5.471668018384967525e-01
3.667744744744744168e+01	5.025903095322962200e-01	5.472925365503567008e-01
3.683760660660660591e+01	5.026488317806040440e-01	5.474175178942246589e-01
3.699776576576576304e+01	5.027074955410314461e-01	5.475417503709003597e-01
3.715792492492492016e+01	5.027663011437105700e-01	5.476652384544564711e-01
3.731808408408407729e+01	5.028252489194845465e-01	5.477879865923842573e-01
3.747824324324324152e+01	5.028843391999084922e-01	5.479099992057641089e-01
3.763840240240239865e+01	5.029435723172507311e-01	5.480312806894129807e-01
3.779856156156155578e+01	5.030029486044940157e-01	5.481518354120265002e-01
3.795872072072072001e+01	5.030624683953369702e-01	5.482716677163601560e-01
3.811887987987987714e+01	5.031221320241949790e-01	5.483907819193625244e-01
3.827903903903903426e+01	5.031819398262015186e-01	5.485091823123209309e-01
3.843919819819819139e+01	5.032418921372099341e-01	5.486268731610302041e-01
3.859935735735735562e+01	5.033019892937936612e-01	5.487438587059330075e-01
3.875951651651651275e+01	5.033622316332484470e-01	5.488601431622672777e-01
3.891967567567566988e+01	5.034226194935929044e-01	5.489757307202189907e-01
3.907983483483483411e+01	5.034831532135704002e-01	5.490906255450660467e-01
3.923999399399399124e+01	5.035438331326492767e-01	5.492048317773239319e-01
3.940015315315314837e+01	5.036046595910255164e-01	5.493183535328984846e-01
3.956031231231230549e+01	5.036656329296225199e-01	5.494311949032208986e-01
3.972047147147146973e+01	5.037267534900935484e-01	5.495433599553933846e-01
3.988063063063062685e+01	5.037880216148220569e-01	5.496548527323437128e-01
4.004078978978978398e+01	5.038494376469235814e-01	5.497656772529513347e-01
4.020094894894894821e+01	5.039110019302465160e-01	5.498758375122001496e-01
4.036110810810810534e+01	5.039727148093737785e-01	5.499853374813117313e-01
4.052126726726726247e+01	5.040345766296236985e-01	5.500941811078874366e-01
4.068142642642641960e+01	5.040965877370515713e-01	5.502023723160593960e-01
4.084158558558558383e+01	5.041587484784506579e-01	5.503099150066024237e-01
4.100174474474474096e+01	5.042210592013532944e-01	5.504168130570974427e-01
4.116190390390389808e+01	5.042835202540326689e-01	5.505230703220540533e-01
4.132206306306306232e+01	5.043461319855035985e-01	5.506286906330526421e-01
4.148222222222221944e+01	5.044088947455240834e-01	5.507336777988687260e-01
4.164238138138137657e+01	5.044718088845961956e-01	5.508380356056239435e-01
4.180254054054053370e+01	5.045348747539677436e-01	5.509417678169086230e-01
4.196269969969969793e+01	5.045980927056330501e-01	5.510448781739150093e-01
4.212285885885885506e+01	5.046614630923347278e-01	5.511473703955669379e-01
4.228301801801801219e+01	5.047249862675644572e-01	5.512492481786637200e-01
4.244317717717717642e+01	5.047886625855645404e-01	5.513505151979920527e-01
4.260333633633633355e+01	5.048524924013291226e-01	5.514511751064787859e-01
4.276349549549549067e+01	5.049164760706051913e-01	5.515512315352921746e-01
4.292365465465464780e+01	5.049806139498941304e-01	5.516506880939946456e-01
4.308381381381381203e+01	5.050449063964528307e-01	5.517495483706493786e-01
4.324397297297296916e+01	5.051093537682947998e-01	5.518478159319712972e-01
4.340413213213212629e+01	5.051739564241918279e-01	5.519454943234300970e-01
4.356429129129129052e+01	5.052387147236746534e-01	5.520425870693888015e-01
4.372445045045044765e+01	5.053036290270348507e-01	5.521390976732210021e-01
4.388460960960960477e+01	5.053686996953254962e-01	5.522350296174387552e-01
4.404476876876876190e+01	5.054339270903629444e-01	5.523303863638169275e-01
4.420492792792792613e+01	5.054993115747274945e-01	5.524251713535139885e-01
4.436508708708708326e+01	5.055648535117652775e-01	5.525193880071892494e-01
4.452524624624624039e+01	5.056305532655891444e-01	5.526130397251343140e-01
4.468540540540540462e+01	5.056964112010796653e-01	5.527061298873796602e-01
4.484556456456456175e+01	5.057624276838871280e-01	5.527986618538260899e-01
4.500572372372371888e+01	5.058286030804319822e-01	5.528906389643548636e-01
4.516588288288287600e+01	5.058949377579067264e-01	5.529820645389555978e-01
4.532604204204204024e+01	5.059614320842767965e-01	5.530729418778381756e-01
4.548620120120119736e+01	5.060280864282817870e-01	5.531632742615393283e-01
4.564636036036035449e+01	5.060949011594368940e-01	5.532530649510611909e-01
4.580651951951951872e+01	5.061618766480343590e-01	5.533423171879672253e-01
4.596667867867867585e+01	5.062290132651440233e-01	5.534310341945101186e-01
4.612683783783783298e+01	5.062963113826153272e-01	5.535192191737330347e-01
4.628699699699699011e+01	5.063637713730781975e-01	5.536068753095975126e-01
4.644715615615615434e+01	5.064313936099443803e-01	5.536940057670811655e-01
4.660731531531531147e+01	5.064991784674084396e-01	5.537806136923038025e-01
4.676747447447446859e+01	5.065671263204495345e-01	5.538667022126322337e-01
4.692763363363363283e+01	5.066352375448321954e-01	5.539522744367886276e-01
4.708779279279278995e+01	5.067035125171078791e-01	5.540373334549659745e-01
4.724795195195194708e+01	5.067719516146160785e-01	5.541218823389328918e-01
4.740811111111110421e+01	5.068405552154854332e-01	5.542059241421473104e-01
4.756827027027026844e+01	5.069093236986352835e-01	5.542894618998666090e-01
4.772842942942942557e+01	5.069782574437768918e-01	5.543724986292417611e-01
4.788858858858858270e+01	5.070473568314143309e-01	5.544550373294399037e-01
4.804874774774774693e+01	5.071166222428460379e-01	5.545370809817491420e-01
4.820890690690690406e+01	5.071860540601663692e-01	5.546186325496691438e-01
4.836906606606606118e+01	5.072556526662659326e-01	5.546996949790319320e-01
4.852922522522521831e+01	5.073254184448336979e-01	5.547802711981031365e-01
4.868938438438438254e+01	5.073953517803581059e-01	5.548603641176885759e-01
4.884954354354353967e+01	5.074654530581278467e-01	5.549399766312195226e-01
4.900970270270269680e+01	5.075357226642336350e-01	5.550191116148841530e-01
4.916986186186186103e+01	5.076061609855692103e-01	5.550977719277110367e-01
4.933002102102101816e+01	5.076767684098326683e-01	5.551759604116686120e-01
4.949018018018017528e+01	5.077475453255273496e-01	5.552536798917788730e-01
4.965033933933933241e+01	5.078184921219639492e-01	5.553309331762061873e-01
4.981049849849849664e+01	5.078896091892608489e-01	5.554077230563674306e-01
4.997065765765765377e+01	5.079608969183457834e-01	5.554840523070172509e-01
5.013081681681681090e+01	5.080323557009572832e-01	5.555599236863670853e-01
5.029097597597597513e+01	5.081039859296453409e-01	5.556353399361633194e-01
5.045113513513513226e+01	5.081757879977731873e-01	5.557103037817938684e-01
5.061129429429428939e+01	5.082477622995184019e-01	5.557848179323805482e-01
5.077145345345344651e+01	5.083199092298741339e-01	5.558588850808874327e-01
5.093161261261261075e+01	5.083922291846501018e-01	5.559325079042043427e-01
5.109177177177176787e+01	5.084647225604741472e-01	5.560056890632409932e-01
5.125193093093092500e+01	5.085373897547936783e-01	5.560784312030353504e-01
5.141209009009008923e+01	5.086102311658763364e-01	5.561507369528282396e-01
5.157224924924924636e+01	5.086832471928115496e-01	5.562226089261788076e-01
5.173240840840840349e+01	5.087564382355118653e-01	5.562940497210373536e-01
5.189256756756756062e+01	5.088298046947141717e-01	5.563650619198536873e-01
5.205272672672672485e+01	5.089033469719804748e-01	5.564356480896552881e-01
5.221288588588588198e+01	5.089770654697001184e-01	5.565058107821485578e-01
5.237304504504503910e+01	5.090509605910898960e-01	5.565755525338147436e-01
5.253320420420420334e+01	5.091250327401961595e-01	5.566448758659792162e-01
5.269336336336336046e+01	5.091992823218957076e-01	5.567137832849162749e-01
5.285352252252251759e+01	5.092737097418967851e-01	5.567822772819503996e-01
5.301368168168167472e+01	5.093483154067408591e-01	5.568503603335095420e-01
5.317384084084083895e+01	5.094230997238035075e-01	5.569180349012565756e-01
5.333399999999999608e+01	5.094980631012956396e-01	5.569853034321372576e-01
5.349415915915915321e+01	5.095732059482650511e-01	5.570521683584956918e-01
5.365431831831831744e+01	5.096485286745972010e-01	5.571186320981507123e-01
5.381447747747747457e+01	5.097240316910167657e-01	5.571846970544775957e-01
5.397463663663663169e+01	5.097997154090889715e-01	5.572503656164968788e-01
5.413479579579578882e+01	5.098755802412202609e-01	5.573156401589738351e-01
5.429495495495495305e+01	5.099516266006602905e-01	5.573805230424770940e-01
5.445511411411411018e+01	5.100278549015027085e-01	5.574450166134798934e-01
5.461527327327326731e+01	5.101042655586861541e-01	5.575091232044400158e-01
5.477543243243243154e+01	5.101808589879963662e-01	5.575728451338815006e-01
5.493559159159158867e+01	5.102576356060661844e-01	5.576361847064870148e-01
5.509575075075074579e+01	5.103345958303781016e-01	5.576991442131635779e-01
5.525590990990990292e+01	5.104117400792644865e-01	5.577617259311296039e-01
5.541606906906906715e+01	5.104890687719089160e-01	5.578239321240108239e-01
5.557622822822822428e+01	5.105665823283482840e-01	5.578857650419006831e-01
5.573638738738738141e+01	5.106442811694729134e-01	5.579472269214509339e-01
5.589654654654654564e+01	5.107221657170283313e-01	5.580083199859480203e-01
5.605670570570570277e+01	5.108002363936164913e-01	5.580690464454054478e-01
5.621686486486485990e+01	5.108784936226968831e-01	5.581294084966135216e-01
5.637702402402401702e+01	5.109569378285878649e-01	5.581894083232548098e-01
5.653718318318318126e+01	5.110355694364677737e-01	5.582490480959467760e-01
5.669734234234233838e+01	5.111143888723761464e-01	5.583083299723501369e-01
5.685750150150149551e+01	5.111933965632150523e-01	5.583672560972168242e-01
5.701766066066065974e+01	5.112725929367502031e-01	5.584258286024965656e-01
5.717781981981981687e+01	5.113519784216120634e-01	5.584840496073866234e-01
5.733797897897897400e+01	5.114315534472975155e-01	5.585419212184277171e-01
5.749813813813813113e+01	5.115113184441706373e-01	5.585994455295608674e-01
5.765829729729729536e+01	5.115912738434638118e-01	5.586566246222144372e-01
5.781845645645645249e+01	5.116714200772795040e-01	5.587134605653822916e-01
5.797861561561560961e+01	5.117517575785909267e-01	5.587699554156841941e-01
5.813877477477477385e+01	5.118322867812435950e-01	5.588261112174510714e-01
5.829893393393393097e+01	5.119130081199563254e-01	5.588819300027871861e-01
5.845909309309308810e+01	5.119939220303224570e-01	5.589374137916571783e-01
5.861925225225224523e+01	5.120750289488114060e-01	5.589925645919464614e-01
5.877941141141140946e+01	5.121563293127692207e-01	5.590473843995376058e-01
5.893957057057056659e+01	5.122378235604204688e-01	5.591018751983725110e-01
5.909972972972972372e+01	5.123195121308687927e-01	5.591560389605483294e-01
5.925988888888888795e+01	5.124013954640986857e-01	5.592098776463547694e-01
5.942004804804804508e+01	5.124834740009764911e-01	5.592633932043735712e-01
5.958020720720720220e+01	5.125657481832512907e-01	5.593165875715282453e-01
5.974036636636635933e+01	5.126482184535565700e-01	5.593694626731640085e-01
5.990052552552552356e+01	5.127308852554111063e-01	5.594220204231099558e-01
6.006068468468468069e+01	5.128137490332203008e-01	5.594742627237536681e-01
6.022084384384383782e+01	5.128968102322775113e-01	5.595261914661104896e-01
6.038100300300300205e+01	5.129800692987646071e-01	5.595778085298785953e-01
6.054116216216215918e+01	5.130635266797541894e-01	5.596291157835189267e-01
6.070132132132131630e+01	5.131471828232097021e-01	5.596801150843209172e-01
6.086148048048047343e+01	5.132310381779873198e-01	5.597308082784664407e-01
6.102163963963963766e+01	5.133150931938370576e-01	5.597811972010866555e-01
6.118179879879879479e+01	5.133993483214037701e-01	5.598312836763525979e-01
6.134195795795795192e+01	5.134838040122281511e-01	5.598810695175089336e-01
6.150211711711711615e+01	5.135684607187485096e-01	5.599305565269627749e-01
6.166227627627627328e+01	5.136533188943013251e-01	5.599797464963423010e-01
6.182243543543543041e+01	5.137383789931228018e-01	5.600286412065571540e-01
6.198259459459458753e+01	5.138236414703498678e-01	5.600772424278552819e-01
6.214275375375375177e+01	5.139091067820216185e-01	5.601255519199082045e-01
6.230291291291290889e+01	5.139947753850798717e-01	5.601735714318536452e-01
6.246307207207206602e+01	5.140806477373711658e-01	5.602213027023648095e-01
6.262323123123122315e+01	5.141667242976473151e-01	5.602687474597161099e-01
6.278339039039038738e+01	5.142530055255667421e-01	5.603159074218435620e-01
6.294354954954954451e+01	5.143394918816956984e-01	5.603627842964051808e-01
6.310370870870870164e+01	5.144261838275092646e-01	5.604093797808324950e-01
6.326386786786786587e+01	5.145130818253930149e-01	5.604556955624158121e-01
6.342402702702702300e+01	5.146001863386434616e-01	5.605017333183415218e-01
6.358418618618618012e+01	5.146874978314694982e-01	5.605474947157595977e-01
6.374434534534533725e+01	5.147750167689938428e-01	5.605929814118510990e-01
6.390450450450450148e+01	5.148627436172538152e-01	5.606381950538761316e-01
6.406466366366366572e+01	5.149506788432026694e-01	5.606831372792377977e-01
6.422482282282282995e+01	5.150388229147104813e-01	5.607278097155372620e-01
6.438498198198197997e+01	5.151271763005659254e-01	5.607722139806483597e-01
6.454514114114114420e+01	5.152157394704767190e-01	5.608163516827548989e-01
6.470530030030030844e+01	5.153045128950708431e-01	5.608602244204128340e-01
6.486545945945945846e+01	5.153934970458983189e-01	5.609038337826142140e-01
6.502561861861862269e+01	5.154826923954316520e-01	5.609471813488458025e-01
6.518577777777778692e+01	5.155720994170672755e-01	5.609902686891388157e-01
6.534593693693693695e+01	5.156617185851265495e-01	5.610330973641222130e-01
6.550609609609610118e+01	5.157515503748569818e-01	5.610756689250955276e-01
6.566625525525525120e+01	5.158415952624335610e-01	5.611179849140608411e-01
6.582641441441441543e+01	5.159318537249593106e-01	5.611600468637973904e-01
6.598657357357357967e+01	5.160223262404669553e-01	5.612018562979113057e-01
6.614673273273272969e+01	5.161130132879199195e-01	5.612434147308835719e-01
6.630689189189189392e+01	5.162039153472133268e-01	5.612847236681339780e-01
6.646705105105105815e+01	5.162950328991749993e-01	5.613257846060673018e-01
6.662721021021020817e+01	5.163863664255669006e-01	5.613665990321354826e-01
6.678736936936937241e+01	5.164779164090861352e-01	5.614071684248784777e-01
6.694752852852853664e+01	5.165696833333658367e-01	5.614474942539917635e-01
6.710768768768768666e+01	5.166616676829764998e-01	5.614875779803707445e-01
6.726784684684685089e+01	5.167538699434270910e-01	5.615274210561622681e-01
6.742800600600601513e+01	5.168462906011661584e-01	5.615670249248196910e-01
6.758816516516516515e+01	5.169389301435824979e-01	5.616063910211561705e-01
6.774832432432432938e+01	5.170317890590071519e-01	5.616455207713979547e-01
6.790848348348347940e+01	5.171248678367132978e-01	5.616844155932252391e-01
6.806864264264264364e+01	5.172181669669186910e-01	5.617230768958290099e-01
6.822880180180180787e+01	5.173116869407854423e-01	5.617615060799732163e-01
6.838896096096095789e+01	5.174054282504222391e-01	5.617997045380231924e-01
6.854912012012012212e+01	5.174993913888845665e-01	5.618376736540131589e-01
6.870927927927928636e+01	5.175935768501761514e-01	5.618754148036853024e-01
6.886943843843843638e+01	5.176879851292501833e-01	5.619129293545537251e-01
6.902959759759760061e+01	5.177826167220100917e-01	5.619502186659257603e-01
6.918975675675676484e+01	5.178774721253108781e-01	5.619872840889854615e-01
6.934991591591591487e+01	5.179725518369597825e-01	5.620241269668238004e-01
6.951007507507507910e+01	5.180678563557178373e-01	5.620607486344759707e-01
6.967023423423424333e+01	5.181633861813007558e-01	5.620971504189924417e-01
6.983039339339339335e+01	5.182591418143797091e-01	5.621333336394762625e-01
6.999055255255255759e+01	5.183551237565827696e-01	5.621692996071292470e-01
7.015071171171170761e+01	5.184513325104959103e-01	5.622050496252946061e-01
7.031087087087087184e+01	5.185477685796636704e-01	5.622405849895155683e-01
7.047103003003003607e+01	5.186444324685907104e-01	5.622759069875762350e-01
7.063118918918918610e+01	5.187413246827424773e-01	5.623110168995442137e-01
7.079134834834835033e+01	5.188384457285466489e-01	5.623459159978221322e-01
7.095150750750751456e+01	5.189357961133935770e-01	5.623806055471902710e-01
7.111166666666666458e+01	5.190333763456378424e-01	5.624150868048563012e-01
7.127182582582582882e+01	5.191311869345991425e-01	5.624493610204925886e-01
7.143198498498499305e+01	5.192292283905632910e-01	5.624834294362877074e-01
7.159214414414414307e+01	5.193275012247831057e-01	5.625172932869961784e-01
7.175230330330330730e+01	5.194260059494795190e-01	5.625509537999580090e-01
7.191246246246247154e+01	5.195247430778429099e-01	5.625844121951839583e-01
7.207262162162162156e+01	5.196237131240335483e-01	5.626176696853555370e-01
7.223278078078078579e+01	5.197229166031830383e-01	5.626507274759084964e-01
7.239293993993993581e+01	5.198223540313952062e-01	5.626835867650399337e-01
7.255309909909910004e+01	5.199220259257467669e-01	5.627162487437811222e-01
7.271325825825826428e+01	5.200219328042892108e-01	5.627487145960206050e-01
7.287341741741741430e+01	5.201220751860486935e-01	5.627809854985592608e-01
7.303357657657657853e+01	5.202224535910278114e-01	5.628130626211422793e-01
7.319373573573574276e+01	5.203230685402062683e-01	5.628449471265142279e-01
7.335389489489489279e+01	5.204239205555419856e-01	5.628766401704456968e-01
7.351405405405405702e+01	5.205250101599718793e-01	5.629081429017848137e-01
7.367421321321322125e+01	5.206263378774133033e-01	5.629394564624963238e-01
7.383437237237237127e+01	5.207279042327642715e-01	5.629705819877042217e-01
7.399453153153153551e+01	5.208297097519052343e-01	5.630015206057326083e-01
7.415469069069069974e+01	5.209317549616994114e-01	5.630322734381394412e-01
7.431484984984984976e+01	5.210340403899941242e-01	5.630628415997662728e-01
7.447500900900901399e+01	5.211365665656216839e-01	5.630932261987720011e-01
7.463516816816816402e+01	5.212393340184003909e-01	5.631234283366772786e-01
7.479532732732732825e+01	5.213423432791349788e-01	5.631534491084018157e-01
7.495548648648649248e+01	5.214455948796185014e-01	5.631832896022999080e-01
7.511564564564564250e+01	5.215490893526324445e-01	5.632129509002119505e-01
7.527580480480480674e+01	5.216528272319480575e-01	5.632424340774893068e-01
7.543596396396397097e+01	5.217568090523271307e-01	5.632717402030404941e-01
7.559612312312312099e+01	5.218610353495232168e-01	5.633008703393702632e-01
7.575628228228228522e+01	5.219655066602820748e-01	5.633298255426097967e-01
7.591644144144144946e+01	5.220702235223430021e-01	5.633586068625664467e-01
7.607660060060059948e+01	5.221751864744395011e-01	5.633872153427574858e-01
7.623675975975976371e+01	5.222803960563004999e-01	5.634156520204420815e-01
7.639691891891892794e+01	5.223858528086509079e-01	5.634439179266603759e-01
7.655707807807807797e+01	5.224915572732125035e-01	5.634720140862796711e-01
7.671723723723724220e+01	5.225975099927053780e-01	5.634999415180192983e-01
7.687739639639639222e+01	5.227037115108482679e-01	5.635277012344950265e-01
7.703755555555555645e+01	5.228101623723594438e-01	5.635552942422581424e-01
7.719771471471472069e+01	5.229168631229580422e-01	5.635827215418167668e-01
7.735787387387387071e+01	5.230238143093646208e-01	5.636099841276891453e-01
7.751803303303303494e+01	5.231310164793020467e-01	5.636370829884356226e-01
7.767819219219219917e+01	5.232384701814964956e-01	5.636640191066781824e-01
7.783835135135134919e+01	5.233461759656781176e-01	5.636907934591572911e-01
7.799851051051051343e+01	5.234541343825823700e-01	5.637174070167674245e-01
7.815866966966967766e+01	5.235623459839500171e-01	5.637438607445623973e-01
7.831882882882882768e+01	5.236708113225290173e-01	5.637701556018299698e-01
7.847898798798799191e+01	5.237795309520745235e-01	5.637962925421007299e-01
7.863914714714715615e+01	5.238885054273502151e-01	5.638222725131800672e-01
7.879930630630630617e+01	5.239977353041289643e-01	5.638480964572050169e-01
7.895946546546547040e+01	5.241072211391936131e-01	5.638737653106655756e-01
7.911962462462462042e+01	5.242169634903380837e-01	5.638992800044224651e-01
7.927978378378378466e+01	5.243269629163677115e-01	5.639246414637693050e-01
7.943994294294294889e+01	5.244372199771005771e-01	5.639498506084485996e-01
7.960010210210209891e+01	5.245477352333680621e-01	5.639749083526872653e-01
7.976026126126126314e+01	5.246585092470156253e-01	5.639998156052339340e-01
7.992042042042042738e+01	5.247695425809038028e-01	5.640245732693891512e-01
8.008057957957957740e+01	5.248808357989087625e-01	5.640491822430302449e-01
8.024073873873874163e+01	5.249923894659231927e-01	5.640736434186663928e-01
8.040089789789790586e+01	5.251042041478573008e-01	5.640979576834421749e-01
8.056105705705705589e+01	5.252162804116392580e-01	5.641221259191855353e-01
8.072121621621622012e+01	5.253286188252160871e-01	5.641461490024433090e-01
8.088137537537538435e+01	5.254412199575546616e-01	5.641700278045007622e-01
8.104153453453453437e+01	5.255540843786421501e-01	5.641937631914242246e-01
8.120169369369369861e+01	5.256672126594870154e-01	5.642173560240824060e-01
8.136185285285284863e+01	5.257806053721194584e-01	5.642408071581819229e-01
8.152201201201201286e+01	5.258942630895927506e-01	5.642641174443046026e-01
8.168217117117117709e+01	5.260081863859832341e-01	5.642872877279252464e-01
8.184233033033032712e+01	5.261223758363917646e-01	5.643103188494489331e-01
8.200248948948949135e+01	5.262368320169439340e-01	5.643332116442536517e-01
8.216264864864865558e+01	5.263515555047908467e-01	5.643559669426867487e-01
8.232280780780780560e+01	5.264665468781103419e-01	5.643785855701359822e-01
8.248296696696696984e+01	5.265818067161071037e-01	5.644010683470295220e-01
8.264312612612613407e+01	5.266973355990137717e-01	5.644234160888785823e-01
8.280328528528528409e+01	5.268131341080912744e-01	5.644456296063022904e-01
8.296344444444444832e+01	5.269292028256299387e-01	5.644677097050596615e-01
8.312360360360359834e+01	5.270455423349499346e-01	5.644896571860815726e-01
8.328376276276276258e+01	5.271621532204019411e-01	5.645114728454849740e-01
8.344392192192192681e+01	5.272790360673680343e-01	5.645331574746244030e-01
8.360408108108107683e+01	5.273961914622621316e-01	5.645547118601044190e-01
8.376424024024024106e+01	5.275136199925308800e-01	5.645761367838044720e-01
8.392439939939940530e+01	5.276313222466540998e-01	5.645974330229304172e-01
8.408455855855855532e+01	5.277492988141455621e-01	5.646186013500145151e-01
8.424471771771771955e+01	5.278675502855535440e-01	5.646396425329562874e-01
8.440487687687688378e+01	5.279860772524618273e-01	5.646605573350598206e-01
8.456503603603603381e+01	5.281048803074896991e-01	5.646813465150408717e-01
8.472519519519519804e+01	5.282239600442931726e-01	5.647020108270677241e-01
8.488535435435436227e+01	5.283433170575654314e-01	5.647225510207860566e-01
8.504551351351351229e+01	5.284629519430370514e-01	5.647429678413473653e-01
8.520567267267267653e+01	5.285828652974774444e-01	5.647632620294320560e-01
8.536583183183182655e+01	5.287030577186946356e-01	5.647834343212743136e-01
8.552599099099099078e+01	5.288235298055362632e-01	5.648034854486976286e-01
8.568615015015015501e+01	5.289442821578902443e-01	5.648234161391361141e-01
8.584630930930930504e+01	5.290653153766849970e-01	5.648432271156575979e-01
8.600646846846846927e+01	5.291866300638906617e-01	5.648629190969955971e-01
8.616662762762763350e+01	5.293082268225187681e-01	5.648824927975670818e-01
8.632678678678678352e+01	5.294301062566236782e-01	5.649019489275115546e-01
8.648694594594594776e+01	5.295522689713025866e-01	5.649212881927034857e-01
8.664710510510511199e+01	5.296747155726961864e-01	5.649405112947807339e-01
8.680726426426426201e+01	5.297974466679895578e-01	5.649596189311818506e-01
8.696742342342342624e+01	5.299204628654121674e-01	5.649786117951585140e-01
8.712758258258259048e+01	5.300437647742387570e-01	5.649974905757950694e-01
8.728774174174174050e+01	5.301673530047896765e-01	5.650162559580476085e-01
8.744790090090090473e+01	5.302912281684316609e-01	5.650349086227706152e-01
8.760806006006005475e+01	5.304153908775779414e-01	5.650534492467258474e-01
8.776821921921921899e+01	5.305398417456892446e-01	5.650718785026178637e-01
8.792837837837838322e+01	5.306645813872739037e-01	5.650901970591153400e-01
8.808853753753753324e+01	5.307896104178883023e-01	5.651084055808741624e-01
8.824869669669669747e+01	5.309149294541377628e-01	5.651265047285640719e-01
8.840885585585586171e+01	5.310405391136765463e-01	5.651444951588917576e-01
8.856901501501501173e+01	5.311664400152087406e-01	5.651623775246275017e-01
8.872917417417417596e+01	5.312926327784884828e-01	5.651801524746211669e-01
8.888933333333334019e+01	5.314191180243202917e-01	5.651978206538235128e-01
8.904949249249249021e+01	5.315458963745597343e-01	5.652153827033359335e-01
8.920965165165165445e+01	5.316729684521138699e-01	5.652328392603891416e-01
8.936981081081081868e+01	5.318003348809415831e-01	5.652501909584106699e-01
8.952996996996996870e+01	5.319279962860540278e-01	5.652674384270159891e-01
8.969012912912913293e+01	5.320559532935148495e-01	5.652845822920493646e-01
8.985028828828828296e+01	5.321842065304409619e-01	5.653016231755927379e-01
9.001044744744744719e+01	5.323127566250027698e-01	5.653185616960065829e-01
9.017060660660661142e+01	5.324416042064243904e-01	5.653353984679352351e-01
9.033076576576576144e+01	5.325707499049842086e-01	5.653521341023299840e-01
9.049092492492492568e+01	5.327001943520153215e-01	5.653687692064881531e-01
9.065108408408408991e+01	5.328299381799056489e-01	5.653853043840531001e-01
9.081124324324323993e+01	5.329599820220987105e-01	5.654017402350497434e-01
9.097140240240240416e+01	5.330903265130932933e-01	5.654180773559094320e-01
9.113156156156156840e+01	5.332209722884445613e-01	5.654343163394734972e-01
9.129172072072071842e+01	5.333519199847638337e-01	5.654504577750323335e-01
9.145187987987988265e+01	5.334831702397192510e-01	5.654665022483431613e-01
9.161203903903904688e+01	5.336147236920357750e-01	5.654824503416371329e-01
9.177219819819819691e+01	5.337465809814957440e-01	5.654983026336690699e-01
9.193235735735736114e+01	5.338787427489390947e-01	5.655140596997068059e-01
9.209251651651651116e+01	5.340112096362634730e-01	5.655297221115684891e-01
9.225267567567567539e+01	5.341439822864250120e-01	5.655452904376510048e-01
9.241283483483483963e+01	5.342770613434379978e-01	5.655607652429281984e-01
9.257299399399398965e+01	5.344104474523754256e-01	5.655761470889881792e-01
9.273315315315315388e+01	5.345441412593693320e-01	5.655914365340528605e-01
9.289331231231231811e+01	5.346781434116110177e-01	5.656066341329921698e-01
9.305347147147146813e+01	5.348124545573508248e-01	5.656217404373400370e-01
9.321363063063063237e+01	5.349470753458992478e-01	5.656367559953316970e-01
9.337378978978979660e+01	5.350820064276263777e-01	5.656516813519019138e-01
9.353394894894894662e+01	5.352172484539624575e-01	5.656665170487276129e-01
9.369410810810811086e+01	5.353528020773977714e-01	5.656812636242225523e-01
9.385426726726727509e+01	5.354886679514835324e-01	5.656959216135799551e-01
9.401442642642642511e+01	5.356248467308312167e-01	5.657104915487671803e-01
9.417458558558558934e+01	5.357613390711133405e-01	5.657249739585790138e-01
9.433474474474473936e+01	5.358981456290632384e-01	5.657393693686181280e-01
9.449490390390390360e+01	5.360352670624755067e-01	5.657536783013465964e-01
9.465506306306306783e+01	5.361727040302060043e-01	5.657679012760805648e-01
9.481522222222221785e+01	5.363104571921720742e-01	5.657820388090311070e-01
9.497538138138138208e+01	5.364485272093524326e-01	5.657960914132971197e-01
9.513554054054054632e+01	5.365869147437876130e-01	5.658100595989115078e-01
9.529569969969969634e+01	5.367256204585798551e-01	5.658239438728376314e-01
9.545585885885886057e+01	5.368646450178933272e-01	5.658377447389977277e-01
9.561601801801802480e+01	5.370039890869540145e-01	5.658514626982977802e-01
9.577617717717717483e+01	5.371436533320501638e-01	5.658650982486275183e-01
9.593633633633633906e+01	5.372836384205317284e-01	5.658786518848888392e-01
9.609649549549550329e+01	5.374239450208113666e-01	5.658921240990171242e-01
9.625665465465465331e+01	5.375645738023633324e-01	5.659055153800007787e-01
9.641681381381381755e+01	5.377055254357245850e-01	5.659188262138830083e-01
9.657697297297296757e+01	5.378468005924942341e-01	5.659320570837920172e-01
9.673713213213213180e+01	5.379883999453335397e-01	5.659452084699623242e-01
9.689729129129129603e+01	5.381303241679661342e-01	5.659582808497400919e-01
9.705745045045044606e+01	5.382725739351779115e-01	5.659712746976115483e-01
9.721760960960961029e+01	5.384151499228171378e-01	5.659841904852100924e-01
9.737776876876877452e+01	5.385580528077942297e-01	5.659970286813393869e-01
9.753792792792792454e+01	5.387012832680818653e-01	5.660097897519946741e-01
9.769808708708708878e+01	5.388448419827148728e-01	5.660224741603645526e-01
9.785824624624625301e+01	5.389887296317902310e-01	5.660350823668629516e-01
9.801840540540540303e+01	5.391329468964668470e-01	5.660476148291468945e-01
9.817856456456456726e+01	5.392774944589656672e-01	5.660600720021129462e-01
9.833872372372373150e+01	5.394223730025696772e-01	5.660724543379416218e-01
9.849888288288288152e+01	5.395675832116233472e-01	5.660847622860831763e-01
9.865904204204204575e+01	5.397131257715331865e-01	5.660969962933037891e-01
9.881920120120119577e+01	5.398590013687669664e-01	5.661091568036802357e-01
9.897936036036036000e+01	5.400052106908539429e-01	5.661212442586318616e-01
9.913951951951952424e+01	5.401517544263848558e-01	5.661332590969134770e-01
9.929967867867867426e+01	5.402986332650112633e-01	5.661452017546633186e-01
9.945983783783783849e+01	5.404458478974458746e-01	5.661570726653923913e-01
9.961999699699700273e+01	5.405933990154623281e-01	5.661688722600111134e-01
9.978015615615615275e+01	5.407412873118945251e-01	5.661806009668399753e-01
9.994031531531531698e+01	5.408895134806369631e-01	5.661922592116361841e-01
1.001004744744744812e+02	5.410380782166445135e-01	5.662038474175954406e-01
1.002606336336336312e+02	5.411869822159317556e-01	5.662153660053714788e-01
1.004207927927927955e+02	5.413362261755730875e-01	5.662268153931009351e-01
1.005809519519519597e+02	5.414858107937023934e-01	5.662381959964015721e-01
1.007411111111111097e+02	5.416357367695129321e-01	5.662495082284006997e-01
1.009012702702702740e+02	5.417860048032568931e-01	5.662607524997440578e-01
1.010614294294294240e+02	5.419366155962450637e-01	5.662719292186171316e-01
1.012215885885885882e+02	5.420875698508467178e-01	5.662830387907469287e-01
1.013817477477477524e+02	5.422388682704891716e-01	5.662940816194321769e-01
1.015419069069069025e+02	5.423905115596576731e-01	5.663050581055451005e-01
1.017020660660660667e+02	5.425425004238950688e-01	5.663159686475562893e-01
1.018622252252252309e+02	5.426948355698006932e-01	5.663268136415364751e-01
1.020223843843843810e+02	5.428475177050314793e-01	5.663375934811920587e-01
1.021825435435435452e+02	5.430005475383002933e-01	5.663483085578491227e-01
1.023427027027027094e+02	5.431539257793760456e-01	5.663589592604996170e-01
1.025028618618618594e+02	5.433076531390834685e-01	5.663695459757942530e-01
1.026630210210210237e+02	5.434617303293025614e-01	5.663800690880531619e-01
1.028231801801801879e+02	5.436161580629680357e-01	5.663905289793085274e-01
1.029833393393393379e+02	5.437709370540690923e-01	5.664009260292850456e-01
1.031434984984985022e+02	5.439260680176489782e-01	5.664112606154318996e-01
1.033036576576576522e+02	5.440815516698042087e-01	5.664215331129298647e-01
1.034638168168168164e+02	5.442373887276847899e-01	5.664317438947108485e-01
1.036239759759759806e+02	5.443935799094929973e-01	5.664418933314649962e-01
1.037841351351351307e+02	5.445501259344831535e-01	5.664519817916602307e-01
1.039442942942942949e+02	5.447070275229617398e-01	5.664620096415493578e-01
1.041044534534534591e+02	5.448642853962855082e-01	5.664719772451860536e-01
1.042646126126126092e+02	5.450219002768624810e-01	5.664818849644426280e-01
1.044247717717717734e+02	5.451798728881503964e-01	5.664917331590153537e-01
1.045849309309309376e+02	5.453382039546564863e-01	5.665015221864369011e-01
1.047450900900900876e+02	5.454968942019369216e-01	5.665112524021029827e-01
1.049052492492492519e+02	5.456559443565961454e-01	5.665209241592688016e-01
1.050654084084084161e+02	5.458153551462863184e-01	5.665305378090685906e-01
1.052255675675675661e+02	5.459751272997068750e-01	5.665400937005315996e-01
1.053857267267267304e+02	5.461352615466036342e-01	5.665495921805892010e-01
1.055458858858858804e+02	5.462957586177684677e-01	5.665590335940926536e-01
1.057060450450450446e+02	5.464566192450381887e-01	5.665684182838202076e-01
1.058662042042042088e+02	5.466178441612943306e-01	5.665777465904895394e-01
1.060263633633633589e+02	5.467794341004623693e-01	5.665870188527772910e-01
1.061865225225225231e+02	5.469413897975109462e-01	5.665962354073297291e-01
1.063466816816816873e+02	5.471037119884512023e-01	5.666053965887609678e-01
1.065068408408408374e+02	5.472664014103358898e-01	5.666145027296849435e-01
1.066670000000000016e+02	5.474294588012592611e-01	5.666235541607171911e-01
1.068271591591591658e+02	5.475928849003555143e-01	5.666325512104855022e-01
1.069873183183183158e+02	5.477566804477983498e-01	5.666414942056441362e-01
1.071474774774774801e+02	5.479208461848005252e-01	5.666503834708898069e-01
1.073076366366366443e+02	5.480853828536126349e-01	5.666592193289670121e-01
1.074677957957957943e+02	5.482502911975225546e-01	5.666680021006804679e-01
1.076279549549549586e+02	5.484155719608544421e-01	5.666767321049182016e-01
1.077881141141141086e+02	5.485812258889680715e-01	5.666854096586408929e-01
1.079482732732732728e+02	5.487472537282579443e-01	5.666940350769120727e-01
1.081084324324324371e+02	5.489136562261521801e-01	5.667026086728998990e-01
1.082685915915915871e+02	5.490804341311122938e-01	5.667111307579055790e-01
1.084287507507507513e+02	5.492475881926314196e-01	5.667196016413384996e-01
1.085889099099099155e+02	5.494151191612343110e-01	5.667280216307695184e-01
1.087490690690690656e+02	5.495830277884755644e-01	5.667363910319167530e-01
1.089092282282282298e+02	5.497513148269393968e-01	5.667447101486580152e-01
1.090693873873873940e+02	5.499199810302383140e-01	5.667529792830521274e-01
1.092295465465465441e+02	5.500890271530122222e-01	5.667611987353371461e-01
1.093897057057057083e+02	5.502584539509274286e-01	5.667693688039587840e-01
1.095498648648648725e+02	5.504282621806758646e-01	5.667774897855633043e-01
1.097100240240240225e+02	5.505984525999736423e-01	5.667855619750152840e-01
1.098701831831831868e+02	5.507690259675603883e-01	5.667935856654136018e-01
1.100303423423423368e+02	5.509399830431980227e-01	5.668015611480932137e-01
1.101905015015015010e+02	5.511113245876700928e-01	5.668094887126429171e-01
1.103506606606606653e+02	5.512830513627798856e-01	5.668173686469053507e-01
1.105108198198198153e+02	5.514551641313503172e-01	5.668252012370036397e-01
1.106709789789789795e+02	5.516276636572219338e-01	5.668329867673378430e-01
1.108311381381381437e+02	5.518005507052525793e-01	5.668407255206027173e-01
1.109912972972972938e+02	5.519738260413157294e-01	5.668484177777912691e-01
1.111514564564564580e+02	5.521474904322993815e-01	5.668560638182125189e-01
1.113116156156156222e+02	5.523215446461051670e-01	5.668636639195003823e-01
1.114717747747747723e+02	5.524959894516469072e-01	5.668712183576172237e-01
1.116319339339339365e+02	5.526708256188497259e-01	5.668787274068680659e-01
1.117920930930931007e+02	5.528460539186484946e-01	5.668861913399148023e-01
1.119522522522522507e+02	5.530216751229866112e-01	5.668936104277779719e-01
1.121124114114114150e+02	5.531976900048148904e-01	5.669009849398545242e-01
1.122725705705705650e+02	5.533740993380904527e-01	5.669083151439178181e-01
1.124327297297297292e+02	5.535509038977752816e-01	5.669156013061407151e-01
1.125928888888888935e+02	5.537281044598347801e-01	5.669228436910920266e-01
1.127530480480480435e+02	5.539057018012365496e-01	5.669300425617507244e-01
1.129132072072072077e+02	5.540836966999491686e-01	5.669371981795254811e-01
1.130733663663663719e+02	5.542620899349408603e-01	5.669443108042440116e-01
1.132335255255255220e+02	5.544408822861779385e-01	5.669513806941779421e-01
1.133936846846846862e+02	5.546200745346234751e-01	5.669584081060534686e-01
1.135538438438438504e+02	5.547996674622360791e-01	5.669653932950424746e-01
1.137140030030030005e+02	5.549796618519683422e-01	5.669723365148016114e-01
1.138741621621621647e+02	5.551600584877653954e-01	5.669792380174456525e-01
1.140343213213213289e+02	5.553408581545632439e-01	5.669860980535919026e-01
1.141944804804804789e+02	5.555220616382878784e-01	5.669929168723388813e-01
1.143546396396396432e+02	5.557036697258533886e-01	5.669996947213000738e-01
1.145147987987987932e+02	5.558856832051604080e-01	5.670064318465932729e-01
1.146749579579579574e+02	5.560681028650945601e-01	5.670131284928654480e-01
1.148351171171171217e+02	5.562509294955253480e-01	5.670197849032891924e-01
1.149952762762762717e+02	5.564341638873042672e-01	5.670264013195769337e-01
1.151554354354354359e+02	5.566178068322628070e-01	5.670329779819933691e-01
1.153155945945946002e+02	5.568018591232121173e-01	5.670395151293607938e-01
1.154757537537537502e+02	5.569863215539399004e-01	5.670460129990573250e-01
1.156359129129129144e+02	5.571711949192098556e-01	5.670524718270470999e-01
1.157960720720720786e+02	5.573564800147595699e-01	5.670588918478731699e-01
1.159562312312312287e+02	5.575421776372988525e-01	5.670652732946663832e-01
1.161163903903903929e+02	5.577282885845081806e-01	5.670716163991649239e-01
1.162765495495495571e+02	5.579148136550371451e-01	5.670779213917054307e-01
1.164367087087087071e+02	5.581017536485022301e-01	5.670841885012478656e-01
1.165968678678678714e+02	5.582891093654855919e-01	5.670904179553808433e-01
1.167570270270270214e+02	5.584768816075330600e-01	5.670966099803145255e-01
1.169171861861861856e+02	5.586650711771523614e-01	5.671027648009108191e-01
1.170773453453453499e+02	5.588536788778112330e-01	5.671088826406744943e-01
1.172375045045044999e+02	5.590427055139360890e-01	5.671149637217762773e-01
1.173976636636636641e+02	5.592321518909094680e-01	5.671210082650421924e-01
1.175578228228228284e+02	5.594220188150688111e-01	5.671270164899784305e-01
1.177179819819819784e+02	5.596123070937040200e-01	5.671329886147695731e-01
1.178781411411411426e+02	5.598030175350562354e-01	5.671389248562928032e-01
1.180383003003003068e+02	5.599941509483152835e-01	5.671448254301232339e-01
1.181984594594594569e+02	5.601857081436181218e-01	5.671506905505410145e-01
1.183586186186186211e+02	5.603776899320467297e-01	5.671565204305331065e-01
1.185187777777777853e+02	5.605700971256263321e-01	5.671623152818128233e-01
1.186789369369369354e+02	5.607629305373231787e-01	5.671680753148233833e-01
1.188390960960960996e+02	5.609561909810428793e-01	5.671738007387414626e-01
1.189992552552552496e+02	5.611498792716277384e-01	5.671794917614843001e-01
1.191594144144144138e+02	5.613439962248552018e-01	5.671851485897327905e-01
1.193195735735735781e+02	5.615385426574360794e-01	5.671907714289083913e-01
1.194797327327327281e+02	5.617335193870116594e-01	5.671963604832086503e-01
1.196398918918918923e+02	5.619289272321523754e-01	5.672019159556054291e-01
1.198000510510510566e+02	5.621247670123548090e-01	5.672074380478537847e-01
1.199602102102102066e+02	5.623210395480404689e-01	5.672129269604901936e-01
1.201203693693693708e+02	5.625177456605532367e-01	5.672183828928485383e-01
1.202805285285285350e+02	5.627148861721569251e-01	5.672238060430689899e-01
1.204406876876876851e+02	5.629124619060333901e-01	5.672291966080962311e-01
1.206008468468468493e+02	5.631104736862803106e-01	5.672345547836989965e-01
1.207610060060060135e+02	5.633089223379086352e-01	5.672398807644629670e-01
1.209211651651651636e+02	5.635078086868406944e-01	5.672451747438085334e-01
1.210813243243243278e+02	5.637071335599075361e-01	5.672504369139943492e-01
1.212414834834834778e+02	5.639068977848471498e-01	5.672556674661244358e-01
1.214016426426426420e+02	5.641071021903014682e-01	5.672608665901588409e-01
1.215618018018018063e+02	5.643077476058145914e-01	5.672660344749047567e-01
1.217219609609609563e+02	5.645088348618297891e-01	5.672711713080467177e-01
1.218821201201201205e+02	5.647103647896878353e-01	5.672762772761412720e-01
1.220422792792792848e+02	5.649123382216241218e-01	5.672813525646169808e-01
1.222024384384384348e+02	5.651147559907662155e-01	5.672863973577921826e-01
1.223625975975975990e+02	5.653176189311316380e-01	5.672914118388856508e-01
1.225227567567567633e+02	5.655209278776253123e-01	5.672963961900023833e-01
1.226829159159159133e+02	5.657246836660367872e-01	5.673013505921638000e-01
1.228430750750750775e+02	5.659288871330381276e-01	5.673062752252970853e-01
1.230032342342342417e+02	5.661335391161810282e-01	5.673111702682547275e-01
1.231633933933933918e+02	5.663386404538944818e-01	5.673160358988109664e-01
1.233235525525525560e+02	5.665441919854821151e-01	5.673208722936777804e-01
1.234837117117117060e+02	5.667501945511193018e-01	5.673256796284906756e-01
1.236438708708708702e+02	5.669566489918513863e-01	5.673304580778530948e-01
1.238040300300300345e+02	5.671635561495895761e-01	5.673352078153008904e-01
1.239641891891891845e+02	5.673709168671097203e-01	5.673399290133378514e-01
1.241243483483483487e+02	5.675787319880487569e-01	5.673446218434214927e-01
1.242845075075075130e+02	5.677870023569024927e-01	5.673492864759932530e-01
1.244446666666666630e+02	5.679957288190221609e-01	5.673539230804589550e-01
1.246048258258258272e+02	5.682049122206123126e-01	5.673585318252101217e-01
1.247649849849849915e+02	5.684145534087280405e-01	5.673631128776346344e-01
1.249251441441441415e+02	5.686246532312713153e-01	5.673676664041007456e-01
1.250853033033033057e+02	5.688352125369893209e-01	5.673721925699908297e-01
1.252454624624624557e+02	5.690462321754709007e-01	5.673766915396836197e-01
1.254056216216216200e+02	5.692577129971434502e-01	5.673811634765790757e-01
1.255657807807807842e+02	5.694696558532708064e-01	5.673856085430859508e-01
1.257259399399399342e+02	5.696820615959496958e-01	5.673900269006466601e-01
1.258860990990990985e+02	5.698949310781068478e-01	5.673944187097283987e-01
1.260462582582582627e+02	5.701082651534962187e-01	5.673987841298391288e-01
1.262064174174174127e+02	5.703220646766959945e-01	5.674031233195204749e-01
1.263665765765765769e+02	5.705363305031054821e-01	5.674074364363708156e-01
1.265267357357357412e+02	5.707510634889417789e-01	5.674117236370346262e-01
1.266868948948948912e+02	5.709662644912373297e-01	5.674159850772220182e-01
1.268470540540540554e+02	5.711819343678362637e-01	5.674202209117051865e-01
1.270072132132132197e+02	5.713980739773915074e-01	5.674244312943237389e-01
1.271673723723723697e+02	5.716146841793618982e-01	5.674286163779953540e-01
1.273275315315315339e+02	5.718317658340082987e-01	5.674327763147157810e-01
1.274876906906906839e+02	5.720493198023912651e-01	5.674369112555801564e-01
1.276478498498498482e+02	5.722673469463672724e-01	5.674410213507599110e-01
1.278080090090090124e+02	5.724858481285854950e-01	5.674451067495329681e-01
1.279681681681681624e+02	5.727048242124850308e-01	5.674491676002801910e-01
1.281283273273273267e+02	5.729242760622909048e-01	5.674532040504871588e-01
1.282884864864864767e+02	5.731442045430112930e-01	5.674572162467601544e-01
1.284486456456456551e+02	5.733646105204340815e-01	5.674612043348190582e-01
1.286088048048048051e+02	5.735854948611233128e-01	5.674651684595097834e-01
1.287689639639639552e+02	5.738068584324159671e-01	5.674691087648078280e-01
1.289291231231231336e+02	5.740287021024184089e-01	5.674730253938253810e-01
1.290892822822822836e+02	5.742510267400033896e-01	5.674769184888184270e-01
1.292494414414414337e+02	5.744738332148057181e-01	5.674807881911760887e-01
1.294096006006006121e+02	5.746971223972198173e-01	5.674846346414508247e-01
1.295697597597597621e+02	5.749208951583952842e-01	5.674884579793477712e-01
1.297299189189189121e+02	5.751451523702342250e-01	5.674922583437265189e-01
1.298900780780780906e+02	5.753698949053869249e-01	5.674960358726242049e-01
1.300502372372372406e+02	5.755951236372485180e-01	5.674997907032341971e-01
1.302103963963963906e+02	5.758208394399555452e-01	5.675035229719380681e-01
1.303705555555555691e+02	5.760470431883825126e-01	5.675072328142931610e-01
1.305307147147147191e+02	5.762737357581374509e-01	5.675109203650379186e-01
1.306908738738738691e+02	5.765009180255589172e-01	5.675145857581114228e-01
1.308510330330330191e+02	5.767285908677119988e-01	5.675182291266391843e-01
1.310111921921921976e+02	5.769567551623847601e-01	5.675218506029562349e-01
1.311713513513513476e+02	5.771854117880841351e-01	5.675254503185911403e-01
1.313315105105104976e+02	5.774145616240327072e-01	5.675290284042908695e-01
1.314916696696696761e+02	5.776442055501641581e-01	5.675325849900136888e-01
1.316518288288288261e+02	5.778743444471199364e-01	5.675361202049380438e-01
1.318119879879879761e+02	5.781049791962453721e-01	5.675396341774678888e-01
1.319721471471471546e+02	5.783361106795854578e-01	5.675431270352309099e-01
1.321323063063063046e+02	5.785677397798811850e-01	5.675465989050927362e-01
1.322924654654654546e+02	5.787998673805656580e-01	5.675500499131569399e-01
1.324526246246246330e+02	5.790324943657597645e-01	5.675534801847650357e-01
1.326127837837837831e+02	5.792656216202686226e-01	5.675568898445124688e-01
1.327729429429429331e+02	5.794992500295770288e-01	5.675602790162379563e-01
1.329331021021021115e+02	5.797333804798461276e-01	5.675636478230412507e-01
1.330932612612612616e+02	5.799680138579083044e-01	5.675669963872831403e-01
1.332534204204204116e+02	5.802031510512642987e-01	5.675703248305925541e-01
1.334135795795795900e+02	5.804387929480778752e-01	5.675736332738541279e-01
1.335737387387387400e+02	5.806749404371724932e-01	5.675769218372437308e-01
1.337338978978978901e+02	5.809115944080268656e-01	5.675801906402000441e-01
1.338940570570570685e+02	5.811487557507704071e-01	5.675834398014583115e-01
1.340542162162162185e+02	5.813864253561795703e-01	5.675866694390272471e-01
1.342143753753753685e+02	5.816246041156730717e-01	5.675898796702174565e-01
1.343745345345345470e+02	5.818632929213080063e-01	5.675930706116254498e-01
1.345346936936936970e+02	5.821024926657749621e-01	5.675962423791585110e-01
1.346948528528528470e+02	5.823422042423943568e-01	5.675993950880116046e-01
1.348550120120120255e+02	5.825824285451114415e-01	5.676025288527064561e-01
1.350151711711711755e+02	5.828231664684921931e-01	5.676056437870613536e-01
1.351753303303303255e+02	5.830644189077187622e-01	5.676087400042195696e-01
1.353354894894894755e+02	5.833061867585852545e-01	5.676118176166404794e-01
1.354956486486486540e+02	5.835484709174927342e-01	5.676148767361137715e-01
1.356558078078078040e+02	5.837912722814451172e-01	5.676179174737487898e-01
1.358159669669669540e+02	5.840345917480445070e-01	5.676209399399887445e-01
1.359761261261261325e+02	5.842784302154864218e-01	5.676239442446231465e-01
1.361362852852852825e+02	5.845227885825556857e-01	5.676269304967700435e-01
1.362964444444444325e+02	5.847676677486208785e-01	5.676298988049044425e-01
1.364566036036036110e+02	5.850130686136307823e-01	5.676328492768298872e-01
1.366167627627627610e+02	5.852589920781087196e-01	5.676357820197264203e-01
1.367769219219219110e+02	5.855054390431484457e-01	5.676386971401132797e-01
1.369370810810810895e+02	5.857524104104092633e-01	5.676415947438737675e-01
1.370972402402402395e+02	5.859999070821106937e-01	5.676444749362588027e-01
1.372573993993993895e+02	5.862479299610285910e-01	5.676473378218815924e-01
1.374175585585585679e+02	5.864964799504894799e-01	5.676501835047336186e-01
1.375777177177177180e+02	5.867455579543662259e-01	5.676530120881757568e-01
1.377378768768768680e+02	5.869951648770728170e-01	5.676558236749471575e-01
1.378980360360360464e+02	5.872453016235595902e-01	5.676586183671759045e-01
1.380581951951951964e+02	5.874959690993080130e-01	5.676613962663719093e-01
1.382183543543543465e+02	5.877471682103261319e-01	5.676641574734375695e-01
1.383785135135135249e+02	5.879988998631432429e-01	5.676669020886659922e-01
1.385386726726726749e+02	5.882511649648046737e-01	5.676696302117498760e-01
1.386988318318318250e+02	5.885039644228671207e-01	5.676723419417832872e-01
1.388589909909910034e+02	5.887572991453935423e-01	5.676750373772634362e-01
1.390191501501501534e+02	5.890111700409471629e-01	5.676777166160977828e-01
1.391793093093093034e+02	5.892655780185876990e-01	5.676803797556058129e-01
1.393394684684684819e+02	5.895205239878649195e-01	5.676830268925190381e-01
1.394996276276276319e+02	5.897760088588139826e-01	5.676856581229898779e-01
1.396597867867867819e+02	5.900320335419502182e-01	5.676882735425934356e-01
1.398199459459459320e+02	5.902885989482635765e-01	5.676908732463328278e-01
1.399801051051051104e+02	5.905457059892136318e-01	5.676934573286320784e-01
1.401402642642642604e+02	5.908033555767235878e-01	5.676960258833609885e-01
1.403004234234234104e+02	5.910615486231758364e-01	5.676985790038120427e-01
1.404605825825825889e+02	5.913202860414057405e-01	5.677011167827252791e-01
1.406207417417417389e+02	5.915795687446965267e-01	5.677036393122829594e-01
1.407809009009008889e+02	5.918393976467736239e-01	5.677061466841077930e-01
1.409410600600600674e+02	5.920997736617996665e-01	5.677086389892842533e-01
1.411012192192192174e+02	5.923606977043681665e-01	5.677111163183354847e-01
1.412613783783783674e+02	5.926221706894986285e-01	5.677135787612463957e-01
1.414215375375375459e+02	5.928841935326304435e-01	5.677160264074689877e-01
1.415816966966966959e+02	5.931467671496176708e-01	5.677184593459010387e-01
1.417418558558558459e+02	5.934098924567229316e-01	5.677208776649216304e-01
1.419020150150150243e+02	5.936735703706125244e-01	5.677232814523751614e-01
1.420621741741741744e+02	5.939378018083494304e-01	5.677256707955695703e-01
1.422223333333333244e+02	5.942025876873884283e-01	5.677280457813047576e-01
1.423824924924925028e+02	5.944679289255706545e-01	5.677304064958388352e-01
1.425426516516516529e+02	5.947338264411166087e-01	5.677327530249254295e-01
1.427028108108108029e+02	5.950002811526212687e-01	5.677350854538047997e-01
1.428629699699699813e+02	5.952672939790477624e-01	5.677374038671931800e-01
1.430231291291291313e+02	5.955348658397217054e-01	5.677397083493112007e-01
1.431832882882882814e+02	5.958029976543250950e-01	5.677419989838625725e-01
1.433434474474474598e+02	5.960716903428899816e-01	5.677442758540518497e-01
1.435036066066066098e+02	5.963409448257932510e-01	5.677465390425879832e-01
1.436637657657657599e+02	5.966107620237500742e-01	5.677487886316772148e-01
1.438239249249249383e+02	5.968811428578076894e-01	5.677510247030301826e-01
1.439840840840840883e+02	5.971520882493396298e-01	5.677532473378796851e-01
1.441442432432432383e+02	5.974235991200393947e-01	5.677554566169540351e-01
1.443044024024023884e+02	5.976956763919144544e-01	5.677576526205037055e-01
1.444645615615615668e+02	5.979683209872797001e-01	5.677598354283013293e-01
1.446247207207207168e+02	5.982415338287514484e-01	5.677620051196363704e-01
1.447848798798798668e+02	5.985153158392411132e-01	5.677641617733133472e-01
1.449450390390390453e+02	5.987896679419490997e-01	5.677663054676802545e-01
1.451051981981981953e+02	5.990645910603581425e-01	5.677684362806019180e-01
1.452653573573573453e+02	5.993400861182269779e-01	5.677705542894759816e-01
1.454255165165165238e+02	5.996161540395840150e-01	5.677726595712453417e-01
1.455856756756756738e+02	5.998927957487210083e-01	5.677747522023786075e-01
1.457458348348348238e+02	6.001700121701865065e-01	5.677768322588931937e-01
1.459059939939940023e+02	6.004478042287791917e-01	5.677788998163411094e-01
1.460661531531531523e+02	6.007261728495413289e-01	5.677809549498302744e-01
1.462263123123123023e+02	6.010051189577527708e-01	5.677829977340085321e-01
1.463864714714714808e+02	6.012846434789234085e-01	5.677850282430814133e-01
1.465466306306306308e+02	6.015647473387873978e-01	5.677870465508103592e-01
1.467067897897897808e+02	6.018454314632958324e-01	5.677890527305038404e-01
1.468669489489489592e+02	6.021266967786104152e-01	5.677910468550386724e-01
1.470271081081081093e+02	6.024085442110966859e-01	5.677930289968546873e-01
1.471872672672672593e+02	6.026909746873171381e-01	5.677949992279458513e-01
1.473474264264264377e+02	6.029739891340245572e-01	5.677969576198851342e-01
1.475075855855855878e+02	6.032575884781546938e-01	5.677989042438102985e-01
1.476677447447447378e+02	6.035417736468201566e-01	5.678008391704292279e-01
1.478279039039039162e+02	6.038265455673029747e-01	5.678027624700341391e-01
1.479880630630630662e+02	6.041119051670476026e-01	5.678046742124873703e-01
1.481482222222222163e+02	6.043978533736545922e-01	5.678065744672267101e-01
1.483083813813813947e+02	6.046843911148725992e-01	5.678084633032867146e-01
1.484685405405405447e+02	6.049715193185920548e-01	5.678103407892756138e-01
1.486286996996996947e+02	6.052592389128379491e-01	5.678122069933930760e-01
1.487888588588588448e+02	6.055475508257623929e-01	5.678140619834355363e-01
1.489490180180180232e+02	6.058364559856381781e-01	5.678159058267748804e-01
1.491091771771771732e+02	6.061259553208504514e-01	5.678177385903993013e-01
1.492693363363363233e+02	6.064160497598907185e-01	5.678195603408759951e-01
1.494294954954955017e+02	6.067067402313489621e-01	5.678213711443884648e-01
1.495896546546546517e+02	6.069980276639060923e-01	5.678231710667063226e-01
1.497498138138138017e+02	6.072899129863272849e-01	5.678249601732208163e-01
1.499099729729729802e+02	6.075823971274542101e-01	5.678267385289164082e-01
1.500701321321321302e+02	6.078754810161977051e-01	5.678285061983938675e-01
1.502302912912912802e+02	6.081691655815302244e-01	5.678302632458684940e-01
1.503904504504504587e+02	6.084634517524787345e-01	5.678320097351576834e-01
1.505506096096096087e+02	6.087583404581168312e-01	5.678337457297093493e-01
1.507107687687687587e+02	6.090538326275574121e-01	5.678354712925823833e-01
1.508709279279279372e+02	6.093499291899453496e-01	5.678371864864608654e-01
1.510310870870870872e+02	6.096466310744488304e-01	5.678388913736451826e-01
1.511912462462462372e+02	6.099439392102532498e-01	5.678405860160715690e-01
1.513514054054054156e+02	6.102418545265525518e-01	5.678422704752978944e-01
1.515115645645645657e+02	6.105403779525414576e-01	5.678439448125125466e-01
1.516717237237237157e+02	6.108395104174082491e-01	5.678456090885326546e-01
1.518318828828828941e+02	6.111392528503267751e-01	5.678472633638218525e-01
1.519920420420420442e+02	6.114396061804481253e-01	5.678489076984689632e-01
1.521522012012011942e+02	6.117405713368939679e-01	5.678505421522039853e-01
1.523123603603603726e+02	6.120421492487473358e-01	5.678521667844051990e-01
1.524725195195195226e+02	6.123443408450455205e-01	5.678537816540831784e-01
1.526326786786786727e+02	6.126471470547718567e-01	5.678553868198985555e-01
1.527928378378378511e+02	6.129505688068479508e-01	5.678569823401637962e-01
1.529529969969970011e+02	6.132546070301250207e-01	5.678585682728378714e-01
1.531131561561561512e+02	6.135592626533765692e-01	5.678601446755298099e-01
1.532733153153153012e+02	6.138645366052899455e-01	5.678617116055040270e-01
1.534334744744744796e+02	6.141704298144580187e-01	5.678632691196821014e-01
1.535936336336336296e+02	6.144769432093715178e-01	5.678648172746374456e-01
1.537537927927927797e+02	6.147840777184103711e-01	5.678663561266130699e-01
1.539139519519519581e+02	6.150918342698354913e-01	5.678678857315091477e-01
1.540741111111111081e+02	6.154002137917805593e-01	5.678694061448865682e-01
1.542342702702702582e+02	6.157092172122440310e-01	5.678709174219793709e-01
1.543944294294294366e+02	6.160188454590802554e-01	5.678724196176840877e-01
1.545545885885885866e+02	6.163290994599913697e-01	5.678739127865739533e-01
1.547147477477477366e+02	6.166399801425186400e-01	5.678753969828829185e-01
1.548749069069069151e+02	6.169514884340345784e-01	5.678768722605322949e-01
1.550350660660660651e+02	6.172636252617333952e-01	5.678783386731076632e-01
1.551952252252252151e+02	6.175763915526236714e-01	5.678797962738819649e-01
1.553553843843843936e+02	6.178897882335189218e-01	5.678812451158083974e-01
1.555155435435435436e+02	6.182038162310292684e-01	5.678826852515079793e-01
1.556757027027026936e+02	6.185184764715527805e-01	5.678841167333033013e-01
1.558358618618618721e+02	6.188337698812669263e-01	5.678855396131883282e-01
1.559960210210210221e+02	6.191496973861193576e-01	5.678869539428585966e-01
1.561561801801801721e+02	6.194662599118196944e-01	5.678883597736881228e-01
1.563163393393393505e+02	6.197834583838308653e-01	5.678897571567436131e-01
1.564764984984985006e+02	6.201012937273591152e-01	5.678911461427880170e-01
1.566366576576576506e+02	6.204197668673467891e-01	5.678925267822769740e-01
1.567968168168168290e+02	6.207388787284623399e-01	5.678938991253659196e-01
1.569569759759759791e+02	6.210586302350911136e-01	5.678952632219100849e-01
1.571171351351351291e+02	6.213790223113275779e-01	5.678966191214573911e-01
1.572772942942943075e+02	6.217000558809654409e-01	5.678979668732626607e-01
1.574374534534534575e+02	6.220217318674883256e-01	5.678993065262893936e-01
1.575976126126126076e+02	6.223440511940616648e-01	5.679006381292008854e-01
1.577577717717717576e+02	6.226670147835227098e-01	5.679019617303637801e-01
1.579179309309309360e+02	6.229906235583719809e-01	5.679032773778711629e-01
1.580780900900900861e+02	6.233148784407631648e-01	5.679045851195052563e-01
1.582382492492492361e+02	6.236397803524948991e-01	5.679058850027765004e-01
1.583984084084084145e+02	6.239653302150012237e-01	5.679071770749057890e-01
1.585585675675675645e+02	6.242915289493415898e-01	5.679084613828315753e-01
1.587187267267267146e+02	6.246183774761923102e-01	5.679097379732027662e-01
1.588788858858858930e+02	6.249458767158369010e-01	5.679110068923964860e-01
1.590390450450450430e+02	6.252740275881563115e-01	5.679122681865091948e-01
1.591992042042041930e+02	6.256028310126202641e-01	5.679135219013584646e-01
1.593593633633633715e+02	6.259322879082767077e-01	5.679147680824883082e-01
1.595195225225225215e+02	6.262623991937430468e-01	5.679160067751709562e-01
1.596796816816816715e+02	6.265931657871965932e-01	5.679172380243979745e-01
1.598398408408408500e+02	6.269245886063643525e-01	5.679184618748998048e-01
1.600000000000000000e+02	6.272566685685136978e-01	5.679196783711386587e-01
