0.000000000000000000e+00	5.012775855790649882e-01	5.029485110147331461e-01
2.002002002002002123e-01	5.012894849405313824e-01	5.030004360031335997e-01
4.004004004004004247e-01	5.013014843679460819e-01	5.030531700055277389e-01
6.006006006006006093e-01	5.013135845943321733e-01	5.031067235982626951e-01
8.008008008008008494e-01	5.013257863570560469e-01	5.031611074594958266e-01
1.001001001001001089e+00	5.013380903978432723e-01	5.032163323695522106e-01
1.201201201201201219e+00	5.013504974627955857e-01	5.032724092112721426e-01
1.401401401401401570e+00	5.013630083024074313e-01	5.033293489703487555e-01
1.601601601601601699e+00	5.013756236715816161e-01	5.033871627356544254e-01
1.801801801801801828e+00	5.013883443296474063e-01	5.034458616995574065e-01
2.002002002002002179e+00	5.014011710403749600e-01	5.035054571582262550e-01
2.202202202202202308e+00	5.014141045719937573e-01	5.035659605119247040e-01
2.402402402402402437e+00	5.014271456972072549e-01	5.036273832652933269e-01
2.602602602602602566e+00	5.014402951932105390e-01	5.036897370276209873e-01
2.802802802802803139e+00	5.014535538417059790e-01	5.037530335131042980e-01
3.003003003003003268e+00	5.014669224289199922e-01	5.038172845410935352e-01
3.203203203203203397e+00	5.014804017456189200e-01	5.038825020363284501e-01
3.403403403403403527e+00	5.014939925871254589e-01	5.039486980291594254e-01
3.603603603603603656e+00	5.015076957533350921e-01	5.040158846557578620e-01
3.803803803803804229e+00	5.015215120487322986e-01	5.040840741583119122e-01
4.004004004004004358e+00	5.015354422824062075e-01	5.041532788852091107e-01
4.204204204204204487e+00	5.015494872680674732e-01	5.042235112912072381e-01
4.404404404404404616e+00	5.015636478240639295e-01	5.042947839375894192e-01
4.604604604604604745e+00	5.015779247733966884e-01	5.043671094923058984e-01
4.804804804804804874e+00	5.015923189437365703e-01	5.044405007301024924e-01
5.005005005005005003e+00	5.016068311674395375e-01	5.045149705326336109e-01
5.205205205205205132e+00	5.016214622815631241e-01	5.045905318885610669e-01
5.405405405405406150e+00	5.016362131278824243e-01	5.046671978936381198e-01
5.605605605605606279e+00	5.016510845529053020e-01	5.047449817507776437e-01
5.805805805805806408e+00	5.016660774078891549e-01	5.048238967701061952e-01
6.006006006006006537e+00	5.016811925488560142e-01	5.049039563690016497e-01
6.206206206206206666e+00	5.016964308366087533e-01	5.049851740721150728e-01
6.406406406406406795e+00	5.017117931367465200e-01	5.050675635113766049e-01
6.606606606606606924e+00	5.017272803196809461e-01	5.051511384259854687e-01
6.806806806806807053e+00	5.017428932606509129e-01	5.052359126623827690e-01
7.007007007007007182e+00	5.017586328397388717e-01	5.053219001742080829e-01
7.207207207207207311e+00	5.017744999418861651e-01	5.054091150222388418e-01
7.407407407407407440e+00	5.017904954569085696e-01	5.054975713743127264e-01
7.607607607607608458e+00	5.018066202795112840e-01	5.055872835052319658e-01
7.807807807807808587e+00	5.018228753093052497e-01	5.056782657966506500e-01
8.008008008008008716e+00	5.018392614508215832e-01	5.057705327369443893e-01
8.208208208208208845e+00	5.018557796135274529e-01	5.058640989210603234e-01
8.408408408408408974e+00	5.018724307118409556e-01	5.059589790503511431e-01
8.608608608608609103e+00	5.018892156651466596e-01	5.060551879323877955e-01
8.808808808808809232e+00	5.019061353978100382e-01	5.061527404807557584e-01
9.009009009009009361e+00	5.019231908391935670e-01	5.062516517148306638e-01
9.209209209209209490e+00	5.019403829236708248e-01	5.063519367595359366e-01
9.409409409409409619e+00	5.019577125906418136e-01	5.064536108450794494e-01
9.609609609609609748e+00	5.019751807845478364e-01	5.065566893066721921e-01
9.809809809809809877e+00	5.019927884548862629e-01	5.066611875842250701e-01
1.001001001001001001e+01	5.020105365562255173e-01	5.067671212220279386e-01
1.021021021021021014e+01	5.020284260482192895e-01	5.068745058684055449e-01
1.041041041041041026e+01	5.020464578956216339e-01	5.069833572753553730e-01
1.061061061061061039e+01	5.020646330683011804e-01	5.070936912981630629e-01
1.081081081081081230e+01	5.020829525412557892e-01	5.072055238949976230e-01
1.101101101101101243e+01	5.021014172946272058e-01	5.073188711264851047e-01
1.121121121121121256e+01	5.021200283137150500e-01	5.074337491552609603e-01
1.141141141141141269e+01	5.021387865889908042e-01	5.075501742455007514e-01
1.161161161161161282e+01	5.021576931161131352e-01	5.076681627624293203e-01
1.181181181181181294e+01	5.021767488959409942e-01	5.077877311718070885e-01
1.201201201201201307e+01	5.021959549345479390e-01	5.079088960393955965e-01
1.221221221221221320e+01	5.022153122432362338e-01	5.080316740303987277e-01
1.241241241241241333e+01	5.022348218385507268e-01	5.081560819088830616e-01
1.261261261261261346e+01	5.022544847422927283e-01	5.082821365371745781e-01
1.281281281281281359e+01	5.022743019815334442e-01	5.084098548752321589e-01
1.301301301301301372e+01	5.022942745886282978e-01	5.085392539799987732e-01
1.321321321321321385e+01	5.023144036012294755e-01	5.086703510047281274e-01
1.341341341341341398e+01	5.023346900623004707e-01	5.088031631982891101e-01
1.361361361361361411e+01	5.023551350201290733e-01	5.089377079044450358e-01
1.381381381381381424e+01	5.023757395283403593e-01	5.090740025611109054e-01
1.401401401401401436e+01	5.023965046459102357e-01	5.092120646995840216e-01
1.421421421421421449e+01	5.024174314371789851e-01	5.093519119437532883e-01
1.441441441441441462e+01	5.024385209718633671e-01	5.094935620092818640e-01
1.461461461461461475e+01	5.024597743250707182e-01	5.096370327027661684e-01
1.481481481481481488e+01	5.024811925773107202e-01	5.097823419208702411e-01
1.501501501501501679e+01	5.025027768145087226e-01	5.099295076494350099e-01
1.521521521521521692e+01	5.025245281280188436e-01	5.100785479625630225e-01
1.541541541541541704e+01	5.025464476146355164e-01	5.102294810216767562e-01
1.561561561561561717e+01	5.025685363766068114e-01	5.103823250745531670e-01
1.581581581581581730e+01	5.025907955216465384e-01	5.105370984543324830e-01
1.601601601601601743e+01	5.026132261629465692e-01	5.106938195784999079e-01
1.621621621621621756e+01	5.026358294191890508e-01	5.108525069478440095e-01
1.641641641641641769e+01	5.026586064145579513e-01	5.110131791453873529e-01
1.661661661661661782e+01	5.026815582787522718e-01	5.111758548352922649e-01
1.681681681681681795e+01	5.027046861469963712e-01	5.113405527617400637e-01
1.701701701701701808e+01	5.027279911600530671e-01	5.115072917477844205e-01
1.721721721721721821e+01	5.027514744642342936e-01	5.116760906941779652e-01
1.741741741741741833e+01	5.027751372114133144e-01	5.118469685781728007e-01
1.761761761761761846e+01	5.027989805590358241e-01	5.120199444522953725e-01
1.781781781781781859e+01	5.028230056701310513e-01	5.121950374430925823e-01
1.801801801801801872e+01	5.028472137133236375e-01	5.123722667498538108e-01
1.821821821821821885e+01	5.028716058628439622e-01	5.125516516433041847e-01
1.841841841841841898e+01	5.028961832985396896e-01	5.127332114642724203e-01
1.861861861861861911e+01	5.029209472058862040e-01	5.129169656223308005e-01
1.881881881881881924e+01	5.029458987759973798e-01	5.131029335944086167e-01
1.901901901901901937e+01	5.029710392056365720e-01	5.132911349233788556e-01
1.921921921921921950e+01	5.029963696972268306e-01	5.134815892166166851e-01
1.941941941941941963e+01	5.030218914588610035e-01	5.136743161445328498e-01
1.961961961961961975e+01	5.030476057043122839e-01	5.138693354390774237e-01
1.981981981981981988e+01	5.030735136530444240e-01	5.140666668922182492e-01
2.002002002002002001e+01	5.030996165302211720e-01	5.142663303543915099e-01
2.022022022022022014e+01	5.031259155667169303e-01	5.144683457329244369e-01
2.042042042042042027e+01	5.031524119991255262e-01	5.146727329904314807e-01
2.062062062062062040e+01	5.031791070697707591e-01	5.148795121431833932e-01
2.082082082082082053e+01	5.032060020267148381e-01	5.150887032594475556e-01
2.102102102102102066e+01	5.032330981237687073e-01	5.153003264578028819e-01
2.122122122122122079e+01	5.032603966205003720e-01	5.155144019054255233e-01
2.142142142142142447e+01	5.032878987822443362e-01	5.157309498163489270e-01
2.162162162162162460e+01	5.033156058801105948e-01	5.159499904496951395e-01
2.182182182182182473e+01	5.033435191909930717e-01	5.161715441078802424e-01
2.202202202202202486e+01	5.033716399975785016e-01	5.163956311347909223e-01
2.222222222222222499e+01	5.033999695883547565e-01	5.166222719139352826e-01
2.242242242242242511e+01	5.034285092576191722e-01	5.168514868665654571e-01
2.262262262262262524e+01	5.034572603054865425e-01	5.170832964497736883e-01
2.282282282282282537e+01	5.034862240378977782e-01	5.173177211545612053e-01
2.302302302302302550e+01	5.035154017666270132e-01	5.175547815038794575e-01
2.322322322322322563e+01	5.035447948092894865e-01	5.177944980506454797e-01
2.342342342342342576e+01	5.035744044893499805e-01	5.180368913757295024e-01
2.362362362362362589e+01	5.036042321361287044e-01	5.182819820859159154e-01
2.382382382382382602e+01	5.036342790848097328e-01	5.185297908118380317e-01
2.402402402402402615e+01	5.036645466764478885e-01	5.187803382058855384e-01
2.422422422422422628e+01	5.036950362579752927e-01	5.190336449400855257e-01
2.442442442442442641e+01	5.037257491822085820e-01	5.192897317039582017e-01
2.462462462462462653e+01	5.037566868078551252e-01	5.195486192023444083e-01
2.482482482482482666e+01	5.037878504995199069e-01	5.198103281532084896e-01
2.502502502502502679e+01	5.038192416277114116e-01	5.200748792854148483e-01
2.522522522522522692e+01	5.038508615688480630e-01	5.203422933364778569e-01
2.542542542542542705e+01	5.038827117052639970e-01	5.206125910502872323e-01
2.562562562562562718e+01	5.039147934252148353e-01	5.208857931748060999e-01
2.582582582582582731e+01	5.039471081228835692e-01	5.211619204597461863e-01
2.602602602602602744e+01	5.039796571983854445e-01	5.214409936542147017e-01
2.622622622622622757e+01	5.040124420577740683e-01	5.217230335043386846e-01
2.642642642642642770e+01	5.040454641130455160e-01	5.220080607508630344e-01
2.662662662662662783e+01	5.040787247821438832e-01	5.222960961267244517e-01
2.682682682682682795e+01	5.041122254889662813e-01	5.225871603546001776e-01
2.702702702702702808e+01	5.041459676633662790e-01	5.228812741444335277e-01
2.722722722722722821e+01	5.041799527411595649e-01	5.231784581909343368e-01
2.742742742742742834e+01	5.042141821641275001e-01	5.234787331710558655e-01
2.762762762762762847e+01	5.042486573800206706e-01	5.237821197414482821e-01
2.782782782782782860e+01	5.042833798425641056e-01	5.240886385358887178e-01
2.802802802802802873e+01	5.043183510114592760e-01	5.243983101626877863e-01
2.822822822822822886e+01	5.043535723523886460e-01	5.247111552020733427e-01
2.842842842842842899e+01	5.043890453370186711e-01	5.250271942035523720e-01
2.862862862862862912e+01	5.044247714430023510e-01	5.253464476832491181e-01
2.882882882882882924e+01	5.044607521539830053e-01	5.256689361212223410e-01
2.902902902902902937e+01	5.044969889595962709e-01	5.259946799587602584e-01
2.922922922922922950e+01	5.045334833554724341e-01	5.263236995956539488e-01
2.942942942942942963e+01	5.045702368432398721e-01	5.266560153874495498e-01
2.962962962962962976e+01	5.046072509305253861e-01	5.269916476426801388e-01
2.982982982982982989e+01	5.046445271309576430e-01	5.273306166200760758e-01
3.003003003003003357e+01	5.046820669641678414e-01	5.276729425257555839e-01
3.023023023023023370e+01	5.047198719557918212e-01	5.280186455103954568e-01
3.043043043043043383e+01	5.047579436374709516e-01	5.283677456663826710e-01
3.063063063063063396e+01	5.047962835468531306e-01	5.287202630249453472e-01
3.083083083083083409e+01	5.048348932275938949e-01	5.290762175532662814e-01
3.103103103103103422e+01	5.048737742293574193e-01	5.294356291515771584e-01
3.123123123123123435e+01	5.049129281078157394e-01	5.297985176502351123e-01
3.143143143143143448e+01	5.049523564246503060e-01	5.301649028067810798e-01
3.163163163163163460e+01	5.049920607475510970e-01	5.305348043029810556e-01
3.183183183183183473e+01	5.050320426502168392e-01	5.309082417418504729e-01
3.203203203203203486e+01	5.050723037123543424e-01	5.312852346446613749e-01
3.223223223223223499e+01	5.051128455196779443e-01	5.316658024479345990e-01
3.243243243243243512e+01	5.051536696639089552e-01	5.320499645004148626e-01
3.263263263263263525e+01	5.051947777427738817e-01	5.324377400600315280e-01
3.283283283283283538e+01	5.052361713600035387e-01	5.328291482908444898e-01
3.303303303303303551e+01	5.052778521253314947e-01	5.332242082599742972e-01
3.323323323323323564e+01	5.053198216544922960e-01	5.336229389345202856e-01
3.343343343343343577e+01	5.053620815692194679e-01	5.340253591784634990e-01
3.363363363363363590e+01	5.054046334972430721e-01	5.344314877495575100e-01
3.383383383383383602e+01	5.054474790722875976e-01	5.348413432962061398e-01
3.403403403403403615e+01	5.054906199340687412e-01	5.352549443543294094e-01
3.423423423423423628e+01	5.055340577282911863e-01	5.356723093442172789e-01
3.443443443443443641e+01	5.055777941066450509e-01	5.360934565673732832e-01
3.463463463463463654e+01	5.056218307268023349e-01	5.365184042033459555e-01
3.483483483483483667e+01	5.056661692524133667e-01	5.369471703065520352e-01
3.503503503503503680e+01	5.057108113531034732e-01	5.373797728030877963e-01
3.523523523523523693e+01	5.057557587044678726e-01	5.378162294875339366e-01
3.543543543543543706e+01	5.058010129880682326e-01	5.382565580197488098e-01
3.563563563563563719e+01	5.058465758914274524e-01	5.387007759216566605e-01
3.583583583583583732e+01	5.058924491080252217e-01	5.391489005740257578e-01
3.603603603603603744e+01	5.059386343372926920e-01	5.396009492132414209e-01
3.623623623623623757e+01	5.059851332846068139e-01	5.400569389280718280e-01
3.643643643643643770e+01	5.060319476612855638e-01	5.405168866564277197e-01
3.663663663663663783e+01	5.060790791845815040e-01	5.409808091821171061e-01
3.683683683683683796e+01	5.061265295776755657e-01	5.414487231315957549e-01
3.703703703703703809e+01	5.061743005696712761e-01	5.419206449707127948e-01
3.723723723723723822e+01	5.062223938955872082e-01	5.423965910014527658e-01
3.743743743743743835e+01	5.062708112963514306e-01	5.428765773586752275e-01
3.763763763763763848e+01	5.063195545187930691e-01	5.433606200068521463e-01
3.783783783783783861e+01	5.063686253156356454e-01	5.438487347368020641e-01
3.803803803803803874e+01	5.064180254454893060e-01	5.443409371624250426e-01
3.823823823823823886e+01	5.064677566728426061e-01	5.448372427174356103e-01
3.843843843843843899e+01	5.065178207680551825e-01	5.453376666520963756e-01
3.863863863863863912e+01	5.065682195073478722e-01	5.458422240299525274e-01
3.883883883883883925e+01	5.066189546727954962e-01	5.463509297245665586e-01
3.903903903903903938e+01	5.066700280523166455e-01	5.468637984162568744e-01
3.923923923923923951e+01	5.067214414396655764e-01	5.473808445888367347e-01
3.943943943943943964e+01	5.067731966344215522e-01	5.479020825263578587e-01
3.963963963963963977e+01	5.068252954419798506e-01	5.484275263098575826e-01
3.983983983983983990e+01	5.068777396735413276e-01	5.489571898141105688e-01
4.004004004004004003e+01	5.069305311461023145e-01	5.494910867043851788e-01
4.024024024024024015e+01	5.069836716824436262e-01	5.500292304332062843e-01
4.044044044044044028e+01	5.070371631111199040e-01	5.505716342371244076e-01
4.064064064064064041e+01	5.070910072664485124e-01	5.511183111334917450e-01
4.084084084084084054e+01	5.071452059884977714e-01	5.516692739172461835e-01
4.104104104104104067e+01	5.071997611230757430e-01	5.522245351577043104e-01
4.124124124124124080e+01	5.072546745217174635e-01	5.527841071953621954e-01
4.144144144144144093e+01	5.073099480416731755e-01	5.533480021387078285e-01
4.164164164164164106e+01	5.073655835458955599e-01	5.539162318610426627e-01
4.184184184184184119e+01	5.074215829030267466e-01	5.544888079973151473e-01
4.204204204204204132e+01	5.074779479873854360e-01	5.550657419409659177e-01
4.224224224224224145e+01	5.075346806789530207e-01	5.556470448407853091e-01
4.244244244244244157e+01	5.075917828633600415e-01	5.562327275977847485e-01
4.264264264264264170e+01	5.076492564318724199e-01	5.568228008620821345e-01
4.284284284284284894e+01	5.077071032813762486e-01	5.574172750298004297e-01
4.304304304304304907e+01	5.077653253143643575e-01	5.580161602399843490e-01
4.324324324324324920e+01	5.078239244389199936e-01	5.586194663715303710e-01
4.344344344344344933e+01	5.078829025687029430e-01	5.592272030401352900e-01
4.364364364364364945e+01	5.079422616229329890e-01	5.598393795952618657e-01
4.384384384384384958e+01	5.080020035263745903e-01	5.604560051171219026e-01
4.404404404404404971e+01	5.080621302093204505e-01	5.610770884136797587e-01
4.424424424424424984e+01	5.081226436075754194e-01	5.617026380176735056e-01
4.444444444444444997e+01	5.081835456624392844e-01	5.623326621836586270e-01
4.464464464464465010e+01	5.082448383206901177e-01	5.629671688850707012e-01
4.484484484484485023e+01	5.083065235345667343e-01	5.636061658113110662e-01
4.504504504504505036e+01	5.083686032617509287e-01	5.642496603648544662e-01
4.524524524524525049e+01	5.084310794653498222e-01	5.648976596583801246e-01
4.544544544544545062e+01	5.084939541138772112e-01	5.655501705119265754e-01
4.564564564564565075e+01	5.085572291812352486e-01	5.662071994500706973e-01
4.584584584584585087e+01	5.086209066466953477e-01	5.668687526991325054e-01
4.604604604604605100e+01	5.086849884948789757e-01	5.675348361844059220e-01
4.624624624624625113e+01	5.087494767157382247e-01	5.682054555274158592e-01
4.644644644644645126e+01	5.088143733045359385e-01	5.688806160432031689e-01
4.664664664664665139e+01	5.088796802618253956e-01	5.695603227376371258e-01
4.684684684684685152e+01	5.089453995934298813e-01	5.702445803047572204e-01
4.704704704704705165e+01	5.090115333104219264e-01	5.709333931241445947e-01
4.724724724724725178e+01	5.090780834291024348e-01	5.716267652583225667e-01
4.744744744744745191e+01	5.091450519709785905e-01	5.723247004501896829e-01
4.764764764764765204e+01	5.092124409627427628e-01	5.730272021204829702e-01
4.784784784784785217e+01	5.092802524362498584e-01	5.737342733652741611e-01
4.804804804804805229e+01	5.093484884284951164e-01	5.744459169534987808e-01
4.824824824824825242e+01	5.094171509815916821e-01	5.751621353245187640e-01
4.844844844844845255e+01	5.094862421427470700e-01	5.758829305857195990e-01
4.864864864864865268e+01	5.095557639642396275e-01	5.766083045101418891e-01
4.884884884884885281e+01	5.096257185033958859e-01	5.773382585341498840e-01
4.904904904904905294e+01	5.096961078225649144e-01	5.780727937551347617e-01
4.924924924924925307e+01	5.097669339890951168e-01	5.788119109292561015e-01
4.944944944944945320e+01	5.098381990753093618e-01	5.795556104692205501e-01
4.964964964964965333e+01	5.099099051584791154e-01	5.803038924420991229e-01
4.984984984984985346e+01	5.099820543208002377e-01	5.810567565671829193e-01
5.005005005005005358e+01	5.100546486493662268e-01	5.818142022138789171e-01
5.025025025025025371e+01	5.101276902361429055e-01	5.825762283996464008e-01
5.045045045045045384e+01	5.102011811779417760e-01	5.833428337879735803e-01
5.065065065065065397e+01	5.102751235763928195e-01	5.841140166863960648e-01
5.085085085085085410e+01	5.103495195379182947e-01	5.848897750445576360e-01
5.105105105105105423e+01	5.104243711737046496e-01	5.856701064523137656e-01
5.125125125125125436e+01	5.104996805996753206e-01	5.864550081378783197e-01
5.145145145145145449e+01	5.105754499364619781e-01	5.872444769660147834e-01
5.165165165165165462e+01	5.106516813093767704e-01	5.880385094362716725e-01
5.185185185185185475e+01	5.107283768483830144e-01	5.888371016812632419e-01
5.205205205205205488e+01	5.108055386880665516e-01	5.896402494649959358e-01
5.225225225225225500e+01	5.108831689676061050e-01	5.904479481812419106e-01
5.245245245245245513e+01	5.109612698307430811e-01	5.912601928519585215e-01
5.265265265265265526e+01	5.110398434257522604e-01	5.920769781257557707e-01
5.285285285285285539e+01	5.111188919054105995e-01	5.928982982764123832e-01
5.305305305305305552e+01	5.111984174269668113e-01	5.937241472014394006e-01
5.325325325325325565e+01	5.112784221521097239e-01	5.945545184206941780e-01
5.345345345345345578e+01	5.113589082469374159e-01	5.953894050750433431e-01
5.365365365365365591e+01	5.114398778819245761e-01	5.962287999250759363e-01
5.385385385385385604e+01	5.115213332318909734e-01	5.970726953498677325e-01
5.405405405405405617e+01	5.116032764759684826e-01	5.979210833457974106e-01
5.425425425425425630e+01	5.116857097975682223e-01	5.987739555254123491e-01
5.445445445445445642e+01	5.117686353843471370e-01	5.996313031163496010e-01
5.465465465465465655e+01	5.118520554281750234e-01	6.004931169603072716e-01
5.485485485485485668e+01	5.119359721250995587e-01	6.013593875120702981e-01
5.505505505505505681e+01	5.120203876753124383e-01	6.022301048385897415e-01
5.525525525525525694e+01	5.121053042831151814e-01	6.031052586181161468e-01
5.545545545545545707e+01	5.121907241568831592e-01	6.039848381393870813e-01
5.565565565565565720e+01	5.122766495090309569e-01	6.048688323008705181e-01
5.585585585585585733e+01	5.123630825559759572e-01	6.057572296100635079e-01
5.605605605605605746e+01	5.124500255181028141e-01	6.066500181828454741e-01
5.625625625625625759e+01	5.125374806197269262e-01	6.075471857428897948e-01
5.645645645645645772e+01	5.126254500890572441e-01	6.084487196211303406e-01
5.665665665665665784e+01	5.127139361581591892e-01	6.093546067552859657e-01
5.685685685685685797e+01	5.128029410629174611e-01	6.102648336894420655e-01
5.705705705705705810e+01	5.128924670429977350e-01	6.111793865736897535e-01
5.725725725725725823e+01	5.129825163418086920e-01	6.120982511638238810e-01
5.745745745745745836e+01	5.130730912064633831e-01	6.130214128210982327e-01
5.765765765765765849e+01	5.131641938877398168e-01	6.139488565120410080e-01
5.785785785785785862e+01	5.132558266400425451e-01	6.148805668083276998e-01
5.805805805805805875e+01	5.133479917213620292e-01	6.158165278867150372e-01
5.825825825825825888e+01	5.134406913932350047e-01	6.167567235290334349e-01
5.845845845845845901e+01	5.135339279207042917e-01	6.177011371222395075e-01
5.865865865865865914e+01	5.136277035722773832e-01	6.186497516585294232e-01
5.885885885885885926e+01	5.137220206198863659e-01	6.196025497355120981e-01
5.905905905905905939e+01	5.138168813388451772e-01	6.205595135564430098e-01
5.925925925925925952e+01	5.139122880078086375e-01	6.215206249305196273e-01
5.945945945945945965e+01	5.140082429087300397e-01	6.224858652732371267e-01
5.965965965965965978e+01	5.141047483268181839e-01	6.234552156068060569e-01
5.985985985985986702e+01	5.142018065504952995e-01	6.244286565606308459e-01
6.006006006006006714e+01	5.142994198713526366e-01	6.254061683718510345e-01
6.026026026026026727e+01	5.143975905841077223e-01	6.263877308859429061e-01
6.046046046046046740e+01	5.144963209865598408e-01	6.273733235573848432e-01
6.066066066066066753e+01	5.145956133795460685e-01	6.283629254503828587e-01
6.086086086086086766e+01	5.146954700668959770e-01	6.293565152396598528e-01
6.106106106106106779e+01	5.147958933553866689e-01	6.303540712113069322e-01
6.126126126126126792e+01	5.148968855546981471e-01	6.313555712636961248e-01
6.146146146146146805e+01	5.149984489773660190e-01	6.323609929084572645e-01
6.166166166166166818e+01	5.151005859387365327e-01	6.333703132715160500e-01
6.186186186186186831e+01	5.152032987569192812e-01	6.343835090941952748e-01
6.206206206206206843e+01	5.153065897527406847e-01	6.354005567343788963e-01
6.226226226226226856e+01	5.154104612496966942e-01	6.364214321677383879e-01
6.246246246246246869e+01	5.155149155739049416e-01	6.374461109890217081e-01
6.266266266266266882e+01	5.156199550540565557e-01	6.384745684134056631e-01
6.286286286286286895e+01	5.157255820213686448e-01	6.395067792779099980e-01
6.306306306306306908e+01	5.158317988095344475e-01	6.405427180428748812e-01
6.326326326326326921e+01	5.159386077546750382e-01	6.415823587935000072e-01
6.346346346346346934e+01	5.160460111952894779e-01	6.426256752414474249e-01
6.366366366366366947e+01	5.161540114722052985e-01	6.436726407265059846e-01
6.386386386386386960e+01	5.162626109285280984e-01	6.447232282183177343e-01
6.406406406406406973e+01	5.163718119095910275e-01	6.457774103181677106e-01
6.426426426426426985e+01	5.164816167629040500e-01	6.468351592608347911e-01
6.446446446446446998e+01	5.165920278381024300e-01	6.478964469165052753e-01
6.466466466466467011e+01	5.167030474868952172e-01	6.489612447927470829e-01
6.486486486486487024e+01	5.168146780630136217e-01	6.500295240365475680e-01
6.506506506506507037e+01	5.169269219221581668e-01	6.511012554364101756e-01
6.526526526526527050e+01	5.170397814219460653e-01	6.521764094245151577e-01
6.546546546546547063e+01	5.171532589218585940e-01	6.532549560789389087e-01
6.566566566566567076e+01	5.172673567831871377e-01	6.543368651259356961e-01
6.586586586586587089e+01	5.173820773689797869e-01	6.554221059422795648e-01
6.606606606606607102e+01	5.174974230439871592e-01	6.565106475576658607e-01
6.626626626626627115e+01	5.176133961746076650e-01	6.576024586571740382e-01
6.646646646646647127e+01	5.177299991288333292e-01	6.586975075837891991e-01
6.666666666666667140e+01	5.178472342761932801e-01	6.597957623409839156e-01
6.686686686686687153e+01	5.179651039877000152e-01	6.608971905953583414e-01
6.706706706706707166e+01	5.180836106357920023e-01	6.620017596793401626e-01
6.726726726726727179e+01	5.182027565942778358e-01	6.631094365939420587e-01
6.746746746746747192e+01	5.183225442382801695e-01	6.642201880115785606e-01
6.766766766766767205e+01	5.184429759441779861e-01	6.653339802789387525e-01
6.786786786786787218e+01	5.185640540895499750e-01	6.664507794199185930e-01
6.806806806806807231e+01	5.186857810531160240e-01	6.675705511386087476e-01
6.826826826826827244e+01	5.188081592146801535e-01	6.686932608223394858e-01
6.846846846846847257e+01	5.189311909550715640e-01	6.698188735447815345e-01
6.866866866866867269e+01	5.190548786560860162e-01	6.709473540691028859e-01
6.886886886886887282e+01	5.191792247004266558e-01	6.720786668511808948e-01
6.906906906906907295e+01	5.193042314716450614e-01	6.732127760428691099e-01
6.926926926926927308e+01	5.194299013540809584e-01	6.743496454953178398e-01
6.946946946946947321e+01	5.195562367328023790e-01	6.754892387623497862e-01
6.966966966966967334e+01	5.196832399935453761e-01	6.766315191038878574e-01
6.986986986986987347e+01	5.198109135226525179e-01	6.777764494894362723e-01
7.007007007007007360e+01	5.199392597070127131e-01	6.789239926016137350e-01
7.027027027027027373e+01	5.200682809339991497e-01	6.800741108397385659e-01
7.047047047047047386e+01	5.201979795914076776e-01	6.812267663234650161e-01
7.067067067067067399e+01	5.203283580673943032e-01	6.823819208964696514e-01
7.087087087087087411e+01	5.204594187504131275e-01	6.835395361301880301e-01
7.107107107107107424e+01	5.205911640291533971e-01	6.846995733276013407e-01
7.127127127127127437e+01	5.207235962924763317e-01	6.858619935270703349e-01
7.147147147147147450e+01	5.208567179293512872e-01	6.870267575062196652e-01
7.167167167167167463e+01	5.209905313287923612e-01	6.881938257858669639e-01
7.187187187187187476e+01	5.211250388797941113e-01	6.893631586340015494e-01
7.207207207207207489e+01	5.212602429712666074e-01	6.905347160698073194e-01
7.227227227227227502e+01	5.213961459919713715e-01	6.917084578677319406e-01
7.247247247247247515e+01	5.215327503304554302e-01	6.928843435616014457e-01
7.267267267267267528e+01	5.216700583749863673e-01	6.940623324487775747e-01
7.287287287287287540e+01	5.218080725134861542e-01	6.952423835943601915e-01
7.307307307307307553e+01	5.219467951334653133e-01	6.964244558354311110e-01
7.327327327327327566e+01	5.220862286219558612e-01	6.976085077853408922e-01
7.347347347347347579e+01	5.222263753654450280e-01	6.987944978380360439e-01
7.367367367367367592e+01	5.223672377498083108e-01	6.999823841724275297e-01
7.387387387387387605e+01	5.225088181602410842e-01	7.011721247567984650e-01
7.407407407407407618e+01	5.226511189811919866e-01	7.023636773532512256e-01
7.427427427427427631e+01	5.227941425962937538e-01	7.035569995221924167e-01
7.447447447447447644e+01	5.229378913882958280e-01	7.047520486268552542e-01
7.467467467467467657e+01	5.230823677389945248e-01	7.059487818378590296e-01
7.487487487487487670e+01	5.232275740291651989e-01	7.071471561378034343e-01
7.507507507507507682e+01	5.233735126384919667e-01	7.083471283258993001e-01
7.527527527527527695e+01	5.235201859454985396e-01	7.095486550226317579e-01
7.547547547547547708e+01	5.236675963274777246e-01	7.107516926744583685e-01
7.567567567567567721e+01	5.238157461604220355e-01	7.119561975585384506e-01
7.587587587587587734e+01	5.239646378189521947e-01	7.131621257874946052e-01
7.607607607607607747e+01	5.241142736762465226e-01	7.143694333142053265e-01
7.627627627627627760e+01	5.242646561039703279e-01	7.155780759366262567e-01
7.647647647647647773e+01	5.244157874722035206e-01	7.167880093026421928e-01
7.667667667667667786e+01	5.245676701493693361e-01	7.179991889149455186e-01
7.687687687687687799e+01	5.247203065021620594e-01	7.192115701359429458e-01
7.707707707707707812e+01	5.248736988954749716e-01	7.204251081926883460e-01
7.727727727727727824e+01	5.250278496923268534e-01	7.216397581818406737e-01
7.747747747747747837e+01	5.251827612537902645e-01	7.228554750746465363e-01
7.767767767767767850e+01	5.253384359389170477e-01	7.240722137219466337e-01
7.787787787787787863e+01	5.254948761046653871e-01	7.252899288592045135e-01
7.807807807807807876e+01	5.256520841058260896e-01	7.265085751115568646e-01
7.827827827827827889e+01	5.258100622949479774e-01	7.277281069988853490e-01
7.847847847847847902e+01	5.259688130222637259e-01	7.289484789409074184e-01
7.867867867867867915e+01	5.261283386356152558e-01	7.301696452622864486e-01
7.887887887887887928e+01	5.262886414803789048e-01	7.313915601977596381e-01
7.907907907907907941e+01	5.264497238993897099e-01	7.326141778972831142e-01
7.927927927927927954e+01	5.266115882328661346e-01	7.338374524311928049e-01
7.947947947947947966e+01	5.267742368183341295e-01	7.350613377953801875e-01
7.967967967967967979e+01	5.269376719905516371e-01	7.362857879164825814e-01
7.987987987987987992e+01	5.271018960814314314e-01	7.375107566570865414e-01
8.008008008008008005e+01	5.272669114199649565e-01	7.387361978209422420e-01
8.028028028028028018e+01	5.274327203321453883e-01	7.399620651581906294e-01
8.048048048048048031e+01	5.275993251408908069e-01	7.411883123705996779e-01
8.068068068068068044e+01	5.277667281659659260e-01	7.424148931168098597e-01
8.088088088088088057e+01	5.279349317239054873e-01	7.436417610175879433e-01
8.108108108108108070e+01	5.281039381279357681e-01	7.448688696610884508e-01
8.128128128128128083e+01	5.282737496878964212e-01	7.460961726081201117e-01
8.148148148148148096e+01	5.284443687101624265e-01	7.473236233974187570e-01
8.168168168168168108e+01	5.286157974975649321e-01	7.485511755509233200e-01
8.188188188188188121e+01	5.287880383493125391e-01	7.497787825790559468e-01
8.208208208208208134e+01	5.289610935609125875e-01	7.510063979860036598e-01
8.228228228228228147e+01	5.291349654240908862e-01	7.522339752750015762e-01
8.248248248248248160e+01	5.293096562267129990e-01	7.534614679536156823e-01
8.268268268268268173e+01	5.294851682527037529e-01	7.546888295390257184e-01
8.288288288288288186e+01	5.296615037819671912e-01	7.559160135633055111e-01
8.308308308308308199e+01	5.298386650903066375e-01	7.571429735787008619e-01
8.328328328328328212e+01	5.300166544493436493e-01	7.583696631629034401e-01
8.348348348348348225e+01	5.301954741264376381e-01	7.595960359243199012e-01
8.368368368368368237e+01	5.303751263846043784e-01	7.608220455073350097e-01
8.388388388388388250e+01	5.305556134824354064e-01	7.620476455975685459e-01
8.408408408408408263e+01	5.307369376740158629e-01	7.632727899271237737e-01
8.428428428428428276e+01	5.309191012088433359e-01	7.644974322798271382e-01
8.448448448448448289e+01	5.311021063317455937e-01	7.657215264964588597e-01
8.468468468468468302e+01	5.312859552827986498e-01	7.669450264799718697e-01
8.488488488488488315e+01	5.314706502972449398e-01	7.681678862006996455e-01
8.508508508508508328e+01	5.316561936054098325e-01	7.693900597015509435e-01
8.528528528528528341e+01	5.318425874326195846e-01	7.706115011031910988e-01
8.548548548548549775e+01	5.320298339991181846e-01	7.718321646092083377e-01
8.568568568568569788e+01	5.322179355199845308e-01	7.730520045112645455e-01
8.588588588588589801e+01	5.324068942050486086e-01	7.742709751942297158e-01
8.608608608608609813e+01	5.325967122588084468e-01	7.754890311412985238e-01
8.628628628628629826e+01	5.327873918803462949e-01	7.767061269390880263e-01
8.648648648648649839e+01	5.329789352632445798e-01	7.779222172827168214e-01
8.668668668668669852e+01	5.331713445955018615e-01	7.791372569808627802e-01
8.688688688688689865e+01	5.333646220594490117e-01	7.803512009608000177e-01
8.708708708708709878e+01	5.335587698316643923e-01	7.815640042734131043e-01
8.728728728728729891e+01	5.337537900828890347e-01	7.827756220981889612e-01
8.748748748748749904e+01	5.339496849779425958e-01	7.839860097481828882e-01
8.768768768768769917e+01	5.341464566756378707e-01	7.851951226749617208e-01
8.788788788788789930e+01	5.343441073286958609e-01	7.864029164735186761e-01
8.808808808808809943e+01	5.345426390836603980e-01	7.876093468871633307e-01
8.828828828828829955e+01	5.347420540808129896e-01	7.888143698123826209e-01
8.848848848848849968e+01	5.349423544540871100e-01	7.900179413036731990e-01
8.868868868868869981e+01	5.351435423309822692e-01	7.912200175783450362e-01
8.888888888888889994e+01	5.353456198324785253e-01	7.924205550212934934e-01
8.908908908908910007e+01	5.355485890729501097e-01	7.936195101897409732e-01
8.928928928928930020e+01	5.357524521600794953e-01	7.948168398179461525e-01
8.948948948948950033e+01	5.359572111947710216e-01	7.960125008218799092e-01
8.968968968968970046e+01	5.361628682710644078e-01	7.972064503038677197e-01
8.988988988988990059e+01	5.363694254760480451e-01	7.983986455571971952e-01
9.009009009009010072e+01	5.365768848897729537e-01	7.995890440706904245e-01
9.029029029029030085e+01	5.367852485851649647e-01	8.007776035332394571e-01
9.049049049049050097e+01	5.369945186279383442e-01	8.019642818383051486e-01
9.069069069069070110e+01	5.372046970765089746e-01	8.031490370883781482e-01
9.089089089089090123e+01	5.374157859819066463e-01	8.043318275994004729e-01
9.109109109109110136e+01	5.376277873876875724e-01	8.055126119051482236e-01
9.129129129129130149e+01	5.378407033298477913e-01	8.066913487615742229e-01
9.149149149149150162e+01	5.380545358367351261e-01	8.078679971511091296e-01
9.169169169169170175e+01	5.382692869289615878e-01	8.090425162869208098e-01
9.189189189189190188e+01	5.384849586193155568e-01	8.102148656171318519e-01
9.209209209209210201e+01	5.387015529126742974e-01	8.113850048289932282e-01
9.229229229229230214e+01	5.389190718059159169e-01	8.125528938530144352e-01
9.249249249249250227e+01	5.391375172878309918e-01	8.137184928670488926e-01
9.269269269269270239e+01	5.393568913390351938e-01	8.148817623003340449e-01
9.289289289289290252e+01	5.395771959318804711e-01	8.160426628374856106e-01
9.309309309309310265e+01	5.397984330303672307e-01	8.172011554224447583e-01
9.329329329329330278e+01	5.400206045900557417e-01	8.183572012623789860e-01
9.349349349349350291e+01	5.402437125579779842e-01	8.195107618315334852e-01
9.369369369369370304e+01	5.404677588725488313e-01	8.206617988750360970e-01
9.389389389389390317e+01	5.406927454634783414e-01	8.218102744126506431e-01
9.409409409409410330e+01	5.409186742516819413e-01	8.229561507424827393e-01
9.429429429429430343e+01	5.411455471491930513e-01	8.240993904446335394e-01
9.449449449449450356e+01	5.413733660590736019e-01	8.252399563848036301e-01
9.469469469469470368e+01	5.416021328753252151e-01	8.263778117178449678e-01
9.489489489489490381e+01	5.418318494828013865e-01	8.275129198912605233e-01
9.509509509509510394e+01	5.420625177571175568e-01	8.286452446486518575e-01
9.529529529529530407e+01	5.422941395645628493e-01	8.297747500331131842e-01
9.549549549549550420e+01	5.425267167620111408e-01	8.309014003905722534e-01
9.569569569569570433e+01	5.427602511968319110e-01	8.320251603730761669e-01
9.589589589589590446e+01	5.429947447068015354e-01	8.331459949420236821e-01
9.609609609609610459e+01	5.432301991200142455e-01	8.342638693713414488e-01
9.629629629629630472e+01	5.434666162547932000e-01	8.353787492506056234e-01
9.649649649649650485e+01	5.437039979196012229e-01	8.364906004881067503e-01
9.669669669669670498e+01	5.439423459129524296e-01	8.375993893138583557e-01
9.689689689689690510e+01	5.441816620233222990e-01	8.387050822825489194e-01
9.709709709709710523e+01	5.444219480290594104e-01	8.398076462764366701e-01
9.729729729729730536e+01	5.446632056982962933e-01	8.409070485081860946e-01
9.749749749749750549e+01	5.449054367888600536e-01	8.420032565236472699e-01
9.769769769769770562e+01	5.451486430481840006e-01	8.430962382045762427e-01
9.789789789789790575e+01	5.453928262132179405e-01	8.441859617712970110e-01
9.809809809809810588e+01	5.456379880103396918e-01	8.452723957853041092e-01
9.829829829829830601e+01	5.458841301552664893e-01	8.463555091518063511e-01
9.849849849849850614e+01	5.461312543529648345e-01	8.474352711222102874e-01
9.869869869869870627e+01	5.463793622975632314e-01	8.485116512965441560e-01
9.889889889889890640e+01	5.466284556722618149e-01	8.495846196258215466e-01
9.909909909909910652e+01	5.468785361492448649e-01	8.506541464143441145e-01
9.929929929929930665e+01	5.471296053895909894e-01	8.517202023219442308e-01
9.949949949949950678e+01	5.473816650431851949e-01	8.527827583661664601e-01
9.969969969969970691e+01	5.476347167486295131e-01	8.538417859243873087e-01
9.989989989989990704e+01	5.478887621331551827e-01	8.548972567358742447e-01
1.001001001001001072e+02	5.481438028125333872e-01	8.559491429037829890e-01
1.003003003003003073e+02	5.483998403909871033e-01	8.569974168970930783e-01
1.005005005005005074e+02	5.486568764611028381e-01	8.580420515524808112e-01
1.007007007007007076e+02	5.489149126037418114e-01	8.590830200761316870e-01
1.009009009009009077e+02	5.491739503879522477e-01	8.601202960454893409e-01
1.011011011011011078e+02	5.494339913708805589e-01	8.611538534109421938e-01
1.013013013013013079e+02	5.496950370976840805e-01	8.621836664974490416e-01
1.015015015015015081e+02	5.499570891014422536e-01	8.632097100061003614e-01
1.017017017017017082e+02	5.502201489030690285e-01	8.642319590156185560e-01
1.019019019019019083e+02	5.504842180112251571e-01	8.652503889837950268e-01
1.021021021021021085e+02	5.507492979222303742e-01	8.662649757488642965e-01
1.023023023023023086e+02	5.510153901199755788e-01	8.672756955308158489e-01
1.025025025025025087e+02	5.512824960758359039e-01	8.682825249326437955e-01
1.027027027027027088e+02	5.515506172485826752e-01	8.692854409415321504e-01
1.029029029029029090e+02	5.518197550842962595e-01	8.702844209299798184e-01
1.031031031031031091e+02	5.520899110162797996e-01	8.712794426568611916e-01
1.033033033033033092e+02	5.523610864649708407e-01	8.722704842684243509e-01
1.035035035035035094e+02	5.526332828378552886e-01	8.732575242992277609e-01
1.037037037037037095e+02	5.529065015293808116e-01	8.742405416730135714e-01
1.039039039039039096e+02	5.531807439208694666e-01	8.752195157035183026e-01
1.041041041041041098e+02	5.534560113804319892e-01	8.761944260952229113e-01
1.043043043043043099e+02	5.537323052628810860e-01	8.771652529440383539e-01
1.045045045045045100e+02	5.540096269096456139e-01	8.781319767379310859e-01
1.047047047047047101e+02	5.542879776486842047e-01	8.790945783574857231e-01
1.049049049049049103e+02	5.545673587943996674e-01	8.800530390764059741e-01
1.051051051051051104e+02	5.548477716475533894e-01	8.810073405619545106e-01
1.053053053053053105e+02	5.551292174951795166e-01	8.819574648753311097e-01
1.055055055055055107e+02	5.554116976105003545e-01	8.829033944719890670e-01
1.057057057057057108e+02	5.556952132528403254e-01	8.838451122018917694e-01
1.059059059059059109e+02	5.559797656675417032e-01	8.847826013097080944e-01
1.061061061061061110e+02	5.562653560858796808e-01	8.857158454349463028e-01
1.063063063063063112e+02	5.565519857249777713e-01	8.866448286120289790e-01
1.065065065065065113e+02	5.568396557877235420e-01	8.875695352703075747e-01
1.067067067067067114e+02	5.571283674626841265e-01	8.884899502340162236e-01
1.069069069069069116e+02	5.574181219240230689e-01	8.894060587221679359e-01
1.071071071071071117e+02	5.577089203314156141e-01	8.903178463483895078e-01
1.073073073073073118e+02	5.580007638299662176e-01	8.912252991206994768e-01
1.075075075075075119e+02	5.582936535501241693e-01	8.921284034412257924e-01
1.077077077077077121e+02	5.585875906076015474e-01	8.930271461058668647e-01
1.079079079079079122e+02	5.588825761032898409e-01	8.939215143038935496e-01
1.081081081081081123e+02	5.591786111231774603e-01	8.948114956174939572e-01
1.083083083083083125e+02	5.594756967382672475e-01	8.956970780212611949e-01
1.085085085085085126e+02	5.597738340044949856e-01	8.965782498816246004e-01
1.087087087087087127e+02	5.600730239626466878e-01	8.974549999562239089e-01
1.089089089089089128e+02	5.603732676382775502e-01	8.983273173932276867e-01
1.091091091091091130e+02	5.606745660416303512e-01	8.991951917305964770e-01
1.093093093093093131e+02	5.609769201675549599e-01	9.000586128952904330e-01
1.095095095095095132e+02	5.612803309954265130e-01	9.009175712024222182e-01
1.097097097097097134e+02	5.615847994890658113e-01	9.017720573543558382e-01
1.099099099099099135e+02	5.618903265966584959e-01	9.026220624397510717e-01
1.101101101101101136e+02	5.621969132506754452e-01	9.034675779325554990e-01
1.103103103103103138e+02	5.625045603677926165e-01	9.043085956909423517e-01
1.105105105105105139e+02	5.628132688488123314e-01	9.051451079561969593e-01
1.107107107107107140e+02	5.631230395785835618e-01	9.059771073515506812e-01
1.109109109109109141e+02	5.634338734259234371e-01	9.068045868809634369e-01
1.111111111111111143e+02	5.637457712435386403e-01	9.076275399278554978e-01
1.113113113113113144e+02	5.640587338679471374e-01	9.084459602537884315e-01
1.115115115115115145e+02	5.643727621194006838e-01	9.092598419970969736e-01
1.117117117117117147e+02	5.646878568018066646e-01	9.100691796714700521e-01
1.119119119119119148e+02	5.650040187026514893e-01	9.108739681644846264e-01
1.121121121121121149e+02	5.653212485929230979e-01	9.116742027360901224e-01
1.123123123123123150e+02	5.656395472270351332e-01	9.124698790170455709e-01
1.125125125125125152e+02	5.659589153427496688e-01	9.132609930073090077e-01
1.127127127127127153e+02	5.662793536611023804e-01	9.140475410743814644e-01
1.129129129129129154e+02	5.666008628863263841e-01	9.148295199516036647e-01
1.131131131131131156e+02	5.669234437057769638e-01	9.156069267364079778e-01
1.133133133133133157e+02	5.672470967898571859e-01	9.163797588885251866e-01
1.135135135135135158e+02	5.675718227919430703e-01	9.171480142281476233e-01
1.137137137137137159e+02	5.678976223483095387e-01	9.179116909340476749e-01
1.139139139139139161e+02	5.682244960780566956e-01	9.186707875416542102e-01
1.141141141141141162e+02	5.685524445830364426e-01	9.194253029410860423e-01
1.143143143143143163e+02	5.688814684477795369e-01	9.201752363751437569e-01
1.145145145145145165e+02	5.692115682394227605e-01	9.209205874372605738e-01
1.147147147147147166e+02	5.695427445076368667e-01	9.216613560694124629e-01
1.149149149149149167e+02	5.698749977845548598e-01	9.223975425599880706e-01
1.151151151151151169e+02	5.702083285847002747e-01	9.231291475416204539e-01
1.153153153153153170e+02	5.705427374049162337e-01	9.238561719889792911e-01
1.155155155155155171e+02	5.708782247242947250e-01	9.245786172165251227e-01
1.157157157157157172e+02	5.712147910041068810e-01	9.252964848762272876e-01
1.159159159159159174e+02	5.715524366877320350e-01	9.260097769552442237e-01
1.161161161161161175e+02	5.718911622005897755e-01	9.267184957735685735e-01
1.163163163163163176e+02	5.722309679500696689e-01	9.274226439816362078e-01
1.165165165165165178e+02	5.725718543254636472e-01	9.281222245579019425e-01
1.167167167167167179e+02	5.729138216978970632e-01	9.288172408063802843e-01
1.169169169169169180e+02	5.732568704202618548e-01	9.295076963541528681e-01
1.171171171171171181e+02	5.736010008271485994e-01	9.301935951488446985e-01
1.173173173173173183e+02	5.739462132347803447e-01	9.308749414560666402e-01
1.175175175175175184e+02	5.742925079409454403e-01	9.315517398568289309e-01
1.177177177177177185e+02	5.746398852249323674e-01	9.322239952449218325e-01
1.179179179179179187e+02	5.749883453474642359e-01	9.328917128242689705e-01
1.181181181181181188e+02	5.753378885506332807e-01	9.335548981062495866e-01
1.183183183183183189e+02	5.756885150578366916e-01	9.342135569069938139e-01
1.185185185185185190e+02	5.760402250737128860e-01	9.348676953446495297e-01
1.187187187187187192e+02	5.763930187840773378e-01	9.355173198366223408e-01
1.189189189189189193e+02	5.767468963558598505e-01	9.361624370967901454e-01
1.191191191191191194e+02	5.771018579370418289e-01	9.368030541326908267e-01
1.193193193193193196e+02	5.774579036565943291e-01	9.374391782426860775e-01
1.195195195195195197e+02	5.778150336244163299e-01	9.380708170131009105e-01
1.197197197197197340e+02	5.781732479312735595e-01	9.386979783153397427e-01
1.199199199199199342e+02	5.785325466487376556e-01	9.393206703029791660e-01
1.201201201201201343e+02	5.788929298291267678e-01	9.399389014088401773e-01
1.203203203203203344e+02	5.792543975054452732e-01	9.405526803420374282e-01
1.205205205205205345e+02	5.796169496913247121e-01	9.411620160850091565e-01
1.207207207207207347e+02	5.799805863809657236e-01	9.417669178905264671e-01
1.209209209209209348e+02	5.803453075490796476e-01	9.423673952786839614e-01
1.211211211211211349e+02	5.807111131508304602e-01	9.429634580338719374e-01
1.213213213213213351e+02	5.810780031217790409e-01	9.435551162017299376e-01
1.215215215215215352e+02	5.814459773778256624e-01	9.441423800860848647e-01
1.217217217217217353e+02	5.818150358151541468e-01	9.447252602458711124e-01
1.219219219219219354e+02	5.821851783101773536e-01	9.453037674920359290e-01
1.221221221221221356e+02	5.825564047194810025e-01	9.458779128844302386e-01
1.223223223223223357e+02	5.829287148797706042e-01	9.464477077286838069e-01
1.225225225225225358e+02	5.833021086078169493e-01	9.470131635730686392e-01
1.227227227227227360e+02	5.836765857004034830e-01	9.475742922053478345e-01
1.229229229229229361e+02	5.840521459342731259e-01	9.481311056496136702e-01
1.231231231231231362e+02	5.844287890660766482e-01	9.486836161631134745e-01
1.233233233233233364e+02	5.848065148323212670e-01	9.492318362330648407e-01
1.235235235235235365e+02	5.851853229493192421e-01	9.497757785734608493e-01
1.237237237237237366e+02	5.855652131131381388e-01	9.503154561218656315e-01
1.239239239239239367e+02	5.859461849995506455e-01	9.508508820362014946e-01
1.241241241241241369e+02	5.863282382639856127e-01	9.513820696915282760e-01
1.243243243243243370e+02	5.867113725414798697e-01	9.519090326768142596e-01
1.245245245245245371e+02	5.870955874466293745e-01	9.524317847917012081e-01
1.247247247247247373e+02	5.874808825735426954e-01	9.529503400432635107e-01
1.249249249249249374e+02	5.878672574957939378e-01	9.534647126427611141e-01
1.251251251251251375e+02	5.882547117663761149e-01	9.539749170023882341e-01
1.253253253253253376e+02	5.886432449176567383e-01	9.544809677320182928e-01
1.255255255255255378e+02	5.890328564613317441e-01	9.549828796359443039e-01
1.257257257257257379e+02	5.894235458883816392e-01	9.554806677096179257e-01
1.259259259259259380e+02	5.898153126690279802e-01	9.559743471363848499e-01
1.261261261261261382e+02	5.902081562526901859e-01	9.564639332842199693e-01
1.263263263263263383e+02	5.906020760679425718e-01	9.569494417024608790e-01
1.265265265265265384e+02	5.909970715224734938e-01	9.574308881185410458e-01
1.267267267267267385e+02	5.913931420030433816e-01	9.579082884347238647e-01
1.269269269269269387e+02	5.917902868754447709e-01	9.583816587248374930e-01
1.271271271271271388e+02	5.921885054844617802e-01	9.588510152310103507e-01
1.273273273273273389e+02	5.925877971538313638e-01	9.593163743604102844e-01
1.275275275275275391e+02	5.929881611862046764e-01	9.597777526819856186e-01
1.277277277277277392e+02	5.933895968631087703e-01	9.602351669232093156e-01
1.279279279279279393e+02	5.937921034449097357e-01	9.606886339668277985e-01
1.281281281281281395e+02	5.941956801707759528e-01	9.611381708476137709e-01
1.283283283283283254e+02	5.946003262586416760e-01	9.615837947491240323e-01
1.285285285285285397e+02	5.950060409051725063e-01	9.620255230004639557e-01
1.287287287287287256e+02	5.954128232857303082e-01	9.624633730730562942e-01
1.289289289289289400e+02	5.958206725543391258e-01	9.628973625774189804e-01
1.291291291291291259e+02	5.962295878436520979e-01	9.633275092599482559e-01
1.293293293293293402e+02	5.966395682649191512e-01	9.637538309997110142e-01
1.295295295295295261e+02	5.970506129079542479e-01	9.641763458052451385e-01
1.297297297297297405e+02	5.974627208411054102e-01	9.645950718113683875e-01
1.299299299299299264e+02	5.978758911112229679e-01	9.650100272759971620e-01
1.301301301301301407e+02	5.982901227436301372e-01	9.654212305769753755e-01
1.303303303303303267e+02	5.987054147420942662e-01	9.658287002089127604e-01
1.305305305305305410e+02	5.991217660887978580e-01	9.662324547800360541e-01
1.307307307307307269e+02	5.995391757443111480e-01	9.666325130090493989e-01
1.309309309309309413e+02	5.999576426475645707e-01	9.670288937220085090e-01
1.311311311311311272e+02	6.003771657158233355e-01	9.674216158492063844e-01
1.313313313313313415e+02	6.007977438446610030e-01	9.678106984220720133e-01
1.315315315315315274e+02	6.012193759079343947e-01	9.681961605700826201e-01
1.317317317317317418e+02	6.016420607577604995e-01	9.685780215176897912e-01
1.319319319319319277e+02	6.020657972244920497e-01	9.689563005812593666e-01
1.321321321321321420e+02	6.024905841166947607e-01	9.693310171660270980e-01
1.323323323323323280e+02	6.029164202211260148e-01	9.697021907630680726e-01
1.325325325325325423e+02	6.033433043027128795e-01	9.700698409462834571e-01
1.327327327327327282e+02	6.037712351045319004e-01	9.704339873694010077e-01
1.329329329329329425e+02	6.042002113477890068e-01	9.707946497629942328e-01
1.331331331331331285e+02	6.046302317318007491e-01	9.711518479315173202e-01
1.333333333333333428e+02	6.050612949339756463e-01	9.715056017503570507e-01
1.335335335335335287e+02	6.054933996097966453e-01	9.718559311629026976e-01
1.337337337337337431e+02	6.059265443928045780e-01	9.722028561776343558e-01
1.339339339339339290e+02	6.063607278945811752e-01	9.725463968652287017e-01
1.341341341341341433e+02	6.067959487047348555e-01	9.728865733556841811e-01
1.343343343343343292e+02	6.072322053908851824e-01	9.732234058354651829e-01
1.345345345345345436e+02	6.076694964986493197e-01	9.735569145446654193e-01
1.347347347347347295e+02	6.081078205516290414e-01	9.738871197741914010e-01
1.349349349349349438e+02	6.085471760513982975e-01	9.742140418629660070e-01
1.351351351351351298e+02	6.089875614774912238e-01	9.745377011951522617e-01
1.353353353353353441e+02	6.094289752873922605e-01	9.748581181973980936e-01
1.355355355355355300e+02	6.098714159165249393e-01	9.751753133361023007e-01
1.357357357357357444e+02	6.103148817782436675e-01	9.754893071147014982e-01
1.359359359359359303e+02	6.107593712638241801e-01	9.758001200709791600e-01
1.361361361361361446e+02	6.112048827424567676e-01	9.761077727743969756e-01
1.363363363363363305e+02	6.116514145612383935e-01	9.764122858234469682e-01
1.365365365365365449e+02	6.120989650451673647e-01	9.767136798430283706e-01
1.367367367367367592e+02	6.125475324971372260e-01	9.770119754818451518e-01
1.369369369369369451e+02	6.129971151979325406e-01	9.773071934098281899e-01
1.371371371371371595e+02	6.134477114062246716e-01	9.775993543155799825e-01
1.373373373373373454e+02	6.138993193585692287e-01	9.778884789038426728e-01
1.375375375375375597e+02	6.143519372694032921e-01	9.781745878929910543e-01
1.377377377377377456e+02	6.148055633310440804e-01	9.784577020125477809e-01
1.379379379379379600e+02	6.152601957136883959e-01	9.787378420007247781e-01
1.381381381381381459e+02	6.157158325654124020e-01	9.790150286019873027e-01
1.383383383383383602e+02	6.161724720121730670e-01	9.792892825646439814e-01
1.385385385385385462e+02	6.166301121578091626e-01	9.795606246384607196e-01
1.387387387387387605e+02	6.170887510840441514e-01	9.798290755723004786e-01
1.389389389389389464e+02	6.175483868504892948e-01	9.800946561117875877e-01
1.391391391391391608e+02	6.180090174946480941e-01	9.803573869969977039e-01
1.393393393393393467e+02	6.184706410319205094e-01	9.806172889601729725e-01
1.395395395395395610e+02	6.189332554556092880e-01	9.808743827234641666e-01
1.397397397397397469e+02	6.193968587369258483e-01	9.811286889966963631e-01
1.399399399399399613e+02	6.198614488249986065e-01	9.813802284751628191e-01
1.401401401401401472e+02	6.203270236468796384e-01	9.816290218374439380e-01
1.403403403403403615e+02	6.207935811075546706e-01	9.818750897432524383e-01
1.405405405405405475e+02	6.212611190899525182e-01	9.821184528313049444e-01
1.407407407407407618e+02	6.217296354549555204e-01	9.823591317172205573e-01
1.409409409409409477e+02	6.221991280414108649e-01	9.825971469914454026e-01
1.411411411411411621e+02	6.226695946661431336e-01	9.828325192172042701e-01
1.413413413413413480e+02	6.231410331239666256e-01	9.830652689284782308e-01
1.415415415415415623e+02	6.236134411876999017e-01	9.832954166280107877e-01
1.417417417417417482e+02	6.240868166081796620e-01	9.835229827853386730e-01
1.419419419419419626e+02	6.245611571142767326e-01	9.837479878348518447e-01
1.421421421421421485e+02	6.250364604129120538e-01	9.839704521738791287e-01
1.423423423423423628e+02	6.255127241890741097e-01	9.841903961608016171e-01
1.425425425425425487e+02	6.259899461058360259e-01	9.844078401131926004e-01
1.427427427427427631e+02	6.264681238043755540e-01	9.846228043059858104e-01
1.429429429429429490e+02	6.269472549039930565e-01	9.848353089696698648e-01
1.431431431431431633e+02	6.274273370021332674e-01	9.850453742885103559e-01
1.433433433433433493e+02	6.279083676744057207e-01	9.852530203987995838e-01
1.435435435435435636e+02	6.283903444746071765e-01	9.854582673871330467e-01
1.437437437437437495e+02	6.288732649347438253e-01	9.856611352887136857e-01
1.439439439439439639e+02	6.293571265650558244e-01	9.858616440856831087e-01
1.441441441441441498e+02	6.298419268540411675e-01	9.860598137054804591e-01
1.443443443443443641e+02	6.303276632684812197e-01	9.862556640192285951e-01
1.445445445445445500e+02	6.308143332534668080e-01	9.864492148401475813e-01
1.447447447447447644e+02	6.313019342324256433e-01	9.866404859219946033e-01
1.449449449449449503e+02	6.317904636071491886e-01	9.868294969575329700e-01
1.451451451451451646e+02	6.322799187578224123e-01	9.870162675770266514e-01
1.453453453453453506e+02	6.327702970430523211e-01	9.872008173467625713e-01
1.455455455455455649e+02	6.332615957998990464e-01	9.873831657676006568e-01
1.457457457457457508e+02	6.337538123439062643e-01	9.875633322735497543e-01
1.459459459459459651e+02	6.342469439691337252e-01	9.877413362303720801e-01
1.461461461461461511e+02	6.347409879481897832e-01	9.879171969342130932e-01
1.463463463463463654e+02	6.352359415322650360e-01	9.880909336102594587e-01
1.465465465465465513e+02	6.357318019511668528e-01	9.882625654114236546e-01
1.467467467467467657e+02	6.362285664133549012e-01	9.884321114170545597e-01
1.469469469469469516e+02	6.367262321059763419e-01	9.885995906316760173e-01
1.471471471471471659e+02	6.372247961949040196e-01	9.887650219837509358e-01
1.473473473473473518e+02	6.377242558247736559e-01	9.889284243244720329e-01
1.475475475475475662e+02	6.382246081190221521e-01	9.890898164265798931e-01
1.477477477477477521e+02	6.387258501799275567e-01	9.892492169832063365e-01
1.479479479479479664e+02	6.392279790886492563e-01	9.894066446067442122e-01
1.481481481481481524e+02	6.397309919052686089e-01	9.895621178277437258e-01
1.483483483483483667e+02	6.402348856688315770e-01	9.897156550938344122e-01
1.485485485485485526e+02	6.407396573973908049e-01	9.898672747686728668e-01
1.487487487487487670e+02	6.412453040880499167e-01	9.900169951309166771e-01
1.489489489489489529e+02	6.417518227170071476e-01	9.901648343732233348e-01
1.491491491491491672e+02	6.422592102396015301e-01	9.903108106012752376e-01
1.493493493493493531e+02	6.427674635903577460e-01	9.904549418328294497e-01
1.495495495495495675e+02	6.432765796830344218e-01	9.905972459967937738e-01
1.497497497497497534e+02	6.437865554106704247e-01	9.907377409323258055e-01
1.499499499499499677e+02	6.442973876456346005e-01	9.908764443879596318e-01
1.501501501501501536e+02	6.448090732396746239e-01	9.910133740207547337e-01
1.503503503503503680e+02	6.453216090239670688e-01	9.911485473954713132e-01
1.505505505505505539e+02	6.458349918091684794e-01	9.912819819837690449e-01
1.507507507507507682e+02	6.463492183854676609e-01	9.914136951634306971e-01
1.509509509509509542e+02	6.468642855226376387e-01	9.915437042176092897e-01
1.511511511511511685e+02	6.473801899700897255e-01	9.916720263340997876e-01
1.513513513513513544e+02	6.478969284569274789e-01	9.917986786046343317e-01
1.515515515515515688e+02	6.484144976920017678e-01	9.919236780242011164e-01
1.517517517517517547e+02	6.489328943639668390e-01	9.920470414903862499e-01
1.519519519519519690e+02	6.494521151413373827e-01	9.921687858027399276e-01
1.521521521521521549e+02	6.499721566725453759e-01	9.922889276621643662e-01
1.523523523523523693e+02	6.504930155859989238e-01	9.924074836703254965e-01
1.525525525525525552e+02	6.510146884901414355e-01	9.925244703290871939e-01
1.527527527527527695e+02	6.515371719735113532e-01	9.926399040399676021e-01
1.529529529529529555e+02	6.520604626048032149e-01	9.927538011036182164e-01
1.531531531531531698e+02	6.525845569329292717e-01	9.928661777193249494e-01
1.533533533533533557e+02	6.531094514870813272e-01	9.929770499845307352e-01
1.535535535535535701e+02	6.536351427767947975e-01	9.930864338943805603e-01
1.537537537537537560e+02	6.541616272920122155e-01	9.931943453412868106e-01
1.539539539539539703e+02	6.546889015031480685e-01	9.933008001145177124e-01
1.541541541541541562e+02	6.552169618611544122e-01	9.934058138998045351e-01
1.543543543543543706e+02	6.557458047975875948e-01	9.935094022789718871e-01
1.545545545545545565e+02	6.562754267246748707e-01	9.936115807295873292e-01
1.547547547547547708e+02	6.568058240353831234e-01	9.937123646246315278e-01
1.549549549549549567e+02	6.573369931034868108e-01	9.938117692321890573e-01
1.551551551551551711e+02	6.578689302836383535e-01	9.939098097151591871e-01
1.553553553553553570e+02	6.584016319114378568e-01	9.940065011309860976e-01
1.555555555555555713e+02	6.589350943035048314e-01	9.941018584314089690e-01
1.557557557557557573e+02	6.594693137575495800e-01	9.941958964622310546e-01
1.559559559559559716e+02	6.600042865524463620e-01	9.942886299631084057e-01
1.561561561561561575e+02	6.605400089483063342e-01	9.943800735673572477e-01
1.563563563563563719e+02	6.610764771865526024e-01	9.944702418017796752e-01
1.565565565565565578e+02	6.616136874899944953e-01	9.945591490865081097e-01
1.567567567567567721e+02	6.621516360629039477e-01	9.946468097348686310e-01
1.569569569569569580e+02	6.626903190910915509e-01	9.947332379532605184e-01
1.571571571571571724e+02	6.632297327419846011e-01	9.948184478410558862e-01
1.573573573573573583e+02	6.637698731647044825e-01	9.949024533905145296e-01
1.575575575575575726e+02	6.643107364901461587e-01	9.949852684867180885e-01
1.577577577577577586e+02	6.648523188310572207e-01	9.950669069075197548e-01
1.579579579579579729e+02	6.653946162821189336e-01	9.951473823235114091e-01
1.581581581581581588e+02	6.659376249200269493e-01	9.952267082980078561e-01
1.583583583583583732e+02	6.664813408035732412e-01	9.953048982870464911e-01
1.585585585585585591e+02	6.670257599737289267e-01	9.953819656394038429e-01
1.587587587587587734e+02	6.675708784537276452e-01	9.954579235966273254e-01
1.589589589589589593e+02	6.681166922491494908e-01	9.955327852930835331e-01
1.591591591591591737e+02	6.686631973480063884e-01	9.956065637560210790e-01
1.593593593593593596e+02	6.692103897208270258e-01	9.956792719056494212e-01
1.595595595595595739e+02	6.697582653207437842e-01	9.957509225552317877e-01
1.597597597597597598e+02	6.703068200835795576e-01	9.958215284111938681e-01
1.599599599599599742e+02	6.708560499279357936e-01	9.958911020732461594e-01
1.601601601601601601e+02	6.714059507552807560e-01	9.959596560345205241e-01
1.603603603603603744e+02	6.719565184500392307e-01	9.960272026817220681e-01
1.605605605605605604e+02	6.725077488796817882e-01	9.960937542952925661e-01
1.607607607607607747e+02	6.730596378948165981e-01	9.961593230495900952e-01
1.609609609609609606e+02	6.736121813292794691e-01	9.962239210130794387e-01
1.611611611611611750e+02	6.741653750002273293e-01	9.962875601485376986e-01
1.613613613613613609e+02	6.747192147082302638e-01	9.963502523132711231e-01
1.615615615615615752e+02	6.752736962373654395e-01	9.964120092593459210e-01
1.617617617617617611e+02	6.758288153553109190e-01	9.964728426338305134e-01
1.619619619619619755e+02	6.763845678134411399e-01	9.965327639790502179e-01
1.621621621621621614e+02	6.769409493469220607e-01	9.965917847328542578e-01
1.623623623623623757e+02	6.774979556748084164e-01	9.966499162288938729e-01
1.625625625625625617e+02	6.780555825001389758e-01	9.967071696969124206e-01
1.627627627627627760e+02	6.786138255100364614e-01	9.967635562630463575e-01
1.629629629629629619e+02	6.791726803758041386e-01	9.968190869501376561e-01
1.631631631631631763e+02	6.797321427530257365e-01	9.968737726780565467e-01
1.633633633633633622e+02	6.802922082816650340e-01	9.969276242640350283e-01
1.635635635635635765e+02	6.808528725861662245e-01	9.969806524230110378e-01
1.637637637637637624e+02	6.814141312755550572e-01	9.970328677679823892e-01
1.639639639639639768e+02	6.819759799435404224e-01	9.970842808103707045e-01
1.641641641641641627e+02	6.825384141686167139e-01	9.971349019603951147e-01
1.643643643643643770e+02	6.831014295141671910e-01	9.971847415274553983e-01
1.645645645645645629e+02	6.836650215285673404e-01	9.972338097205241114e-01
1.647647647647647773e+02	6.842291857452894588e-01	9.972821166485484889e-01
1.649649649649649632e+02	6.847939176830071251e-01	9.973296723208602277e-01
1.651651651651651775e+02	6.853592128457015598e-01	9.973764866475945956e-01
1.653653653653653635e+02	6.859250667227674292e-01	9.974225694401176456e-01
1.655655655655655778e+02	6.864914747891195379e-01	9.974679304114615341e-01
1.657657657657657637e+02	6.870584325053008534e-01	9.975125791767682770e-01
1.659659659659659781e+02	6.876259353175904199e-01	9.975565252537402783e-01
1.661661661661661640e+02	6.881939786581114937e-01	9.975997780630997402e-01
1.663663663663663783e+02	6.887625579449421220e-01	9.976423469290545132e-01
1.665665665665665642e+02	6.893316685822239442e-01	9.976842410797711613e-01
1.667667667667667786e+02	6.899013059602734366e-01	9.977254696478554674e-01
1.669669669669669645e+02	6.904714654556926012e-01	9.977660416708393765e-01
1.671671671671671788e+02	6.910421424314815431e-01	9.978059660916742679e-01
1.673673673673673647e+02	6.916133322371496028e-01	9.978452517592307780e-01
1.675675675675675791e+02	6.921850302088293772e-01	9.978839074288053945e-01
1.677677677677677650e+02	6.927572316693895171e-01	9.979219417626317146e-01
1.679679679679679793e+02	6.933299319285495255e-01	9.979593633303986966e-01
1.681681681681681653e+02	6.939031262829933322e-01	9.979961806097737975e-01
1.683683683683683796e+02	6.944768100164858682e-01	9.980324019869319940e-01
1.685685685685685655e+02	6.950509783999876401e-01	9.980680357570894667e-01
1.687687687687687799e+02	6.956256266917721920e-01	9.981030901250423915e-01
1.689689689689689658e+02	6.962007501375419016e-01	9.981375732057115036e-01
1.691691691691691801e+02	6.967763439705462192e-01	9.981714930246898820e-01
1.693693693693693660e+02	6.973524034116994619e-01	9.982048575187960626e-01
1.695695695695695804e+02	6.979289236696992749e-01	9.982376745366318138e-01
1.697697697697697663e+02	6.985058999411456471e-01	9.982699518391429105e-01
1.699699699699699806e+02	6.990833274106608153e-01	9.983016971001849038e-01
1.701701701701701666e+02	6.996612012510089462e-01	9.983329179070919990e-01
1.703703703703703809e+02	7.002395166232171508e-01	9.983636217612502639e-01
1.705705705705705668e+02	7.008182686766963876e-01	9.983938160786733906e-01
1.707707707707707812e+02	7.013974525493634760e-01	9.984235081905825648e-01
1.709709709709709955e+02	7.019770633677626659e-01	9.984527053439886668e-01
1.711711711711711814e+02	7.025570962471890946e-01	9.984814147022785802e-01
1.713713713713713958e+02	7.031375462918113550e-01	9.985096433458029441e-01
1.715715715715715817e+02	7.037184085947951750e-01	9.985373982724673469e-01
1.717717717717717960e+02	7.042996782384278731e-01	9.985646863983261845e-01
1.719719719719719819e+02	7.048813502942429254e-01	9.985915145581781838e-01
1.721721721721721963e+02	7.054634198231447550e-01	9.986178895061643690e-01
1.723723723723723822e+02	7.060458818755345201e-01	9.986438179163686923e-01
1.725725725725725965e+02	7.066287314914361239e-01	9.986693063834194417e-01
1.727727727727727824e+02	7.072119637006224480e-01	9.986943614230933131e-01
1.729729729729729968e+02	7.077955735227429157e-01	9.987189894729204820e-01
1.731731731731731827e+02	7.083795559674500586e-01	9.987431968927916737e-01
1.733733733733733970e+02	7.089639060345278576e-01	9.987669899655658989e-01
1.735735735735735830e+02	7.095486187140197520e-01	9.987903748976802998e-01
1.737737737737737973e+02	7.101336889863576474e-01	9.988133578197598839e-01
1.739739739739739832e+02	7.107191118224903681e-01	9.988359447872291463e-01
1.741741741741741976e+02	7.113048821840139979e-01	9.988581417809239138e-01
1.743743743743743835e+02	7.118909950233013317e-01	9.988799547077042984e-01
1.745745745745745978e+02	7.124774452836322158e-01	9.989013894010676520e-01
1.747747747747747837e+02	7.130642278993242211e-01	9.989224516217625194e-01
1.749749749749749981e+02	7.136513377958645377e-01	9.989431470584021477e-01
1.751751751751751840e+02	7.142387698900402038e-01	9.989634813280789949e-01
1.753753753753753983e+02	7.148265190900713328e-01	9.989834599769785717e-01
1.755755755755755843e+02	7.154145802957424527e-01	9.990030884809937284e-01
1.757757757757757986e+02	7.160029483985359544e-01	9.990223722463384970e-01
1.759759759759759845e+02	7.165916182817642088e-01	9.990413166101613784e-01
1.761761761761761989e+02	7.171805848207041256e-01	9.990599268411589629e-01
1.763763763763763848e+02	7.177698428827297139e-01	9.990782081401884396e-01
1.765765765765765991e+02	7.183593873274473074e-01	9.990961656408795522e-01
1.767767767767767850e+02	7.189492130068290132e-01	9.991138044102461091e-01
1.769769769769769994e+02	7.195393147653484922e-01	9.991311294492961625e-01
1.771771771771771853e+02	7.201296874401149628e-01	9.991481456936419647e-01
1.773773773773773996e+02	7.207203258610099805e-01	9.991648580141085922e-01
1.775775775775775855e+02	7.213112248508218860e-01	9.991812712173407940e-01
1.777777777777777999e+02	7.219023792253831395e-01	9.991973900464097280e-01
1.779779779779779858e+02	7.224937837937055463e-01	9.992132191814178110e-01
1.781781781781782001e+02	7.230854333581180349e-01	9.992287632401021247e-01
1.783783783783783861e+02	7.236773227144027709e-01	9.992440267784366004e-01
1.785785785785786004e+02	7.242694466519331575e-01	9.992590142912322060e-01
1.787787787787787863e+02	7.248617999538108370e-01	9.992737302127361332e-01
1.789789789789790007e+02	7.254543773970040244e-01	9.992881789172287643e-01
1.791791791791791866e+02	7.260471737524853975e-01	9.993023647196185300e-01
1.793793793793794009e+02	7.266401837853705414e-01	9.993162918760361002e-01
1.795795795795795868e+02	7.272334022550565047e-01	9.993299645844249124e-01
1.797797797797798012e+02	7.278268239153611319e-01	9.993433869851311435e-01
1.799799799799799871e+02	7.284204435146615086e-01	9.993565631614906852e-01
1.801801801801802014e+02	7.290142557960342939e-01	9.993694971404141203e-01
1.803803803803803874e+02	7.296082554973942758e-01	9.993821928929695897e-01
1.805805805805806017e+02	7.302024373516353695e-01	9.993946543349632172e-01
1.807807807807807876e+02	7.307967960867699508e-01	9.994068853275173137e-01
1.809809809809810019e+02	7.313913264260694103e-01	9.994188896776453612e-01
1.811811811811811879e+02	7.319860230882047070e-01	9.994306711388261100e-01
1.813813813813814022e+02	7.325808807873871453e-01	9.994422334115731221e-01
1.815815815815815881e+02	7.331758942335091511e-01	9.994535801440028733e-01
1.817817817817818025e+02	7.337710581322856029e-01	9.994647149324002999e-01
1.819819819819819884e+02	7.343663671853949415e-01	9.994756413217805724e-01
1.821821821821822027e+02	7.349618160906210562e-01	9.994863628064489802e-01
1.823823823823823886e+02	7.355573995419941724e-01	9.994968828305577091e-01
1.825825825825826030e+02	7.361531122299336261e-01	9.995072047886596200e-01
1.827827827827827889e+02	7.367489488413893062e-01	9.995173320262585870e-01
1.829829829829830032e+02	7.373449040599838744e-01	9.995272678403582800e-01
1.831831831831831892e+02	7.379409725661549846e-01	9.995370154800058415e-01
1.833833833833834035e+02	7.385371490372983905e-01	9.995465781468344524e-01
1.835835835835835894e+02	7.391334281479093882e-01	9.995559589956015678e-01
1.837837837837838038e+02	7.397298045697267010e-01	9.995651611347236010e-01
1.839839839839839897e+02	7.403262729718741442e-01	9.995741876268093851e-01
1.841841841841842040e+02	7.409228280210049533e-01	9.995830414891877513e-01
1.843843843843843899e+02	7.415194643814433384e-01	9.995917256944336637e-01
1.845845845845846043e+02	7.421161767153290345e-01	9.996002431708904679e-01
1.847847847847847902e+02	7.427129596827595215e-01	9.996085968031884761e-01
1.849849849849850045e+02	7.433098079419341309e-01	9.996167894327607772e-01
1.851851851851851904e+02	7.439067161492967095e-01	9.996248238583547163e-01
1.853853853853854048e+02	7.445036789596802818e-01	9.996327028365410428e-01
1.855855855855855907e+02	7.451006910264491578e-01	9.996404290822185068e-01
1.857857857857858050e+02	7.456977470016441512e-01	9.996480052691154583e-01
1.859859859859859910e+02	7.462948415361247978e-01	9.996554340302881148e-01
1.861861861861862053e+02	7.468919692797144627e-01	9.996627179586146106e-01
1.863863863863863912e+02	7.474891248813432254e-01	9.996698596072862708e-01
1.865865865865866056e+02	7.480863029891922089e-01	9.996768614902943328e-01
1.867867867867867915e+02	7.486834982508373537e-01	9.996837260829136707e-01
1.869869869869870058e+02	7.492807053133933026e-01	9.996904558221830772e-01
1.871871871871871917e+02	7.498779188236570636e-01	9.996970531073807731e-01
1.873873873873874061e+02	7.504751334282527830e-01	9.997035203004978055e-01
1.875875875875875920e+02	7.510723437737747421e-01	9.997098597267063402e-01
1.877877877877878063e+02	7.516695445069320192e-01	9.997160736748248455e-01
1.879879879879879923e+02	7.522667302746920415e-01	9.997221643977796113e-01
1.881881881881882066e+02	7.528638957244246921e-01	9.997281341130623833e-01
1.883883883883883925e+02	7.534610355040463059e-01	9.997339850031840003e-01
1.885885885885886069e+02	7.540581442621633323e-01	9.997397192161250334e-01
1.887887887887887928e+02	7.546552166482165536e-01	9.997453388657815410e-01
1.889889889889890071e+02	7.552522473126246361e-01	9.997508460324078250e-01
1.891891891891891930e+02	7.558492309069277937e-01	9.997562427630553028e-01
1.893893893893894074e+02	7.564461620839322276e-01	9.997615310720071591e-01
1.895895895895895933e+02	7.570430354978529008e-01	9.997667129412100007e-01
1.897897897897898076e+02	7.576398458044578677e-01	9.997717903207004042e-01
1.899899899899899935e+02	7.582365876612112698e-01	9.997767651290291324e-01
1.901901901901902079e+02	7.588332557274174439e-01	9.997816392536804653e-01
1.903903903903903938e+02	7.594298446643636957e-01	9.997864145514880896e-01
1.905905905905906081e+02	7.600263491354639633e-01	9.997910928490474358e-01
1.907907907907907941e+02	7.606227638064018137e-01	9.997956759431233520e-01
1.909909909909910084e+02	7.612190833452738836e-01	9.998001656010551130e-01
1.911911911911911943e+02	7.618153024227325432e-01	9.998045635611565451e-01
1.913913913913914087e+02	7.624114157121288926e-01	9.998088715331132637e-01
1.915915915915915946e+02	7.630074178896555370e-01	9.998130911983750257e-01
1.917917917917918089e+02	7.636033036344892500e-01	9.998172242105454188e-01
1.919919919919919948e+02	7.641990676289334150e-01	9.998212721957672189e-01
1.921921921921922092e+02	7.647947045585604675e-01	9.998252367531035301e-01
1.923923923923923951e+02	7.653902091123541140e-01	9.998291194549158156e-01
1.925925925925926094e+02	7.659855759828512189e-01	9.998329218472380431e-01
1.927927927927927954e+02	7.665807998662838019e-01	9.998366454501468326e-01
1.929929929929930097e+02	7.671758754627210353e-01	9.998402917581273863e-01
1.931931931931931956e+02	7.677707974762104648e-01	9.998438622404369758e-01
1.933933933933934100e+02	7.683655606149195627e-01	9.998473583414635435e-01
1.935935935935935959e+02	7.689601595912768373e-01	9.998507814810807526e-01
1.937937937937938102e+02	7.695545891221130530e-01	9.998541330549995942e-01
1.939939939939939961e+02	7.701488439288015631e-01	9.998574144351164428e-01
1.941941941941942105e+02	7.707429187373997514e-01	9.998606269698564475e-01
1.943943943943943964e+02	7.713368082787886992e-01	9.998637719845149263e-01
1.945945945945946107e+02	7.719305072888136277e-01	9.998668507815929862e-01
1.947947947947947966e+02	7.725240105084238973e-01	9.998698646411314783e-01
1.949949949949950110e+02	7.731173126838128962e-01	9.998728148210397348e-01
1.951951951951951969e+02	7.737104085665570397e-01	9.998757025574218638e-01
1.953953953953954112e+02	7.743032929137557696e-01	9.998785290648984914e-01
1.955955955955955972e+02	7.748959604881697771e-01	9.998812955369256184e-01
1.957957957957958115e+02	7.754884060583606686e-01	9.998840031461095901e-01
1.959959959959959974e+02	7.760806243988285225e-01	9.998866530445182921e-01
1.961961961961962118e+02	7.766726102901508888e-01	9.998892463639892370e-01
1.963963963963963977e+02	7.772643585191203464e-01	9.998917842164335434e-01
1.965965965965966120e+02	7.778558638788825030e-01	9.998942676941375840e-01
1.967967967967967979e+02	7.784471211690728865e-01	9.998966978700591923e-01
1.969969969969970123e+02	7.790381251959548337e-01	9.998990757981226496e-01
1.971971971971971982e+02	7.796288707725554934e-01	9.999014025135080086e-01
1.973973973973974125e+02	7.802193527188032718e-01	9.999036790329390856e-01
1.975975975975975985e+02	7.808095658616630574e-01	9.999059063549662341e-01
1.977977977977978128e+02	7.813995050352730010e-01	9.999080854602468982e-01
1.979979979979979987e+02	7.819891650810792960e-01	9.999102173118222803e-01
1.981981981981982130e+02	7.825785408479724037e-01	9.999123028553910109e-01
1.983983983983983990e+02	7.831676271924210564e-01	9.999143430195789328e-01
1.985985985985986133e+02	7.837564189786074831e-01	9.999163387162057770e-01
1.987987987987987992e+02	7.843449110785611911e-01	9.999182908405495063e-01
1.989989989989990136e+02	7.849330983722935251e-01	9.999202002716054416e-01
1.991991991991991995e+02	7.855209757479303390e-01	9.999220678723441669e-01
1.993993993993994138e+02	7.861085381018462215e-01	9.999238944899647707e-01
1.995995995995995997e+02	7.866957803387960579e-01	9.999256809561457571e-01
1.997997997997998141e+02	7.872826973720488120e-01	9.999274280872921805e-01
2.000000000000000000e+02	7.878692841235187538e-01	9.999291366847802287e-01
