0.0000000000	0.5864446465	0.6198750305
0.2002002002	0.5876570458	0.6213460152
0.4004004004	0.5888801718	0.6228267171
0.6006006006	0.5901140096	0.6243170677
0.8008008008	0.5913585421	0.6258169963
1.0010010010	0.5926137503	0.6273264300
1.2012012012	0.5938796130	0.6288452937
1.4014014014	0.5951561069	0.6303735102
1.6016016016	0.5964432066	0.6319110001
1.8018018018	0.5977408847	0.6334576821
2.0020020020	0.5990491117	0.6350134724
2.2022022022	0.6003678557	0.6365782853
2.4024024024	0.6016970830	0.6381520330
2.6026026026	0.6030367575	0.6397346255
2.8028028028	0.6043868412	0.6413259708
3.0030030030	0.6057472937	0.6429259748
3.2032032032	0.6071180726	0.6445345413
3.4034034034	0.6084991332	0.6461515722
3.6036036036	0.6098904287	0.6477769671
3.8038038038	0.6112919102	0.6494106238
4.0040040040	0.6127035264	0.6510524382
4.2042042042	0.6141252241	0.6527023039
4.4044044044	0.6155569478	0.6543601129
4.6046046046	0.6169986396	0.6560257549
4.8048048048	0.6184502398	0.6576991179
5.0050050050	0.6199116862	0.6593800881
5.2052052052	0.6213829146	0.6610685496
5.4054054054	0.6228638586	0.6627643847
5.6056056056	0.6243544495	0.6644674739
5.8058058058	0.6258546166	0.6661776960
6.0060060060	0.6273642870	0.6678949279
6.2062062062	0.6288833854	0.6696190447
6.4064064064	0.6304118347	0.6713499198
6.6066066066	0.6319495555	0.6730874251
6.8068068068	0.6334964662	0.6748314305
7.0070070070	0.6350524831	0.6765818045
7.2072072072	0.6366175205	0.6783384138
7.4074074074	0.6381914904	0.6801011237
7.6076076076	0.6397743028	0.6818697978
7.8078078078	0.6413658658	0.6836442983
8.0080080080	0.6429660850	0.6854244857
8.2082082082	0.6445748643	0.6872102193
8.4084084084	0.6461921055	0.6890013567
8.6086086086	0.6478177082	0.6907977544
8.8088088088	0.6494515702	0.6925992673
9.0090090090	0.6510935872	0.6944057491
9.2092092092	0.6527436528	0.6962170521
9.4094094094	0.6544016589	0.6980330275
9.6096096096	0.6560674953	0.6998535252
9.8098098098	0.6577410500	0.7016783939
10.0100100100	0.6594222088	0.7035074811
10.2102102102	0.6611108561	0.7053406334
10.4104104104	0.6628068740	0.7071776961
10.6106106106	0.6645101431	0.7090185137
10.8108108108	0.6662205419	0.7108629295
11.0110110110	0.6679379474	0.7127107859
11.2112112112	0.6696622347	0.7145619246
11.4114114114	0.6713932772	0.7164161861
11.6116116116	0.6731309466	0.7182734103
11.8118118118	0.6748751128	0.7201334363
12.0120120120	0.6766256443	0.7219961025
12.2122122122	0.6783824078	0.7238612463
12.4124124124	0.6801452684	0.7257287048
12.6126126126	0.6819140899	0.7275983143
12.8128128128	0.6836887342	0.7294699106
13.0130130130	0.6854690620	0.7313433290
13.2132132132	0.6872549324	0.7332184041
13.4134134134	0.6890462031	0.7350949704
13.6136136136	0.6908427305	0.7369728617
13.8138138138	0.6926443694	0.7388519117
14.0140140140	0.6944509735	0.7407319535
14.2142142142	0.6962623952	0.7426128201
14.4144144144	0.6980784855	0.7444943445
14.6146146146	0.6998990943	0.7463763590
14.8148148148	0.7017240703	0.7482586962
15.0150150150	0.7035532610	0.7501411886
15.2152152152	0.7053865130	0.7520236683
15.4154154154	0.7072236715	0.7539059679
15.6156156156	0.7090645809	0.7557879195
15.8158158158	0.7109090846	0.7576693559
16.0160160160	0.7127570251	0.7595501095
16.2162162162	0.7146082437	0.7614300131
16.4164164164	0.7164625813	0.7633088999
16.6166166166	0.7183198775	0.7651866031
16.8168168168	0.7201799715	0.7670629562
17.0170170170	0.7220427015	0.7689377934
17.2172172172	0.7239079052	0.7708109490
17.4174174174	0.7257754195	0.7726822578
17.6176176176	0.7276450807	0.7745515551
17.8178178178	0.7295167246	0.7764186768
18.0180180180	0.7313901864	0.7782834594
18.2182182182	0.7332653008	0.7801457398
18.4184184184	0.7351419022	0.7820053559
18.6186186186	0.7370198246	0.7838621459
18.8188188188	0.7388989013	0.7857159492
19.0190190190	0.7407789658	0.7875666057
19.2192192192	0.7426598509	0.7894139561
19.4194194194	0.7445413895	0.7912578422
19.6196196196	0.7464234142	0.7930981064
19.8198198198	0.7483057574	0.7949345925
20.0200200200	0.7501882514	0.7967671449
20.2202202202	0.7520707287	0.7985956091
20.4204204204	0.7539530216	0.8004198318
20.6206206206	0.7558349624	0.8022396608
20.8208208208	0.7577163837	0.8040549448
21.0210210210	0.7595971181	0.8058655342
21.2212212212	0.7614769984	0.8076712800
21.4214214214	0.7633558576	0.8094720349
21.6216216216	0.7652335290	0.8112676528
21.8218218218	0.7671098463	0.8130579888
22.0220220220	0.7689846435	0.8148428995
22.2222222222	0.7708577549	0.8166222428
22.4224224224	0.7727290154	0.8183958781
22.6226226226	0.7745982604	0.8201636664
22.8228228228	0.7764653256	0.8219254698
23.0230230230	0.7783300476	0.8236811524
23.2232232232	0.7801922634	0.8254305795
23.4234234234	0.7820518107	0.8271736183
23.6236236236	0.7839085281	0.8289101373
23.8238238238	0.7857622546	0.8306400068
24.0240240240	0.7876128304	0.8323630989
24.2242242242	0.7894600961	0.8340792872
24.4244244244	0.7913038936	0.8357884472
24.6246246246	0.7931440653	0.8374904560
24.8248248248	0.7949804549	0.8391851926
25.0250250250	0.7968129069	0.8408725378
25.2252252252	0.7986412670	0.8425523743
25.4254254254	0.8004653817	0.8442245864
25.6256256256	0.8022850989	0.8458890605
25.8258258258	0.8041002674	0.8475456850
26.0260260260	0.8059107375	0.8491943498
26.2262262262	0.8077163603	0.8508349473
26.4264264264	0.8095169886	0.8524673714
26.6266266266	0.8113124761	0.8540915182
26.8268268268	0.8131026783	0.8557072857
27.0270270270	0.8148874515	0.8573145740
27.2272272272	0.8166666538	0.8589132853
27.4274274274	0.8184401447	0.8605033236
27.6276276276	0.8202077850	0.8620845953
27.8278278278	0.8219694370	0.8636570084
28.0280280280	0.8237249649	0.8652204735
28.2282282282	0.8254742339	0.8667749030
28.4284284284	0.8272171112	0.8683202114
28.6286286286	0.8289534656	0.8698563155
28.8288288288	0.8306831672	0.8713831341
29.0290290290	0.8324060882	0.8729005881
29.2292292292	0.8341221024	0.8744086007
29.4294294294	0.8358310850	0.8759070972
29.6296296296	0.8375329135	0.8773960050
29.8298298298	0.8392274668	0.8788752536
30.0300300300	0.8409146258	0.8803447749
30.2302302302	0.8425942730	0.8818045028
30.4304304304	0.8442662930	0.8832543734
30.6306306306	0.8459305723	0.8846943251
30.8308308308	0.8475869991	0.8861242983
31.0310310310	0.8492354636	0.8875442357
31.2312312312	0.8508758579	0.8889540822
31.4314314314	0.8525080763	0.8903537847
31.6316316316	0.8541320149	0.8917432926
31.8318318318	0.8557475716	0.8931225572
32.0320320320	0.8573546468	0.8944915321
32.2322322322	0.8589531424	0.8958501731
32.4324324324	0.8605429627	0.8971984380
32.6326326326	0.8621240139	0.8985362870
32.8328328328	0.8636962045	0.8998636822
33.0330330330	0.8652594447	0.9011805882
33.2332332332	0.8668136472	0.9024869713
33.4334334334	0.8683587265	0.9037828003
33.6336336336	0.8698945994	0.9050680459
33.8338338338	0.8714211849	0.9063426811
34.0340340340	0.8729384038	0.9076066809
34.2342342342	0.8744461794	0.9088600223
34.4344344344	0.8759444371	0.9101026846
34.6346346346	0.8774331042	0.9113346490
34.8348348348	0.8789121105	0.9125558988
35.0350350350	0.8803813877	0.9137664195
35.2352352352	0.8818408700	0.9149661983
35.4354354354	0.8832904934	0.9161552248
35.6356356356	0.8847301963	0.9173334903
35.8358358358	0.8861599193	0.9185009882
36.0360360360	0.8875796051	0.9196577140
36.2362362362	0.8889891986	0.9208036648
36.4364364364	0.8903886469	0.9219388400
36.6366366366	0.8917778993	0.9230632408
36.8368368368	0.8931569072	0.9241768702
37.0370370370	0.8945256243	0.9252797332
37.2372372372	0.8958840064	0.9263718365
37.4374374374	0.8972320114	0.9274531890
37.6376376376	0.8985695994	0.9285238009
37.8378378378	0.8998967329	0.9295836847
38.0380380380	0.9012133761	0.9306328543
38.2382382382	0.9025194958	0.9316713255
38.4384384384	0.9038150605	0.9326991160
38.6386386386	0.9051000412	0.9337162449
38.8388388388	0.9063744108	0.9347227333
39.0390390390	0.9076381444	0.9357186036
39.2392392392	0.9088912191	0.9367038803
39.4394394394	0.9101336141	0.9376785891
39.6396396396	0.9113653109	0.9386427575
39.8398398398	0.9125862927	0.9395964146
40.0400400400	0.9137965449	0.9405395910
40.2402402402	0.9149960551	0.9414723187
40.4404404404	0.9161848126	0.9423946314
40.6406406406	0.9173628090	0.9433065641
40.8408408408	0.9185300377	0.9442081533
41.0410410410	0.9196864941	0.9450994370
41.2412412412	0.9208321755	0.9459804545
41.4414414414	0.9219670813	0.9468512465
41.6416416416	0.9230912128	0.9477118550
41.8418418418	0.9242045730	0.9485623234
42.0420420420	0.9253071669	0.9494026962
42.2422422422	0.9263990013	0.9502330194
42.4424424424	0.9274800851	0.9510533401
42.6426426426	0.9285504287	0.9518637066
42.8428428428	0.9296100444	0.9526641683
43.0430430430	0.9306589463	0.9534547760
43.2432432432	0.9316971504	0.9542355814
43.4434434434	0.9327246741	0.9550066373
43.6436436436	0.9337415367	0.9557679976
43.8438438438	0.9347477593	0.9565197174
44.0440440440	0.9357433646	0.9572618526
44.2442442442	0.9367283767	0.9579944601
44.4444444444	0.9377028217	0.9587175979
44.6446446446	0.9386667270	0.9594313247
44.8448448448	0.9396201217	0.9601357004
45.0450450450	0.9405630364	0.9608307855
45.2452452452	0.9414955033	0.9615166415
45.4454454454	0.9424175560	0.9621933306
45.6456456456	0.9433292297	0.9628609160
45.8458458458	0.9442305608	0.9635194613
46.0460460460	0.9451215874	0.9641690313
46.2462462462	0.9460023488	0.9648096911
46.4464464464	0.9468728857	0.9654415067
46.6466466466	0.9477332401	0.9660645447
46.8468468468	0.9485834556	0.9666788722
47.0470470470	0.9494235766	0.9672845573
47.2472472472	0.9502536492	0.9678816682
47.4474474474	0.9510737204	0.9684702738
47.6476476476	0.9518838386	0.9690504438
47.8478478478	0.9526840534	0.9696222479
48.0480480480	0.9534744154	0.9701857568
48.2482482482	0.9542549764	0.9707410412
48.4484484484	0.9550257892	0.9712881724
48.6486486486	0.9557869079	0.9718272222
48.8488488488	0.9565383874	0.9723582627
49.0490490490	0.9572802837	0.9728813661
49.2492492492	0.9580126537	0.9733966054
49.4494494494	0.9587355555	0.9739040534
49.6496496496	0.9594490478	0.9744037836
49.8498498498	0.9601531905	0.9748958694
50.0500500501	0.9608480441	0.9753803846
50.2502502503	0.9615336702	0.9758574033
50.4504504505	0.9622101310	0.9763269995
50.6506506507	0.9628774895	0.9767892477
50.8508508509	0.9635358097	0.9772442222
51.0510510511	0.9641851561	0.9776919976
51.2512512513	0.9648255940	0.9781326486
51.4514514515	0.9654571893	0.9785662500
51.6516516517	0.9660800087	0.9789928764
51.8518518519	0.9666941194	0.9794126028
52.0520520521	0.9672995893	0.9798255039
52.2522522523	0.9678964867	0.9802316546
52.4524524525	0.9684848806	0.9806311296
52.6526526527	0.9690648405	0.9810240036
52.8528528529	0.9696364365	0.9814103514
53.0530530531	0.9701997388	0.9817902475
53.2532532533	0.9707548185	0.9821637664
53.4534534535	0.9713017469	0.9825309823
53.6536536537	0.9718405956	0.9828919696
53.8538538539	0.9723714367	0.9832468023
54.0540540541	0.9728943427	0.9835955542
54.2542542543	0.9734093862	0.9839382990
54.4544544545	0.9739166404	0.9842751102
54.6546546547	0.9744161786	0.9846060610
54.8548548549	0.9749080742	0.9849312244
55.0550550551	0.9753924011	0.9852506732
55.2552552553	0.9758692333	0.9855644799
55.4554554555	0.9763386450	0.9858727166
55.6556556557	0.9768007104	0.9861754553
55.8558558559	0.9772555040	0.9864727676
56.0560560561	0.9777031004	0.9867647246
56.2562562563	0.9781435743	0.9870513974
56.4564564565	0.9785770003	0.9873328565
56.6566566567	0.9790034534	0.9876091721
56.8568568569	0.9794230082	0.9878804141
57.0570570571	0.9798357396	0.9881466519
57.2572572573	0.9802417225	0.9884079545
57.4574574575	0.9806410316	0.9886643906
57.6576576577	0.9810337416	0.9889160284
57.8578578579	0.9814199271	0.9891629357
58.0580580581	0.9817996629	0.9894051798
58.2582582583	0.9821730233	0.9896428277
58.4584584585	0.9825400826	0.9898759458
58.6586586587	0.9829009152	0.9901046001
58.8588588589	0.9832555949	0.9903288560
59.0590590591	0.9836041957	0.9905487786
59.2592592593	0.9839467913	0.9907644325
59.4594594595	0.9842834550	0.9909758815
59.6596596597	0.9846142603	0.9911831894
59.8598598599	0.9849392800	0.9913864190
60.0600600601	0.9852585868	0.9915856328
60.2602602603	0.9855722534	0.9917808929
60.4604604605	0.9858803518	0.9919722605
60.6606606607	0.9861829540	0.9921597967
60.8608608609	0.9864801315	0.9923435618
61.0610610611	0.9867719556	0.9925236155
61.2612612613	0.9870584972	0.9927000171
61.4614614615	0.9873398268	0.9928728253
61.6616616617	0.9876160147	0.9930420982
61.8618618619	0.9878871308	0.9932078934
62.0620620621	0.9881532443	0.9933702678
62.2622622623	0.9884144244	0.9935292779
62.4624624625	0.9886707397	0.9936849795
62.6626626627	0.9889222584	0.9938374279
62.8628628629	0.9891690483	0.9939866777
63.0630630631	0.9894111767	0.9941327830
63.2632632633	0.9896487106	0.9942757974
63.4634634635	0.9898817163	0.9944157738
63.6636636637	0.9901102598	0.9945527645
63.8638638639	0.9903344066	0.9946868213
64.0640640641	0.9905542217	0.9948179952
64.2642642643	0.9907697697	0.9949463370
64.4644644645	0.9909811144	0.9950718965
64.6646646647	0.9911883196	0.9951947230
64.8648648649	0.9913914480	0.9953148655
65.0650650651	0.9915905622	0.9954323721
65.2652652653	0.9917857242	0.9955472903
65.4654654655	0.9919769954	0.9956596672
65.6656656657	0.9921644366	0.9957695492
65.8658658659	0.9923481081	0.9958769822
66.0660660661	0.9925280698	0.9959820113
66.2662662663	0.9927043809	0.9960846811
66.4664664665	0.9928771000	0.9961850358
66.6666666667	0.9930462852	0.9962831189
66.8668668669	0.9932119942	0.9963789731
67.0670670671	0.9933742838	0.9964726408
67.2672672673	0.9935332105	0.9965641638
67.4674674675	0.9936888301	0.9966535831
67.6676676677	0.9938411979	0.9967409394
67.8678678679	0.9939903684	0.9968262726
68.0680680681	0.9941363958	0.9969096221
68.2682682683	0.9942793337	0.9969910269
68.4684684685	0.9944192348	0.9970705253
68.6686686687	0.9945561515	0.9971481548
68.8688688689	0.9946901356	0.9972239529
69.0690690691	0.9948212381	0.9972979559
69.2692692693	0.9949495097	0.9973702001
69.4694694695	0.9950750002	0.9974407210
69.6696696697	0.9951977591	0.9975095534
69.8698698699	0.9953178351	0.9975767320
70.0700700701	0.9954352764	0.9976422905
70.2702702703	0.9955501305	0.9977062624
70.4704704705	0.9956624445	0.9977686804
70.6706706707	0.9957722647	0.9978295769
70.8708708709	0.9958796370	0.9978889837
71.0710710711	0.9959846066	0.9979469321
71.2712712713	0.9960872180	0.9980034529
71.4714714715	0.9961875154	0.9980585762
71.6716716717	0.9962855422	0.9981123319
71.8718718719	0.9963813413	0.9981647493
72.0720720721	0.9964749549	0.9982158570
72.2722722723	0.9965664247	0.9982656834
72.4724724725	0.9966557920	0.9983142564
72.6726726727	0.9967430972	0.9983616031
72.8728728729	0.9968283803	0.9984077504
73.0730730731	0.9969116808	0.9984527248
73.2732732733	0.9969930375	0.9984965520
73.4734734735	0.9970724886	0.9985392577
73.6736736737	0.9971500720	0.9985808668
73.8738738739	0.9972258247	0.9986214037
74.0740740741	0.9972997833	0.9986608927
74.2742742743	0.9973719840	0.9986993575
74.4744744745	0.9974424622	0.9987368211
74.6746746747	0.9975112529	0.9987733065
74.8748748749	0.9975783906	0.9988088360
75.0750750751	0.9976439090	0.9988434315
75.2752752753	0.9977078416	0.9988771147
75.4754754755	0.9977702212	0.9989099067
75.6756756757	0.9978310801	0.9989418281
75.8758758759	0.9978904501	0.9989728995
76.0760760761	0.9979483624	0.9990031406
76.2762762763	0.9980048479	0.9990325710
76.4764764765	0.9980599367	0.9990612100
76.6766766767	0.9981136586	0.9990890763
76.8768768769	0.9981660428	0.9991161884
77.0770770771	0.9982171182	0.9991425644
77.2772772773	0.9982669129	0.9991682219
77.4774774775	0.9983154549	0.9991931782
77.6776776777	0.9983627712	0.9992174504
77.8778778779	0.9984088889	0.9992410552
78.0780780781	0.9984538343	0.9992640088
78.2782782783	0.9984976332	0.9992863272
78.4784784785	0.9985403112	0.9993080261
78.6786786787	0.9985818931	0.9993291208
78.8788788789	0.9986224036	0.9993496262
79.0790790791	0.9986618667	0.9993695572
79.2792792793	0.9987003061	0.9993889279
79.4794794795	0.9987377451	0.9994077525
79.6796796797	0.9987742063	0.9994260449
79.8798798799	0.9988097121	0.9994438183
80.0800800801	0.9988442846	0.9994610861
80.2802802803	0.9988779453	0.9994778611
80.4804804805	0.9989107152	0.9994941559
80.6806806807	0.9989426152	0.9995099828
80.8808808809	0.9989736655	0.9995253540
81.0810810811	0.9990038861	0.9995402812
81.2812812813	0.9990332966	0.9995547759
81.4814814815	0.9990619160	0.9995688495
81.6816816817	0.9990897633	0.9995825129
81.8818818819	0.9991168567	0.9995957770
82.0820820821	0.9991432145	0.9996086521
82.2822822823	0.9991688542	0.9996211488
82.4824824825	0.9991937933	0.9996332769
82.6826826827	0.9992180486	0.9996450462
82.8828828829	0.9992416369	0.9996564665
83.0830830831	0.9992645745	0.9996675471
83.2832832833	0.9992868772	0.9996782971
83.4834834835	0.9993085608	0.9996887254
83.6836836837	0.9993296406	0.9996988407
83.8838838839	0.9993501315	0.9997086517
84.0840840841	0.9993700482	0.9997181666
84.2842842843	0.9993894051	0.9997273934
84.4844844845	0.9994082163	0.9997363402
84.6846846847	0.9994264955	0.9997450147
84.8848848849	0.9994442561	0.9997534244
85.0850850851	0.9994615114	0.9997615766
85.2852852853	0.9994782742	0.9997694786
85.4854854855	0.9994945572	0.9997771373
85.6856856857	0.9995103726	0.9997845595
85.8858858859	0.9995257325	0.9997917520
86.0860860861	0.9995406488	0.9997987212
86.2862862863	0.9995551329	0.9998054735
86.4864864865	0.9995691960	0.9998120149
86.6866866867	0.9995828494	0.9998183516
86.8868868869	0.9995961035	0.9998244894
87.0870870871	0.9996089691	0.9998304340
87.2872872873	0.9996214564	0.9998361910
87.4874874875	0.9996335754	0.9998417658
87.6876876877	0.9996453360	0.9998471637
87.8878878879	0.9996567477	0.9998523898
88.0880880881	0.9996678198	0.9998574492
88.2882882883	0.9996785616	0.9998623467
88.4884884885	0.9996889820	0.9998670871
88.6886886887	0.9996990897	0.9998716750
88.8888888889	0.9997088931	0.9998761149
89.0890890891	0.9997184007	0.9998804113
89.2892892893	0.9997276205	0.9998845684
89.4894894895	0.9997365604	0.9998885903
89.6896896897	0.9997452281	0.9998924811
89.8898898899	0.9997536313	0.9998962448
90.0900900901	0.9997617772	0.9998998851
90.2902902903	0.9997696730	0.9999034059
90.4904904905	0.9997773257	0.9999068106
90.6906906907	0.9997847421	0.9999101029
90.8908908909	0.9997919289	0.9999132862
91.0910910911	0.9997988926	0.9999163638
91.2912912913	0.9998056396	0.9999193390
91.4914914915	0.9998121758	0.9999222148
91.6916916917	0.9998185075	0.9999249945
91.8918918919	0.9998246404	0.9999276809
92.0920920921	0.9998305802	0.9999302770
92.2922922923	0.9998363326	0.9999327855
92.4924924925	0.9998419029	0.9999352093
92.6926926927	0.9998472964	0.9999375509
92.8928928929	0.9998525183	0.9999398130
93.0930930931	0.9998575736	0.9999419980
93.2932932933	0.9998624671	0.9999441084
93.4934934935	0.9998672036	0.9999461466
93.6936936937	0.9998717878	0.9999481148
93.8938938939	0.9998762241	0.9999500153
94.0940940941	0.9998805169	0.9999518503
94.2942942943	0.9998846706	0.9999536218
94.4944944945	0.9998886892	0.9999553319
94.6946946947	0.9998925768	0.9999569826
94.8948948949	0.9998963373	0.9999585758
95.0950950951	0.9998999746	0.9999601133
95.2952952953	0.9999034924	0.9999615970
95.4954954955	0.9999068943	0.9999630287
95.6956956957	0.9999101838	0.9999644100
95.8958958959	0.9999133644	0.9999657426
96.0960960961	0.9999164394	0.9999670281
96.2962962963	0.9999194121	0.9999682680
96.4964964965	0.9999222855	0.9999694639
96.6966966967	0.9999250628	0.9999706172
96.8968968969	0.9999277469	0.9999717293
97.0970970971	0.9999303408	0.9999728017
97.2972972973	0.9999328472	0.9999738356
97.4974974975	0.9999352688	0.9999748323
97.6976976977	0.9999376084	0.9999757931
97.8978978979	0.9999398685	0.9999767192
98.0980980981	0.9999420517	0.9999776117
98.2982982983	0.9999441602	0.9999784719
98.4984984985	0.9999461966	0.9999793008
98.6986986987	0.9999481631	0.9999800994
98.8988988989	0.9999500620	0.9999808689
99.0990990991	0.9999518953	0.9999816102
99.2992992993	0.9999536653	0.9999823242
99.4994994995	0.9999553739	0.9999830120
99.6996996997	0.9999570231	0.9999836744
99.8998998999	0.9999586149	0.9999843123
100.1001001001	0.9999601510	0.9999849265
100.3003003003	0.9999616335	0.9999855179
100.5005005005	0.9999630638	0.9999860873
100.7007007007	0.9999644439	0.9999866355
100.9009009009	0.9999657753	0.9999871631
101.1011011011	0.9999670596	0.9999876710
101.3013013013	0.9999682984	0.9999881598
101.5015015015	0.9999694932	0.9999886301
101.7017017017	0.9999706455	0.9999890827
101.9019019019	0.9999717566	0.9999895182
102.1021021021	0.9999728280	0.9999899372
102.3023023023	0.9999738609	0.9999903402
102.5025025025	0.9999748567	0.9999907279
102.7027027027	0.9999758167	0.9999911008
102.9029029029	0.9999767419	0.9999914594
103.1031031031	0.9999776336	0.9999918043
103.3033033033	0.9999784930	0.9999921359
103.5035035035	0.9999793211	0.9999924547
103.7037037037	0.9999801190	0.9999927612
103.9039039039	0.9999808878	0.9999930559
104.1041041041	0.9999816283	0.9999933391
104.3043043043	0.9999823417	0.9999936114
104.5045045045	0.9999830288	0.9999938730
104.7047047047	0.9999836906	0.9999941244
104.9049049049	0.9999843279	0.9999943660
105.1051051051	0.9999849416	0.9999945981
105.3053053053	0.9999855324	0.9999948211
105.5055055055	0.9999861013	0.9999950353
105.7057057057	0.9999866489	0.9999952410
105.9059059059	0.9999871761	0.9999954386
106.1061061061	0.9999876834	0.9999956284
106.3063063063	0.9999881717	0.9999958106
106.5065065065	0.9999886417	0.9999959856
106.7067067067	0.9999890938	0.9999961536
106.9069069069	0.9999895289	0.9999963149
107.1071071071	0.9999899474	0.9999964697
107.3073073073	0.9999903501	0.9999966184
107.5075075075	0.9999907374	0.9999967610
107.7077077077	0.9999911099	0.9999968979
107.9079079079	0.9999914682	0.9999970292
108.1081081081	0.9999918127	0.9999971552
108.3083083083	0.9999921440	0.9999972762
108.5085085085	0.9999924625	0.9999973922
108.7087087087	0.9999927687	0.9999975034
108.9089089089	0.9999930631	0.9999976102
109.1091091091	0.9999933461	0.9999977125
109.3093093093	0.9999936180	0.9999978107
109.5095095095	0.9999938794	0.9999979048
109.7097097097	0.9999941306	0.9999979951
109.9099099099	0.9999943719	0.9999980816
110.1101101101	0.9999946038	0.9999981646
110.3103103103	0.9999948265	0.9999982441
110.5105105105	0.9999950405	0.9999983203
110.7107107107	0.9999952460	0.9999983934
110.9109109109	0.9999954435	0.9999984634
111.1111111111	0.9999956330	0.9999985304
111.3113113113	0.9999958151	0.9999985947
111.5115115115	0.9999959899	0.9999986563
111.7117117117	0.9999961577	0.9999987153
111.9119119119	0.9999963189	0.9999987718
112.1121121121	0.9999964735	0.9999988259
112.3123123123	0.9999966220	0.9999988777
112.5125125125	0.9999967645	0.9999989273
112.7127127127	0.9999969012	0.9999989749
112.9129129129	0.9999970324	0.9999990204
113.1131131131	0.9999971583	0.9999990639
113.3133133133	0.9999972791	0.9999991056
113.5135135135	0.9999973950	0.9999991456
113.7137137137	0.9999975062	0.9999991838
113.9139139139	0.9999976128	0.9999992203
114.1141141141	0.9999977150	0.9999992553
114.3143143143	0.9999978131	0.9999992888
114.5145145145	0.9999979071	0.9999993208
114.7147147147	0.9999979973	0.9999993515
114.9149149149	0.9999980837	0.9999993808
115.1151151151	0.9999981666	0.9999994089
115.3153153153	0.9999982460	0.9999994357
115.5155155155	0.9999983222	0.9999994613
115.7157157157	0.9999983951	0.9999994859
115.9159159159	0.9999984651	0.9999995093
116.1161161161	0.9999985321	0.9999995317
116.3163163163	0.9999985963	0.9999995532
116.5165165165	0.9999986578	0.9999995737
116.7167167167	0.9999987167	0.9999995933
116.9169169169	0.9999987731	0.9999996120
117.1171171171	0.9999988272	0.9999996299
117.3173173173	0.9999988790	0.9999996470
117.5175175175	0.9999989286	0.9999996633
117.7177177177	0.9999989760	0.9999996789
117.9179179179	0.9999990215	0.9999996938
118.1181181181	0.9999990650	0.9999997081
118.3183183183	0.9999991067	0.9999997217
118.5185185185	0.9999991465	0.9999997347
118.7187187187	0.9999991847	0.9999997471
118.9189189189	0.9999992212	0.9999997589
119.1191191191	0.9999992562	0.9999997702
119.3193193193	0.9999992896	0.9999997810
119.5195195195	0.9999993216	0.9999997913
119.7197197197	0.9999993522	0.9999998012
119.9199199199	0.9999993815	0.9999998106
120.1201201201	0.9999994095	0.9999998196
120.3203203203	0.9999994363	0.9999998281
120.5205205205	0.9999994620	0.9999998363
120.7207207207	0.9999994865	0.9999998441
120.9209209209	0.9999995099	0.9999998515
121.1211211211	0.9999995323	0.9999998586
121.3213213213	0.9999995537	0.9999998654
121.5215215215	0.9999995742	0.9999998718
121.7217217217	0.9999995937	0.9999998780
121.9219219219	0.9999996124	0.9999998838
122.1221221221	0.9999996303	0.9999998894
122.3223223223	0.9999996474	0.9999998948
122.5225225225	0.9999996637	0.9999998998
122.7227227227	0.9999996793	0.9999999047
122.9229229229	0.9999996942	0.9999999093
123.1231231231	0.9999997084	0.9999999137
123.3233233233	0.9999997220	0.9999999179
123.5235235235	0.9999997350	0.9999999219
123.7237237237	0.9999997474	0.9999999257
123.9239239239	0.9999997592	0.9999999294
124.1241241241	0.9999997705	0.9999999328
124.3243243243	0.9999997813	0.9999999361
124.5245245245	0.9999997916	0.9999999393
124.7247247247	0.9999998014	0.9999999422
124.9249249249	0.9999998108	0.9999999451
125.1251251251	0.9999998198	0.9999999478
125.3253253253	0.9999998283	0.9999999504
125.5255255255	0.9999998365	0.9999999528
125.7257257257	0.9999998443	0.9999999552
125.9259259259	0.9999998517	0.9999999574
126.1261261261	0.9999998588	0.9999999595
126.3263263263	0.9999998655	0.9999999616
126.5265265265	0.9999998720	0.9999999635
126.7267267267	0.9999998781	0.9999999653
126.9269269269	0.9999998840	0.9999999670
127.1271271271	0.9999998896	0.9999999687
127.3273273273	0.9999998949	0.9999999703
127.5275275275	0.9999999000	0.9999999718
127.7277277277	0.9999999048	0.9999999732
127.9279279279	0.9999999094	0.9999999745
128.1281281281	0.9999999138	0.9999999758
128.3283283283	0.9999999180	0.9999999771
128.5285285285	0.9999999220	0.9999999782
128.7287287287	0.9999999258	0.9999999793
128.9289289289	0.9999999294	0.9999999804
129.1291291291	0.9999999329	0.9999999814
129.3293293293	0.9999999362	0.9999999823
129.5295295295	0.9999999393	0.9999999832
129.7297297297	0.9999999423	0.9999999841
129.9299299299	0.9999999452	0.9999999849
130.1301301301	0.9999999479	0.9999999857
130.3303303303	0.9999999505	0.9999999864
130.5305305305	0.9999999529	0.9999999871
130.7307307307	0.9999999552	0.9999999878
130.9309309309	0.9999999575	0.9999999884
131.1311311311	0.9999999596	0.9999999890
131.3313313313	0.9999999616	0.9999999896
131.5315315315	0.9999999635	0.9999999901
131.7317317317	0.9999999653	0.9999999907
131.9319319319	0.9999999671	0.9999999911
132.1321321321	0.9999999687	0.9999999916
132.3323323323	0.9999999703	0.9999999920
132.5325325325	0.9999999718	0.9999999925
132.7327327327	0.9999999732	0.9999999929
132.9329329329	0.9999999746	0.9999999932
133.1331331331	0.9999999759	0.9999999936
133.3333333333	0.9999999771	0.9999999939
133.5335335335	0.9999999783	0.9999999942
133.7337337337	0.9999999794	0.9999999946
133.9339339339	0.9999999804	0.9999999948
134.1341341341	0.9999999814	0.9999999951
134.3343343343	0.9999999824	0.9999999954
134.5345345345	0.9999999833	0.9999999956
134.7347347347	0.9999999841	0.9999999959
134.9349349349	0.9999999849	0.9999999961
135.1351351351	0.9999999857	0.9999999963
135.3353353353	0.9999999865	0.9999999965
135.5355355355	0.9999999871	0.9999999967
135.7357357357	0.9999999878	0.9999999969
135.9359359359	0.9999999884	0.9999999970
136.1361361361	0.9999999890	0.9999999972
136.3363363363	0.9999999896	0.9999999973
136.5365365365	0.9999999902	0.9999999975
136.7367367367	0.9999999907	0.9999999976
136.9369369369	0.9999999912	0.9999999977
137.1371371371	0.9999999916	0.9999999979
137.3373373373	0.9999999921	0.9999999980
137.5375375375	0.9999999925	0.9999999981
137.7377377377	0.9999999929	0.9999999982
137.9379379379	0.9999999932	0.9999999983
138.1381381381	0.9999999936	0.9999999984
138.3383383383	0.9999999939	0.9999999985
138.5385385385	0.9999999943	0.9999999986
138.7387387387	0.9999999946	0.9999999986
138.9389389389	0.9999999948	0.9999999987
139.1391391391	0.9999999951	0.9999999988
139.3393393393	0.9999999954	0.9999999989
139.5395395395	0.9999999956	0.9999999989
139.7397397397	0.9999999959	0.9999999990
139.9399399399	0.9999999961	0.9999999990
140.1401401401	0.9999999963	0.9999999991
140.3403403403	0.9999999965	0.9999999991
140.5405405405	0.9999999967	0.9999999992
140.7407407407	0.9999999969	0.9999999992
140.9409409409	0.9999999970	0.9999999993
141.1411411411	0.9999999972	0.9999999993
141.3413413413	0.9999999973	0.9999999994
141.5415415415	0.9999999975	0.9999999994
141.7417417417	0.9999999976	0.9999999994
141.9419419419	0.9999999977	0.9999999995
142.1421421421	0.9999999979	0.9999999995
142.3423423423	0.9999999980	0.9999999995
142.5425425425	0.9999999981	0.9999999995
142.7427427427	0.9999999982	0.9999999996
142.9429429429	0.9999999983	0.9999999996
143.1431431431	0.9999999984	0.9999999996
143.3433433433	0.9999999985	0.9999999996
143.5435435435	0.9999999986	0.9999999997
143.7437437437	0.9999999986	0.9999999997
143.9439439439	0.9999999987	0.9999999997
144.1441441441	0.9999999988	0.9999999997
144.3443443443	0.9999999989	0.9999999997
144.5445445445	0.9999999989	0.9999999997
144.7447447447	0.9999999990	0.9999999998
144.9449449449	0.9999999990	0.9999999998
145.1451451451	0.9999999991	0.9999999998
145.3453453453	0.9999999991	0.9999999998
145.5455455455	0.9999999992	0.9999999998
145.7457457457	0.9999999992	0.9999999998
145.9459459459	0.9999999993	0.9999999998
146.1461461461	0.9999999993	0.9999999998
146.3463463463	0.9999999994	0.9999999999
146.5465465465	0.9999999994	0.9999999999
146.7467467467	0.9999999994	0.9999999999
146.9469469469	0.9999999995	0.9999999999
147.1471471471	0.9999999995	0.9999999999
147.3473473473	0.9999999995	0.9999999999
147.5475475475	0.9999999995	0.9999999999
147.7477477477	0.9999999996	0.9999999999
147.9479479479	0.9999999996	0.9999999999
148.1481481481	0.9999999996	0.9999999999
148.3483483483	0.9999999996	0.9999999999
148.5485485485	0.9999999997	0.9999999999
148.7487487487	0.9999999997	0.9999999999
148.9489489489	0.9999999997	0.9999999999
149.1491491491	0.9999999997	0.9999999999
149.3493493493	0.9999999997	0.9999999999
149.5495495495	0.9999999997	0.9999999999
149.7497497497	0.9999999998	0.9999999999
149.9499499499	0.9999999998	1.0000000000
150.1501501502	0.9999999998	1.0000000000
150.3503503504	0.9999999998	1.0000000000
150.5505505506	0.9999999998	1.0000000000
150.7507507508	0.9999999998	1.0000000000
150.9509509510	0.9999999998	1.0000000000
151.1511511512	0.9999999998	1.0000000000
151.3513513514	0.9999999999	1.0000000000
151.5515515516	0.9999999999	1.0000000000
151.7517517518	0.9999999999	1.0000000000
151.9519519520	0.9999999999	1.0000000000
152.1521521522	0.9999999999	1.0000000000
152.3523523524	0.9999999999	1.0000000000
152.5525525526	0.9999999999	1.0000000000
152.7527527528	0.9999999999	1.0000000000
152.9529529530	0.9999999999	1.0000000000
153.1531531532	0.9999999999	1.0000000000
153.3533533534	0.9999999999	1.0000000000
153.5535535536	0.9999999999	1.0000000000
153.7537537538	0.9999999999	1.0000000000
153.9539539540	0.9999999999	1.0000000000
154.1541541542	0.9999999999	1.0000000000
154.3543543544	0.9999999999	1.0000000000
154.5545545546	0.9999999999	1.0000000000
154.7547547548	0.9999999999	1.0000000000
154.9549549550	1.0000000000	1.0000000000
155.1551551552	1.0000000000	1.0000000000
155.3553553554	1.0000000000	1.0000000000
155.5555555556	1.0000000000	1.0000000000
155.7557557558	1.0000000000	1.0000000000
155.9559559560	1.0000000000	1.0000000000
156.1561561562	1.0000000000	1.0000000000
156.3563563564	1.0000000000	1.0000000000
156.5565565566	1.0000000000	1.0000000000
156.7567567568	1.0000000000	1.0000000000
156.9569569570	1.0000000000	1.0000000000
157.1571571572	1.0000000000	1.0000000000
157.3573573574	1.0000000000	1.0000000000
157.5575575576	1.0000000000	1.0000000000
157.7577577578	1.0000000000	1.0000000000
157.9579579580	1.0000000000	1.0000000000
158.1581581582	1.0000000000	1.0000000000
158.3583583584	1.0000000000	1.0000000000
158.5585585586	1.0000000000	1.0000000000
158.7587587588	1.0000000000	1.0000000000
158.9589589590	1.0000000000	1.0000000000
159.1591591592	1.0000000000	1.0000000000
159.3593593594	1.0000000000	1.0000000000
159.5595595596	1.0000000000	1.0000000000
159.7597597598	1.0000000000	1.0000000000
159.9599599600	1.0000000000	1.0000000000
160.1601601602	1.0000000000	1.0000000000
160.3603603604	1.0000000000	1.0000000000
160.5605605606	1.0000000000	1.0000000000
160.7607607608	1.0000000000	1.0000000000
160.9609609610	1.0000000000	1.0000000000
161.1611611612	1.0000000000	1.0000000000
161.3613613614	1.0000000000	1.0000000000
161.5615615616	1.0000000000	1.0000000000
161.7617617618	1.0000000000	1.0000000000
161.9619619620	1.0000000000	1.0000000000
162.1621621622	1.0000000000	1.0000000000
162.3623623624	1.0000000000	1.0000000000
162.5625625626	1.0000000000	1.0000000000
162.7627627628	1.0000000000	1.0000000000
162.9629629630	1.0000000000	1.0000000000
163.1631631632	1.0000000000	1.0000000000
163.3633633634	1.0000000000	1.0000000000
163.5635635636	1.0000000000	1.0000000000
163.7637637638	1.0000000000	1.0000000000
163.9639639640	1.0000000000	1.0000000000
164.1641641642	1.0000000000	1.0000000000
164.3643643644	1.0000000000	1.0000000000
164.5645645646	1.0000000000	1.0000000000
164.7647647648	1.0000000000	1.0000000000
164.9649649650	1.0000000000	1.0000000000
165.1651651652	1.0000000000	1.0000000000
165.3653653654	1.0000000000	1.0000000000
165.5655655656	1.0000000000	1.0000000000
165.7657657658	1.0000000000	1.0000000000
165.9659659660	1.0000000000	1.0000000000
166.1661661662	1.0000000000	1.0000000000
166.3663663664	1.0000000000	1.0000000000
166.5665665666	1.0000000000	1.0000000000
166.7667667668	1.0000000000	1.0000000000
166.9669669670	1.0000000000	1.0000000000
167.1671671672	1.0000000000	1.0000000000
167.3673673674	1.0000000000	1.0000000000
167.5675675676	1.0000000000	1.0000000000
167.7677677678	1.0000000000	1.0000000000
167.9679679680	1.0000000000	1.0000000000
168.1681681682	1.0000000000	1.0000000000
168.3683683684	1.0000000000	1.0000000000
168.5685685686	1.0000000000	1.0000000000
168.7687687688	1.0000000000	1.0000000000
168.9689689690	1.0000000000	1.0000000000
169.1691691692	1.0000000000	1.0000000000
169.3693693694	1.0000000000	1.0000000000
169.5695695696	1.0000000000	1.0000000000
169.7697697698	1.0000000000	1.0000000000
169.9699699700	1.0000000000	1.0000000000
170.1701701702	1.0000000000	1.0000000000
170.3703703704	1.0000000000	1.0000000000
170.5705705706	1.0000000000	1.0000000000
170.7707707708	1.0000000000	1.0000000000
170.9709709710	1.0000000000	1.0000000000
171.1711711712	1.0000000000	1.0000000000
171.3713713714	1.0000000000	1.0000000000
171.5715715716	1.0000000000	1.0000000000
171.7717717718	1.0000000000	1.0000000000
171.9719719720	1.0000000000	1.0000000000
172.1721721722	1.0000000000	1.0000000000
172.3723723724	1.0000000000	1.0000000000
172.5725725726	1.0000000000	1.0000000000
172.7727727728	1.0000000000	1.0000000000
172.9729729730	1.0000000000	1.0000000000
173.1731731732	1.0000000000	1.0000000000
173.3733733734	1.0000000000	1.0000000000
173.5735735736	1.0000000000	1.0000000000
173.7737737738	1.0000000000	1.0000000000
173.9739739740	1.0000000000	1.0000000000
174.1741741742	1.0000000000	1.0000000000
174.3743743744	1.0000000000	1.0000000000
174.5745745746	1.0000000000	1.0000000000
174.7747747748	1.0000000000	1.0000000000
174.9749749750	1.0000000000	1.0000000000
175.1751751752	1.0000000000	1.0000000000
175.3753753754	1.0000000000	1.0000000000
175.5755755756	1.0000000000	1.0000000000
175.7757757758	1.0000000000	1.0000000000
175.9759759760	1.0000000000	1.0000000000
176.1761761762	1.0000000000	1.0000000000
176.3763763764	1.0000000000	1.0000000000
176.5765765766	1.0000000000	1.0000000000
176.7767767768	1.0000000000	1.0000000000
176.9769769770	1.0000000000	1.0000000000
177.1771771772	1.0000000000	1.0000000000
177.3773773774	1.0000000000	1.0000000000
177.5775775776	1.0000000000	1.0000000000
177.7777777778	1.0000000000	1.0000000000
177.9779779780	1.0000000000	1.0000000000
178.1781781782	1.0000000000	1.0000000000
178.3783783784	1.0000000000	1.0000000000
178.5785785786	1.0000000000	1.0000000000
178.7787787788	1.0000000000	1.0000000000
178.9789789790	1.0000000000	1.0000000000
179.1791791792	1.0000000000	1.0000000000
179.3793793794	1.0000000000	1.0000000000
179.5795795796	1.0000000000	1.0000000000
179.7797797798	1.0000000000	1.0000000000
179.9799799800	1.0000000000	1.0000000000
180.1801801802	1.0000000000	1.0000000000
180.3803803804	1.0000000000	1.0000000000
180.5805805806	1.0000000000	1.0000000000
180.7807807808	1.0000000000	1.0000000000
180.9809809810	1.0000000000	1.0000000000
181.1811811812	1.0000000000	1.0000000000
181.3813813814	1.0000000000	1.0000000000
181.5815815816	1.0000000000	1.0000000000
181.7817817818	1.0000000000	1.0000000000
181.9819819820	1.0000000000	1.0000000000
182.1821821822	1.0000000000	1.0000000000
182.3823823824	1.0000000000	1.0000000000
182.5825825826	1.0000000000	1.0000000000
182.7827827828	1.0000000000	1.0000000000
182.9829829830	1.0000000000	1.0000000000
183.1831831832	1.0000000000	1.0000000000
183.3833833834	1.0000000000	1.0000000000
183.5835835836	1.0000000000	1.0000000000
183.7837837838	1.0000000000	1.0000000000
183.9839839840	1.0000000000	1.0000000000
184.1841841842	1.0000000000	1.0000000000
184.3843843844	1.0000000000	1.0000000000
184.5845845846	1.0000000000	1.0000000000
184.7847847848	1.0000000000	1.0000000000
184.9849849850	1.0000000000	1.0000000000
185.1851851852	1.0000000000	1.0000000000
185.3853853854	1.0000000000	1.0000000000
185.5855855856	1.0000000000	1.0000000000
185.7857857858	1.0000000000	1.0000000000
185.9859859860	1.0000000000	1.0000000000
186.1861861862	1.0000000000	1.0000000000
186.3863863864	1.0000000000	1.0000000000
186.5865865866	1.0000000000	1.0000000000
186.7867867868	1.0000000000	1.0000000000
186.9869869870	1.0000000000	1.0000000000
187.1871871872	1.0000000000	1.0000000000
187.3873873874	1.0000000000	1.0000000000
187.5875875876	1.0000000000	1.0000000000
187.7877877878	1.0000000000	1.0000000000
187.9879879880	1.0000000000	1.0000000000
188.1881881882	1.0000000000	1.0000000000
188.3883883884	1.0000000000	1.0000000000
188.5885885886	1.0000000000	1.0000000000
188.7887887888	1.0000000000	1.0000000000
188.9889889890	1.0000000000	1.0000000000
189.1891891892	1.0000000000	1.0000000000
189.3893893894	1.0000000000	1.0000000000
189.5895895896	1.0000000000	1.0000000000
189.7897897898	1.0000000000	1.0000000000
189.9899899900	1.0000000000	1.0000000000
190.1901901902	1.0000000000	1.0000000000
190.3903903904	1.0000000000	1.0000000000
190.5905905906	1.0000000000	1.0000000000
190.7907907908	1.0000000000	1.0000000000
190.9909909910	1.0000000000	1.0000000000
191.1911911912	1.0000000000	1.0000000000
191.3913913914	1.0000000000	1.0000000000
191.5915915916	1.0000000000	1.0000000000
191.7917917918	1.0000000000	1.0000000000
191.9919919920	1.0000000000	1.0000000000
192.1921921922	1.0000000000	1.0000000000
192.3923923924	1.0000000000	1.0000000000
192.5925925926	1.0000000000	1.0000000000
192.7927927928	1.0000000000	1.0000000000
192.9929929930	1.0000000000	1.0000000000
193.1931931932	1.0000000000	1.0000000000
193.3933933934	1.0000000000	1.0000000000
193.5935935936	1.0000000000	1.0000000000
193.7937937938	1.0000000000	1.0000000000
193.9939939940	1.0000000000	1.0000000000
194.1941941942	1.0000000000	1.0000000000
194.3943943944	1.0000000000	1.0000000000
194.5945945946	1.0000000000	1.0000000000
194.7947947948	1.0000000000	1.0000000000
194.9949949950	1.0000000000	1.0000000000
195.1951951952	1.0000000000	1.0000000000
195.3953953954	1.0000000000	1.0000000000
195.5955955956	1.0000000000	1.0000000000
195.7957957958	1.0000000000	1.0000000000
195.9959959960	1.0000000000	1.0000000000
196.1961961962	1.0000000000	1.0000000000
196.3963963964	1.0000000000	1.0000000000
196.5965965966	1.0000000000	1.0000000000
196.7967967968	1.0000000000	1.0000000000
196.9969969970	1.0000000000	1.0000000000
197.1971971972	1.0000000000	1.0000000000
197.3973973974	1.0000000000	1.0000000000
197.5975975976	1.0000000000	1.0000000000
197.7977977978	1.0000000000	1.0000000000
197.9979979980	1.0000000000	1.0000000000
198.1981981982	1.0000000000	1.0000000000
198.3983983984	1.0000000000	1.0000000000
198.5985985986	1.0000000000	1.0000000000
198.7987987988	1.0000000000	1.0000000000
198.9989989990	1.0000000000	1.0000000000
199.1991991992	1.0000000000	1.0000000000
199.3993993994	1.0000000000	1.0000000000
199.5995995996	1.0000000000	1.0000000000
199.7997997998	1.0000000000	1.0000000000
200.0000000000	1.0000000000	1.0000000000
