1.000000000000000021e-03	5.000000000000000000e-01	5.000000000000000000e-01
1.611591591591591544e-01	5.000000000000000000e-01	5.000000000000000000e-01
3.213183183183183078e-01	5.000000000000000000e-01	5.000000000000000000e-01
4.814774774774774890e-01	5.000000000000000000e-01	5.000000000000000000e-01
6.416366366366366147e-01	5.000000000000000000e-01	5.000000000000000000e-01
8.017957957957957404e-01	5.000000000000000000e-01	5.000000000000000000e-01
9.619549549549549772e-01	5.000000000000000000e-01	5.000000000000000000e-01
1.122114114114113992e+00	5.000000000000000000e-01	5.000000000000000000e-01
1.282273273273273118e+00	5.000000000000000000e-01	5.000000000000000000e-01
1.442432432432432243e+00	5.000000000000000000e-01	5.000000000000000000e-01
1.602591591591591369e+00	5.000000000000000000e-01	5.000000000000000000e-01
1.762750750750750495e+00	5.000000000000000000e-01	5.008832309722169862e-01
1.922909909909909842e+00	5.004939611277240408e-01	5.035012421254352333e-01
2.083069069069068746e+00	5.012168757176321821e-01	5.061471824958682086e-01
2.243228228228228094e+00	5.019415599651938509e-01	5.088208888056541257e-01
2.403387387387386998e+00	5.026680077060877716e-01	5.115221815462167587e-01
2.563546546546546345e+00	5.033962126843656293e-01	5.142508647846493197e-01
2.723705705705705693e+00	5.041261685524076608e-01	5.170067259859515429e-01
2.883864864864864597e+00	5.048578688708855733e-01	5.197895358518942466e-01
3.044024024024023944e+00	5.055913071087358990e-01	5.225990481772642138e-01
3.204183183183182848e+00	5.063264766431410102e-01	5.254349997242343528e-01
3.364342342342342196e+00	5.070633707595196826e-01	5.282971101155754523e-01
3.524501501501501100e+00	5.078019826515263180e-01	5.311850817474090825e-01
3.684660660660660447e+00	5.085423054210598259e-01	5.340985997221721071e-01
3.844819819819819795e+00	5.092843320782809435e-01	5.370373318024359577e-01
4.004978978978979143e+00	5.100280555416386585e-01	5.400009283861897380e-01
4.165138138138138046e+00	5.107734686379070688e-01	5.429890225041660301e-01
4.325297297297297838e+00	5.115205641022302352e-01	5.460012298397454167e-01
4.485456456456456742e+00	5.122693345781765828e-01	5.490371487719373222e-01
4.645615615615615646e+00	5.130197726178035156e-01	5.520963604418949178e-01
4.805774774774774549e+00	5.137718706817306913e-01	5.551784288433680992e-01
4.965933933933934341e+00	5.145256211392226220e-01	5.582829009374580265e-01
5.126093093093093245e+00	5.152810162682821549e-01	5.614093067919798674e-01
5.286252252252252148e+00	5.160380482557518356e-01	5.645571597456887636e-01
5.446411411411411940e+00	5.167967091974258187e-01	5.677259565975696365e-01
5.606570570570570844e+00	5.175569910981716593e-01	5.709151778213301665e-01
5.766729729729729748e+00	5.183188858720613190e-01	5.741242878051791010e-01
5.926888888888888651e+00	5.190823853425117207e-01	5.773527351169099875e-01
6.087048048048048443e+00	5.198474812424366265e-01	5.805999527942458105e-01
6.247207207207207347e+00	5.206141652144057330e-01	5.838653586603370638e-01
6.407366366366366250e+00	5.213824288108164229e-01	5.871483556642396184e-01
6.567525525525526042e+00	5.221522634940733987e-01	5.904483322461328010e-01
6.727684684684684946e+00	5.229236606367793083e-01	5.937646627269697053e-01
6.887843843843843850e+00	5.236966115219348072e-01	5.970967077221860375e-01
7.048003003003002753e+00	5.244711073431492787e-01	6.004438145790251813e-01
7.208162162162162545e+00	5.252471392048606580e-01	6.038053178369711116e-01
7.368321321321321449e+00	5.260246981225660257e-01	6.071805397107119528e-01
7.528480480480480352e+00	5.268037750230621930e-01	6.105687905949933603e-01
7.688639639639640144e+00	5.275843607446960570e-01	6.139693695906545123e-01
7.848798798798799048e+00	5.283664460376253924e-01	6.173815650510755537e-01
8.008957957957957063e+00	5.291500215640894123e-01	6.208046551482047093e-01
8.169117117117115967e+00	5.299350778986900989e-01	6.242379084572727832e-01
8.329276276276274871e+00	5.307216055286834155e-01	6.276805845592423605e-01
8.489435435435433774e+00	5.315095948542798432e-01	6.311319346599884028e-01
8.649594594594594454e+00	5.322990361889569089e-01	6.345912022251485318e-01
8.809753753753753358e+00	5.330899197597802619e-01	6.380576236295371073e-01
8.969912912912912262e+00	5.338822357077358527e-01	6.415304288199650262e-01
9.130072072072071165e+00	5.346759740880722145e-01	6.450088419902682002e-01
9.290231231231230069e+00	5.354711248706521820e-01	6.484920822673069241e-01
9.450390390390388973e+00	5.362676779403166005e-01	6.519793644066607108e-01
9.610549549549547876e+00	5.370656230972559175e-01	6.554698994967140813e-01
9.770708708708708556e+00	5.378649500573943198e-01	6.589628956697997086e-01
9.930867867867867460e+00	5.386656484527823086e-01	6.624575588190430020e-01
1.009102702702702636e+01	5.394677078320004870e-01	6.659530933195323410e-01
1.025118618618618527e+01	5.402711176605728971e-01	6.694487027524242961e-01
1.041134534534534417e+01	5.410758673213912351e-01	6.729435906305872850e-01
1.057150450450450307e+01	5.418819461151490602e-01	6.764369611243763458e-01
1.073166366366366198e+01	5.426893432607853285e-01	6.799280197861350405e-01
1.089182282282282266e+01	5.434980478959395844e-01	6.834159742720248287e-01
1.105198198198198156e+01	5.443080490774157010e-01	6.869000350597881388e-01
1.121214114114114047e+01	5.451193357816571661e-01	6.903794161610692370e-01
1.137230030030029937e+01	5.459318969052313619e-01	6.938533358269294293e-01
1.153245945945945827e+01	5.467457212653243914e-01	6.973210172452226630e-01
1.169261861861861718e+01	5.475607976002463406e-01	7.007816892285154697e-01
1.185277777777777608e+01	5.483771145699453120e-01	7.042345868912760487e-01
1.201293693693693676e+01	5.491946607565330041e-01	7.076789523150842642e-01
1.217309609609609566e+01	5.500134246648189507e-01	7.111140352006561915e-01
1.233325525525525457e+01	5.508333947228554184e-01	7.145390935055213610e-01
1.249341441441441347e+01	5.516545592824921851e-01	7.179533940662335967e-01
1.265357357357357238e+01	5.524769066199403111e-01	7.213562132040465258e-01
1.281373273273273128e+01	5.533004249363470128e-01	7.247468373130390162e-01
1.297389189189189018e+01	5.541251023583793067e-01	7.281245634297273117e-01
1.313405105105105086e+01	5.549509269388173127e-01	7.314886997832629190e-01
1.329421021021020977e+01	5.557778866571585485e-01	7.348385663253679256e-01
1.345436936936936867e+01	5.566059694202298846e-01	7.381734952392307036e-01
1.361452852852852757e+01	5.574351630628103793e-01	7.414928314266380216e-01
1.377468768768768648e+01	5.582654553482635507e-01	7.447959329726937527e-01
1.393484684684684538e+01	5.590968339691786415e-01	7.480821715875307643e-01
1.409500600600600428e+01	5.599292865480213210e-01	7.513509330244999562e-01
1.425516516516516496e+01	5.607628006377943786e-01	7.546016174743768179e-01
1.441532432432432387e+01	5.615973637227065218e-01	7.578336399352016972e-01
1.457548348348348277e+01	5.624329632188517225e-01	7.610464305574327071e-01
1.473564264264264168e+01	5.632695864748966663e-01	7.642394349641584705e-01
1.489580180180180058e+01	5.641072207727778620e-01	7.674121145461854088e-01
1.505596096096095948e+01	5.649458533284074102e-01	7.705639467318790015e-01
1.521612012012011839e+01	5.657854712923879870e-01	7.736944252317036197e-01
1.537627927927927907e+01	5.666260617507367092e-01	7.768030602574681476e-01
1.553643843843843797e+01	5.674676117256173269e-01	7.798893787163480029e-01
1.569659759759759687e+01	5.683101081760817408e-01	7.829529243798137861e-01
1.585675675675675578e+01	5.691535379988197363e-01	7.859932580276534075e-01
1.601691591591591646e+01	5.699978880289174876e-01	7.890099575673341636e-01
1.617707507507507714e+01	5.708431450406242780e-01	7.920026181290026335e-01
1.633723423423423426e+01	5.716892957481279902e-01	7.949708521364720060e-01
1.649739339339339494e+01	5.725363268063383693e-01	7.979142893545987381e-01
1.665755255255255207e+01	5.733842248116791662e-01	8.008325769134906347e-01
1.681771171171171275e+01	5.742329763028876100e-01	8.037253793100412880e-01
1.697787087087086988e+01	5.750825677618222054e-01	8.065923783873167885e-01
1.713803003003003056e+01	5.759329856142794135e-01	8.094332732923682494e-01
1.729818918918919124e+01	5.767842162308162157e-01	8.122477804130707746e-01
1.745834834834834837e+01	5.776362459275817818e-01	8.150356332946291360e-01
1.761850750750750905e+01	5.784890609671569095e-01	8.177965825364130747e-01
1.777866666666666617e+01	5.793426475594000147e-01	8.205303956698181134e-01
1.793882582582582685e+01	5.801969918623013367e-01	8.232368570178647538e-01
1.809898498498498398e+01	5.810520799828438054e-01	8.259157675372743590e-01
1.825914414414414466e+01	5.819078979778721239e-01	8.285669446437775587e-01
1.841930330330330534e+01	5.827644318549676239e-01	8.311902220214202330e-01
1.857946246246246247e+01	5.836216675733311154e-01	8.337854494166515584e-01
1.873962162162162315e+01	5.844795910446722864e-01	8.363524924179839282e-01
1.889978078078078028e+01	5.853381881341059856e-01	8.388912322220197781e-01
1.905993993993994096e+01	5.861974446610543898e-01	8.414015653866494526e-01
1.922009909909909808e+01	5.870573464001570541e-01	8.438834035722200255e-01
1.938025825825825876e+01	5.879178790821861789e-01	8.463366732714783236e-01
1.954041741741741944e+01	5.887790283949689840e-01	8.487613155290874012e-01
1.970057657657657657e+01	5.896407799843150777e-01	8.511572856515088326e-01
1.986073573573573725e+01	5.905031194549514861e-01	8.535245529080386362e-01
2.002089489489489438e+01	5.913660323714624578e-01	8.558631002237727659e-01
2.018105405405405506e+01	5.922295042592352621e-01	8.581729238652698877e-01
2.034121321321321219e+01	5.930935206054115394e-01	8.604540331196632863e-01
2.050137237237237287e+01	5.939580668598447577e-01	8.627064499679631959e-01
2.066153153153153355e+01	5.948231284360623317e-01	8.649302087532713124e-01
2.082169069069069067e+01	5.956886907122336261e-01	8.671253558446161414e-01
2.098184984984985135e+01	5.965547390321425114e-01	8.692919492970961892e-01
2.114200900900900848e+01	5.974212587061653590e-01	8.714300585090003493e-01
2.130216816816816916e+01	5.982882350122535886e-01	8.735397638765558526e-01
2.146232732732732629e+01	5.991556531969211008e-01	8.756211564469296160e-01
2.162248648648648697e+01	6.000234984762363721e-01	8.776743375700910565e-01
2.178264564564564765e+01	6.008917560368187694e-01	8.796994185501181285e-01
2.194280480480480477e+01	6.017604110368394155e-01	8.816965202965096893e-01
2.210296396396396545e+01	6.026294486070256085e-01	8.836657729760392099e-01
2.226312312312312258e+01	6.034988538516704581e-01	8.856073156656643075e-01
2.242328228228228326e+01	6.043686118496447435e-01	8.875212960069829293e-01
2.258344144144144039e+01	6.052387076554142098e-01	8.894078698627002622e-01
2.274360060060060107e+01	6.061091263000593088e-01	8.912672009755491231e-01
2.290375975975976175e+01	6.069798527922982689e-01	8.930994606300810545e-01
2.306391891891891888e+01	6.078508721195146070e-01	8.949048273177218071e-01
2.322407807807807956e+01	6.087221692487869706e-01	8.966834864054612497e-01
2.338423723723723668e+01	6.095937291279209802e-01	8.984356298085236503e-01
2.354439639639639736e+01	6.104655366864866206e-01	9.001614556673422918e-01
2.370455555555555449e+01	6.113375768368549679e-01	9.018611680291372945e-01
2.386471471471471517e+01	6.122098344752406884e-01	9.035349765343769768e-01
2.402487387387387585e+01	6.130822944827443166e-01	9.051830961083747740e-01
2.418503303303303298e+01	6.139549417263981956e-01	9.068057466582600812e-01
2.434519219219219366e+01	6.148277610602140841e-01	9.084031527755339619e-01
2.450535135135135079e+01	6.157007373262328720e-01	9.099755434444030122e-01
2.466551051051051147e+01	6.165738553555754065e-01	9.115231517560644647e-01
2.482566966966966859e+01	6.174470999694963158e-01	9.130462146290981851e-01
2.498582882882882927e+01	6.183204559804378331e-01	9.145449725360983440e-01
2.514598798798798995e+01	6.191939081930850630e-01	9.160196692366641136e-01
2.530614714714714708e+01	6.200674414054240247e-01	9.174705515168490866e-01
2.546630630630630776e+01	6.209410404097984726e-01	9.188978689351535722e-01
2.562646546546546489e+01	6.218146899939690497e-01	9.203018735751273827e-01
2.578662462462462557e+01	6.226883749421725511e-01	9.216828198046368437e-01
2.594678378378378270e+01	6.235620800361818539e-01	9.230409640418321127e-01
2.610694294294294338e+01	6.244357900563659580e-01	9.243765645278432252e-01
2.626710210210210406e+01	6.253094897827510268e-01	9.256898811062127530e-01
2.642726126126126118e+01	6.261831639960799833e-01	9.269811750090664049e-01
2.658742042042042186e+01	6.270567974788734400e-01	9.282507086500096927e-01
2.674757957957957899e+01	6.279303750164904052e-01	9.294987454237241264e-01
2.690773873873873967e+01	6.288038813981868813e-01	9.307255495122332967e-01
2.706789789789789680e+01	6.296773014181753503e-01	9.319313856977923249e-01
2.722805705705705748e+01	6.305506198766840376e-01	9.331165191823496130e-01
2.738821621621621816e+01	6.314238215810132893e-01	9.342812154135181624e-01
2.754837537537537528e+01	6.322968913465922824e-01	9.354257399169909615e-01
2.770853453453453596e+01	6.331698139980352913e-01	9.365503581353209483e-01
2.786869369369369309e+01	6.340425743701940675e-01	9.376553352729840585e-01
2.802885285285285377e+01	6.349151573092115530e-01	9.387409361476370950e-01
2.818901201201201090e+01	6.357875476735714848e-01	9.398074250474753866e-01
2.834917117117117158e+01	6.366597303351486659e-01	9.408550655945904229e-01
2.850933033033033226e+01	6.375316901802541292e-01	9.418841206142237743e-01
2.866948948948948939e+01	6.384034121106818560e-01	9.428948520098088260e-01
2.882964864864865007e+01	6.392748810447496099e-01	9.438875206436884158e-01
2.898980780780780719e+01	6.401460819183402151e-01	9.448623862233930248e-01
2.914996696696696787e+01	6.410169996859385044e-01	9.458197071933630573e-01
2.931012612612612500e+01	6.418876193216660475e-01	9.467597406319920861e-01
2.947028528528528568e+01	6.427579258203129919e-01	9.476827421538716045e-01
2.963044444444444636e+01	6.436279041983672400e-01	9.485889658171114958e-01
2.979060360360360349e+01	6.444975394950399616e-01	9.494786640356115415e-01
2.995076276276276417e+01	6.453668167732875549e-01	9.503520874961577380e-01
3.011092192192192130e+01	6.462357211208306085e-01	9.512094850802155221e-01
3.027108108108108198e+01	6.471042376511695338e-01	9.520511037902942286e-01
3.043124024024023910e+01	6.479723515045952009e-01	9.528771886807529956e-01
3.059139939939939978e+01	6.488400478491973544e-01	9.536879827929223286e-01
3.075155855855856046e+01	6.497073118818669224e-01	9.544837270944128704e-01
3.091171771771771759e+01	6.505741288292962166e-01	9.552646604224862559e-01
3.107187687687687827e+01	6.514404839489732479e-01	9.560310194313609289e-01
3.123203603603603540e+01	6.523063625301723789e-01	9.567830385433281348e-01
3.139219519519519608e+01	6.531717498949400902e-01	9.575209499035555183e-01
3.155235435435435321e+01	6.540366313990753078e-01	9.582449833384535376e-01
3.171251351351351389e+01	6.549009924331066212e-01	9.589553663174863463e-01
3.187267267267267101e+01	6.557648184232621746e-01	9.596523239183052389e-01
3.203283183183182814e+01	6.566280948324365596e-01	9.603360787950885324e-01
3.219299099099098527e+01	6.574908071611507143e-01	9.610068511499704202e-01
3.235315015015014950e+01	6.583529409485071593e-01	9.616648587074462240e-01
3.251330930930930663e+01	6.592144817731393491e-01	9.623103166916394668e-01
3.267346846846846375e+01	6.600754152541563613e-01	9.629434378063235211e-01
3.283362762762762088e+01	6.609357270520798133e-01	9.635644322175879184e-01
3.299378678678678511e+01	6.617954028697767832e-01	9.641735075390430731e-01
3.315394594594594224e+01	6.626544284533850693e-01	9.647708688194620574e-01
3.331410510510509937e+01	6.635127895932335651e-01	9.653567185327551758e-01
3.347426426426426360e+01	6.643704721247560840e-01	9.659312565701815290e-01
3.363442342342342073e+01	6.652274619293967461e-01	9.664946802346974231e-01
3.379458258258257786e+01	6.660837449355123674e-01	9.670471842373496996e-01
3.395474174174173498e+01	6.669393071192650790e-01	9.675889606956226130e-01
3.411490090090089922e+01	6.677941345055095068e-01	9.681201991336448875e-01
3.427506006006005634e+01	6.686482131686731778e-01	9.686410864841745738e-01
3.443521921921921347e+01	6.695015292336290447e-01	9.691518070922735539e-01
3.459537837837837770e+01	6.703540688765617928e-01	9.696525427205907599e-01
3.475553753753753483e+01	6.712058183258264865e-01	9.701434725561731698e-01
3.491569669669669196e+01	6.720567638627996665e-01	9.706247732187280874e-01
3.507585585585584909e+01	6.729068918227232299e-01	9.710966187702603225e-01
3.523601501501501332e+01	6.737561885955412055e-01	9.715591807260119950e-01
3.539617417417417045e+01	6.746046406267276474e-01	9.720126280666322449e-01
3.555633333333332757e+01	6.754522344181080884e-01	9.724571272515130094e-01
3.571649249249249181e+01	6.762989565286723348e-01	9.728928422332180359e-01
3.587665165165164893e+01	6.771447935753794889e-01	9.733199344729474012e-01
3.603681081081080606e+01	6.779897322339549781e-01	9.737385629569716983e-01
3.619696996996996319e+01	6.788337592396798126e-01	9.741488842139774951e-01
3.635712912912912742e+01	6.796768613881705168e-01	9.745510523332659991e-01
3.651728828828828455e+01	6.805190255361521778e-01	9.749452189837511940e-01
3.667744744744744168e+01	6.813602386022215018e-01	9.753315334337002707e-01
3.683760660660660591e+01	6.822004875676030977e-01	9.757101425711685039e-01
3.699776576576576304e+01	6.830397594768959912e-01	9.760811909250769469e-01
3.715792492492492016e+01	6.838780414388114792e-01	9.764448206868848734e-01
3.731808408408407729e+01	6.847153206269027681e-01	9.768011717328131116e-01
3.747824324324324152e+01	6.855515842802859527e-01	9.771503816465714198e-01
3.763840240240239865e+01	6.863868197043512254e-01	9.774925857425501574e-01
3.779856156156155578e+01	6.872210142714656467e-01	9.778279170894341732e-01
3.795872072072072001e+01	6.880541554216674793e-01	9.781565065341993881e-01
3.811887987987987714e+01	6.888862306633500854e-01	9.784784827264576546e-01
3.827903903903903426e+01	6.897172275739378300e-01	9.787939721431094808e-01
3.843919819819819139e+01	6.905471338005522153e-01	9.791030991132758654e-01
3.859935735735735562e+01	6.913759370606686883e-01	9.794059858434716048e-01
3.875951651651651275e+01	6.922036251427641229e-01	9.797027524429926526e-01
3.891967567567566988e+01	6.930301859069554204e-01	9.799935169494842224e-01
3.907983483483483411e+01	6.938556072856276735e-01	9.802783953546655438e-01
3.923999399399399124e+01	6.946798772840534486e-01	9.805575016301789626e-01
3.940015315315314837e+01	6.955029839810022985e-01	9.808309477535420706e-01
3.956031231231230549e+01	6.963249155293412818e-01	9.810988437341749968e-01
3.972047147147146973e+01	6.971456601566241584e-01	9.813612976394818777e-01
3.988063063063062685e+01	6.979652061656724804e-01	9.816184156209626366e-01
4.004078978978978398e+01	6.987835419351466903e-01	9.818703019403339782e-01
4.020094894894894821e+01	6.996006559201062291e-01	9.821170589956415009e-01
4.036110810810810534e+01	7.004165366525615388e-01	9.823587873473399457e-01
4.052126726726726247e+01	7.012311727420141860e-01	9.825955857443291475e-01
4.068142642642641960e+01	7.020445528759889919e-01	9.828275511499229289e-01
4.084158558558558383e+01	7.028566658205552820e-01	9.830547787677392790e-01
4.100174474474474096e+01	7.036675004208372552e-01	9.832773620674938320e-01
4.116190390390389808e+01	7.044770456015165827e-01	9.834953928106843213e-01
4.132206306306306232e+01	7.052852903673226814e-01	9.837089610761505787e-01
4.148222222222221944e+01	7.060922238035143295e-01	9.839181552854995294e-01
4.164238138138137657e+01	7.068978350763504004e-01	9.841230622283814178e-01
4.180254054054053370e+01	7.077021134335510499e-01	9.843237670876072709e-01
4.196269969969969793e+01	7.085050482047487996e-01	9.845203534640973864e-01
4.212285885885885506e+01	7.093066288019280741e-01	9.847129034016488536e-01
4.228301801801801219e+01	7.101068447198569666e-01	9.849014974115170018e-01
4.244317717717717642e+01	7.109056855365069039e-01	9.850862144967987843e-01
4.260333633633633355e+01	7.117031409134624287e-01	9.852671321766107715e-01
4.276349549549549067e+01	7.124992005963218800e-01	9.854443265100574223e-01
4.292365465465464780e+01	7.132938544150863036e-01	9.856178721199788662e-01
4.308381381381381203e+01	7.140870922845392599e-01	9.857878422164753074e-01
4.324397297297296916e+01	7.148789042046159725e-01	9.859543086201990603e-01
4.340413213213212629e+01	7.156692802607622639e-01	9.861173417854136591e-01
4.356429129129129052e+01	7.164582106242834980e-01	9.862770108228104959e-01
4.372445045045044765e+01	7.172456855526827546e-01	9.864333835220815416e-01
4.388460960960960477e+01	7.180316953899898991e-01	9.865865263742447100e-01
4.404476876876876190e+01	7.188162305670788843e-01	9.867365045937150914e-01
4.420492792792792613e+01	7.195992816019759486e-01	9.868833821401233886e-01
4.436508708708708326e+01	7.203808391001577105e-01	9.870272217398758929e-01
4.452524624624624039e+01	7.211608937548382725e-01	9.871680849074547792e-01
4.468540540540540462e+01	7.219394363472466658e-01	9.873060319664553885e-01
4.484556456456456175e+01	7.227164577468943030e-01	9.874411220703616099e-01
4.500572372372371888e+01	7.234919489118321057e-01	9.875734132230553630e-01
4.516588288288287600e+01	7.242659008888971961e-01	9.877029622990589619e-01
4.532604204204204024e+01	7.250383048139497077e-01	9.878298250635128008e-01
4.548620120120119736e+01	7.258091519121003810e-01	9.879540561918831454e-01
4.564636036036035449e+01	7.265784334979261683e-01	9.880757092894034699e-01
4.580651951951951872e+01	7.273461409756782903e-01	9.881948369102474539e-01
4.596667867867867585e+01	7.281122658394780789e-01	9.883114905764340818e-01
4.612683783783783298e+01	7.288767996735037169e-01	9.884257207964646241e-01
4.628699699699699011e+01	7.296397341521683177e-01	9.885375770836933862e-01
4.644715615615615434e+01	7.304010610402850157e-01	9.886471079744316715e-01
4.660731531531531147e+01	7.311607721932259496e-01	9.887543610457866228e-01
4.676747447447446859e+01	7.319188595570684797e-01	9.888593829332350538e-01
4.692763363363363283e+01	7.326753151687326326e-01	9.889622193479334911e-01
4.708779279279278995e+01	7.334301311561097769e-01	9.890629150937683134e-01
4.724795195195194708e+01	7.341832997381795289e-01	9.891615140841424347e-01
4.740811111111110421e+01	7.349348132251189991e-01	9.892580593585057480e-01
4.756827027027026844e+01	7.356846640184011576e-01	9.893525930986264427e-01
4.772842942942942557e+01	7.364328446108840964e-01	9.894451566446077484e-01
4.788858858858858270e+01	7.371793475868904100e-01	9.895357905106507701e-01
4.804874774774774693e+01	7.379241656222782497e-01	9.896245344005660804e-01
4.820890690690690406e+01	7.386672914845008320e-01	9.897114272230352894e-01
4.836906606606606118e+01	7.394087180326587294e-01	9.897965071066257003e-01
4.852922522522521831e+01	7.401484382175416155e-01	9.898798114145601623e-01
4.868938438438438254e+01	7.408864450816611269e-01	9.899613767592434499e-01
4.884954354354353967e+01	7.416227317592738455e-01	9.900412390165488352e-01
4.900970270270269680e+01	7.423572914763967301e-01	9.901194333398660730e-01
4.916986186186186103e+01	7.430901175508113354e-01	9.901959941739150173e-01
4.933002102102101816e+01	7.438212033920605926e-01	9.902709552683245375e-01
4.949018018018017528e+01	7.445505425014360412e-01	9.903443496909832833e-01
4.965033933933933241e+01	7.452781284719560695e-01	9.904162098411599668e-01
4.981049849849849664e+01	7.460039549883352716e-01	9.904865674624012684e-01
4.997065765765765377e+01	7.467280158269453683e-01	9.905554536552052536e-01
5.013081681681681090e+01	7.474503048557665785e-01	9.906228988894753007e-01
5.029097597597597513e+01	7.481708160343316649e-01	9.906889330167584218e-01
5.045113513513513226e+01	7.488895434136599860e-01	9.907535852822672018e-01
5.061129429429428939e+01	7.496064811361837776e-01	9.908168843366916834e-01
5.077145345345344651e+01	7.503216234356662184e-01	9.908788582478011975e-01
5.093161261261261075e+01	7.510349646371098364e-01	9.909395345118415799e-01
5.109177177177176787e+01	7.517464991566582544e-01	9.909989400647277735e-01
5.125193093093092500e+01	7.524562215014883870e-01	9.910571012930362578e-01
5.141209009009008923e+01	7.531641262696954220e-01	9.911140440448011901e-01
5.157224924924924636e+01	7.538702081501686969e-01	9.911697936401127063e-01
5.173240840840840349e+01	7.545744619224603600e-01	9.912243748815258160e-01
5.189256756756756062e+01	7.552768824566462591e-01	9.912778120642791180e-01
5.205272672672672485e+01	7.559774647131771719e-01	9.913301289863255539e-01
5.221288588588588198e+01	7.566762037427250398e-01	9.913813489581815297e-01
5.237304504504503910e+01	7.573730946860192104e-01	9.914314948125930727e-01
5.253320420420420334e+01	7.580681327736759068e-01	9.914805889140246853e-01
5.269336336336336046e+01	7.587613133260202591e-01	9.915286531679715631e-01
5.285352252252251759e+01	7.594526317529001203e-01	9.915757090301006160e-01
5.301368168168167472e+01	7.601420835534937748e-01	9.916217775152189606e-01
5.317384084084083895e+01	7.608296643161089889e-01	9.916668792060764348e-01
5.333399999999999608e+01	7.615153697179755099e-01	9.917110342620027996e-01
5.349415915915915321e+01	7.621991955250300155e-01	9.917542624273815166e-01
5.365431831831831744e+01	7.628811375916950688e-01	9.917965830399664284e-01
5.381447747747747457e+01	7.635611918606491910e-01	9.918380150390376793e-01
5.397463663663663169e+01	7.642393543625918273e-01	9.918785769734068669e-01
5.413479579579578882e+01	7.649156212160006518e-01	9.919182870092667637e-01
5.429495495495495305e+01	7.655899886268816568e-01	9.919571629378941546e-01
5.445511411411411018e+01	7.662624528885142450e-01	9.919952221832041284e-01
5.461527327327326731e+01	7.669330103811874411e-01	9.920324818091603714e-01
5.477543243243243154e+01	7.676016575719319945e-01	9.920689585270434652e-01
5.493559159159158867e+01	7.682683910142443784e-01	9.921046687025788513e-01
5.509575075075074579e+01	7.689332073478046814e-01	9.921396283629277946e-01
5.525590990990990292e+01	7.695961032981897265e-01	9.921738532035442315e-01
5.541606906906906715e+01	7.702570756765780846e-01	9.922073585948979479e-01
5.557622822822822428e+01	7.709161213794502032e-01	9.922401595890668613e-01
5.573638738738738141e+01	7.715732373882822070e-01	9.922722709262032925e-01
5.589654654654654564e+01	7.722284207692349245e-01	9.923037070408728955e-01
5.605670570570570277e+01	7.728816686728343655e-01	9.923344820682695744e-01
5.621686486486485990e+01	7.735329783336499787e-01	9.923646098503108304e-01
5.637702402402401702e+01	7.741823470699646936e-01	9.923941039416120935e-01
5.653718318318318126e+01	7.748297722834409651e-01	9.924229776153448146e-01
5.669734234234233838e+01	7.754752514587803791e-01	9.924512438689793159e-01
5.685750150150149551e+01	7.761187821633784845e-01	9.924789154299147320e-01
5.701766066066065974e+01	7.767603620469746284e-01	9.925060047609980396e-01
5.717781981981981687e+01	7.773999888412959081e-01	9.925325240659341741e-01
5.733797897897897400e+01	7.780376603596965701e-01	9.925584852945891212e-01
5.749813813813813113e+01	7.786733744967921922e-01	9.925839001481880919e-01
5.765829729729729536e+01	7.793071292280896456e-01	9.926087800844113351e-01
5.781845645645645249e+01	7.799389226096109518e-01	9.926331363223875881e-01
5.797861561561560961e+01	7.805687527775136969e-01	9.926569798475888273e-01
5.813877477477477385e+01	7.811966179477061178e-01	9.926803214166284306e-01
5.829893393393393097e+01	7.818225164154579687e-01	9.927031715619623053e-01
5.845909309309308810e+01	7.824464465550070580e-01	9.927255405964966473e-01
5.861925225225224523e+01	7.830684068191606784e-01	9.927474386181048827e-01
5.877941141141140946e+01	7.836883957388942612e-01	9.927688755140519072e-01
5.893957057057056659e+01	7.843064119229439246e-01	9.927898609653321715e-01
5.909972972972972372e+01	7.849224540573968012e-01	9.928104044509183934e-01
5.925988888888888795e+01	7.855365209052760367e-01	9.928305152519271148e-01
5.942004804804804508e+01	7.861486113061225689e-01	9.928502024556993266e-01
5.958020720720720220e+01	7.867587241755731320e-01	9.928694749597990477e-01
5.974036636636635933e+01	7.873668585049338198e-01	9.928883414759316350e-01
5.990052552552552356e+01	7.879730133607512066e-01	9.929068105337830463e-01
6.006068468468468069e+01	7.885771878843781391e-01	9.929248904847814972e-01
6.022084384384383782e+01	7.891793812915386397e-01	9.929425895057828466e-01
6.038100300300300205e+01	7.897795928718864822e-01	9.929599156026825968e-01
6.054116216216215918e+01	7.903778219885628786e-01	9.929768766139531744e-01
6.070132132132131630e+01	7.909740680777496147e-01	9.929934802141103800e-01
6.086148048048047343e+01	7.915683306482198534e-01	9.930097339171097826e-01
6.102163963963963766e+01	7.921606092808850530e-01	9.930256450796730583e-01
6.118179879879879479e+01	7.927509036283392208e-01	9.930412209045488270e-01
6.134195795795795192e+01	7.933392134144016117e-01	9.930564684437043210e-01
6.150211711711711615e+01	7.939255384336544319e-01	9.930713946014547711e-01
6.166227627627627328e+01	7.945098785509792094e-01	9.930860061375271775e-01
6.182243543543543041e+01	7.950922337010905006e-01	9.931003096700626864e-01
6.198259459459458753e+01	7.956726038880668206e-01	9.931143116785572378e-01
6.214275375375375177e+01	7.962509891848790211e-01	9.931280185067427047e-01
6.230291291291290889e+01	7.968273897329165578e-01	9.931414363654079702e-01
6.246307207207206602e+01	7.974018057415109828e-01	9.931545713351638272e-01
6.262323123123122315e+01	7.979742374874585487e-01	9.931674293691501454e-01
6.278339039039038738e+01	7.985446853145389268e-01	9.931800162956885281e-01
6.294354954954954451e+01	7.991131496330325934e-01	9.931923378208794562e-01
6.310370870870870164e+01	7.996796309192373275e-01	9.932043995311476969e-01
6.326386786786786587e+01	8.002441297149810451e-01	9.932162068957339773e-01
6.342402702702702300e+01	8.008066466271336337e-01	9.932277652691363645e-01
6.358418618618618012e+01	8.013671823271178996e-01	9.932390798935015752e-01
6.374434534534533725e+01	8.019257375504171836e-01	9.932501559009665471e-01
6.390450450450450148e+01	8.024823130960831996e-01	9.932609983159522704e-01
6.406466366366366572e+01	8.030369098262399863e-01	9.932716120574108798e-01
6.422482282282282995e+01	8.035895286655896363e-01	9.932820019410247836e-01
6.438498198198197997e+01	8.041401706009135841e-01	9.932921726813623842e-01
6.454514114114114420e+01	8.046888366805753368e-01	9.933021288939888338e-01
6.470530030030030844e+01	8.052355280140190974e-01	9.933118750975322708e-01
6.486545945945945846e+01	8.057802457712701649e-01	9.933214157157088664e-01
6.502561861861862269e+01	8.063229911824321139e-01	9.933307550793050167e-01
6.518577777777778692e+01	8.068637655371846407e-01	9.933398974281189009e-01
6.534593693693693695e+01	8.074025701842786340e-01	9.933488469128620713e-01
6.550609609609610118e+01	8.079394065310325779e-01	9.933576075970217412e-01
6.566625525525525120e+01	8.084742760428262898e-01	9.933661834586846595e-01
6.582641441441441543e+01	8.090071802425951031e-01	9.933745783923219053e-01
6.598657357357357967e+01	8.095381207103230503e-01	9.933827962105393761e-01
6.614673273273272969e+01	8.100670990825352691e-01	9.933908406457891971e-01
6.630689189189189392e+01	8.105941170517908523e-01	9.933987153520480451e-01
6.646705105105105815e+01	8.111191763661733667e-01	9.934064239064586133e-01
6.662721021021020817e+01	8.116422788287833701e-01	9.934139698109383243e-01
6.678736936936937241e+01	8.121634262972288187e-01	9.934213564937551810e-01
6.694752852852853664e+01	8.126826206831161414e-01	9.934285873110686449e-01
6.710768768768768666e+01	8.131998639515407579e-01	9.934356655484413157e-01
6.726784684684685089e+01	8.137151581205779305e-01	9.934425944223167493e-01
6.742800600600601513e+01	8.142285052607726170e-01	9.934493770814687430e-01
6.758816516516516515e+01	8.147399074946308772e-01	9.934560166084186461e-01
6.774832432432432938e+01	8.152493669961096145e-01	9.934625160208241379e-01
6.790848348348347940e+01	8.157568859901078717e-01	9.934688782728396950e-01
6.806864264264264364e+01	8.162624667519580157e-01	9.934751062564468604e-01
6.822880180180180787e+01	8.167661116069157012e-01	9.934812028027588671e-01
6.838896096096095789e+01	8.172678229296529429e-01	9.934871706832971716e-01
6.854912012012012212e+01	8.177676031437488557e-01	9.934930126112411219e-01
6.870927927927928636e+01	8.182654547211827278e-01	9.934987312426520889e-01
6.886943843843843638e+01	8.187613801818259818e-01	9.935043291776722851e-01
6.902959759759760061e+01	8.192553820929362463e-01	9.935098089616974937e-01
6.918975675675676484e+01	8.197474630686512054e-01	9.935151730865272590e-01
6.934991591591591487e+01	8.202376257694823369e-01	9.935204239914884328e-01
6.951007507507507910e+01	8.207258729018116483e-01	9.935255640645384023e-01
6.967023423423424333e+01	8.212122072173859699e-01	9.935305956433424512e-01
6.983039339339339335e+01	8.216966315128154674e-01	9.935355210163303585e-01
6.999055255255255759e+01	8.221791486290699336e-01	9.935403424237305714e-01
7.015071171171170761e+01	8.226597614509780776e-01	9.935450620585820625e-01
7.031087087087087184e+01	8.231384729067270367e-01	9.935496820677265362e-01
7.047103003003003607e+01	8.236152859673625537e-01	9.935542045527783195e-01
7.063118918918918610e+01	8.240902036462907088e-01	9.935586315710750460e-01
7.079134834834835033e+01	8.245632289987809838e-01	9.935629651366075787e-01
7.095150750750751456e+01	8.250343651214692153e-01	9.935672072209318362e-01
7.111166666666666458e+01	8.255036151518633236e-01	9.935713597540600794e-01
7.127182582582582882e+01	8.259709822678494850e-01	9.935754246253343247e-01
7.143198498498499305e+01	8.264364696871988603e-01	9.935794036842812149e-01
7.159214414414414307e+01	8.269000806670772086e-01	9.935832987414501272e-01
7.175230330330330730e+01	8.273618185035550576e-01	9.935871115692311850e-01
7.191246246246247154e+01	8.278216865311184280e-01	9.935908439026588379e-01
7.207262162162162156e+01	8.282796881221827778e-01	9.935944974401972329e-01
7.223278078078078579e+01	8.287358266866069467e-01	9.935980738445094884e-01
7.239293993993993581e+01	8.291901056712094320e-01	9.936015747432105361e-01
7.255309909909910004e+01	8.296425285592857746e-01	9.936050017296043091e-01
7.271325825825826428e+01	8.300930988701277213e-01	9.936083563634062754e-01
7.287341741741741430e+01	8.305418201585439419e-01	9.936116401714494284e-01
7.303357657657657853e+01	8.309886960143830770e-01	9.936148546483768440e-01
7.319373573573574276e+01	8.314337300620567861e-01	9.936180012573181397e-01
7.335389489489489279e+01	8.318769259600671262e-01	9.936210814305540540e-01
7.351405405405405702e+01	8.323182874005327081e-01	9.936240965701644834e-01
7.367421321321322125e+01	8.327578181087191833e-01	9.936270480486651957e-01
7.383437237237237127e+01	8.331955218425706189e-01	9.936299372096289995e-01
7.399453153153153551e+01	8.336314023922419825e-01	9.936327653682961447e-01
7.415469069069069974e+01	8.340654635796348471e-01	9.936355338121704017e-01
7.431484984984984976e+01	8.344977092579344280e-01	9.936382438016029273e-01
7.447500900900901399e+01	8.349281433111485073e-01	9.936408965703641405e-01
7.463516816816816402e+01	8.353567696536480236e-01	9.936434933262034974e-01
7.479532732732732825e+01	8.357835922297111031e-01	9.936460352513972749e-01
7.495548648648649248e+01	8.362086150130672024e-01	9.936485235032852525e-01
7.511564564564564250e+01	8.366318420064446926e-01	9.936509592147960701e-01
7.527580480480480674e+01	8.370532772411204414e-01	9.936533434949609278e-01
7.543596396396397097e+01	8.374729247764707285e-01	9.936556774294170724e-01
7.559612312312312099e+01	8.378907886995249354e-01	9.936579620809010693e-01
7.575628228228228522e+01	8.383068731245219007e-01	9.936601984897310835e-01
7.591644144144144946e+01	8.387211821924668298e-01	9.936623876742787242e-01
7.607660060060059948e+01	8.391337200706927568e-01	9.936645306314315640e-01
7.623675975975976371e+01	8.395444909524218957e-01	9.936666283370466646e-01
7.639691891891892794e+01	8.399534990563312098e-01	9.936686817463924459e-01
7.655707807807807797e+01	8.403607486261188697e-01	9.936706917945836715e-01
7.671723723723724220e+01	8.407662439300743751e-01	9.936726593970054422e-01
7.687739639639639222e+01	8.411699892606490092e-01	9.936745854497288644e-01
7.703755555555555645e+01	8.415719889340318449e-01	9.936764708299189452e-01
7.719771471471472069e+01	8.419722472897239740e-01	9.936783163962322751e-01
7.735787387387387071e+01	8.423707686901191760e-01	9.936801229892074927e-01
7.751803303303303494e+01	8.427675575200841429e-01	9.936818914316474238e-01
7.767819219219219917e+01	8.431626181865428116e-01	9.936836225289921165e-01
7.783835135135134919e+01	8.435559551180620286e-01	9.936853170696854365e-01
7.799851051051051343e+01	8.439475727644406566e-01	9.936869758255338914e-01
7.815866966966967766e+01	8.443374755963002354e-01	9.936885995520563508e-01
7.831882882882882768e+01	8.447256681046788618e-01	9.936901889888277717e-01
7.847898798798799191e+01	8.451121548006275130e-01	9.936917448598155955e-01
7.863914714714715615e+01	8.454969402148081459e-01	9.936932678737090407e-01
7.879930630630630617e+01	8.458800288970954595e-01	9.936947587242405122e-01
7.895946546546547040e+01	8.462614254161806571e-01	9.936962180905015707e-01
7.911962462462462042e+01	8.466411343591772054e-01	9.936976466372512418e-01
7.927978378378378466e+01	8.470191603312300366e-01	9.936990450152189958e-01
7.943994294294294889e+01	8.473955079551274139e-01	9.937004138613997339e-01
7.960010210210209891e+01	8.477701818709146853e-01	9.937017537993436678e-01
7.976026126126126314e+01	8.481431867355108123e-01	9.937030654394406470e-01
7.992042042042042738e+01	8.485145272223280077e-01	9.937043493791964943e-01
8.008057957957957740e+01	8.488842080208938157e-01	9.937056062035057868e-01
8.024073873873874163e+01	8.492522338364754120e-01	9.937068364849168667e-01
8.040089789789790586e+01	8.496186093897067915e-01	9.937080407838934093e-01
8.056105705705705589e+01	8.499833394162191746e-01	9.937092196490683316e-01
8.072121621621622012e+01	8.503464286662729688e-01	9.937103736174940360e-01
8.088137537537538435e+01	8.507078819043935036e-01	9.937115032148859939e-01
8.104153453453453437e+01	8.510677039090086549e-01	9.937126089558626640e-01
8.120169369369369861e+01	8.514258994720899087e-01	9.937136913441791952e-01
8.136185285285284863e+01	8.517824733987946484e-01	9.937147508729562428e-01
8.152201201201201286e+01	8.521374305071134359e-01	9.937157880249055664e-01
8.168217117117117709e+01	8.524907756275177384e-01	9.937168032725477440e-01
8.184233033033032712e+01	8.528425136026116515e-01	9.937177970784289993e-01
8.200248948948949135e+01	8.531926492867861755e-01	9.937187698953304782e-01
8.216264864864865558e+01	8.535411875458756015e-01	9.937197221664748614e-01
8.232280780780780560e+01	8.538881332568176719e-01	9.937206543257278701e-01
8.248296696696696984e+01	8.542334913073148517e-01	9.937215667977956635e-01
8.264312612612613407e+01	8.545772665955004843e-01	9.937224599984176843e-01
8.280328528528528409e+01	8.549194640296053915e-01	9.937233343345570624e-01
8.296344444444444832e+01	8.552600885276286924e-01	9.937241902045845787e-01
8.312360360360359834e+01	8.555991450170112866e-01	9.937250279984606305e-01
8.328376276276276258e+01	8.559366384343108924e-01	9.937258480979125341e-01
8.344392192192192681e+01	8.562725737248816360e-01	9.937266508766079420e-01
8.360408108108107683e+01	8.566069558425540853e-01	9.937274367003255948e-01
8.376424024024024106e+01	8.569397897493202798e-01	9.937282059271216328e-01
8.392439939939940530e+01	8.572710804150203145e-01	9.937289589074917995e-01
8.408455855855855532e+01	8.576008328170310335e-01	9.937296959845320909e-01
8.424471771771771955e+01	8.579290519399591641e-01	9.937304174940944090e-01
8.440487687687688378e+01	8.582557427753354506e-01	9.937311237649389950e-01
8.456503603603603381e+01	8.585809103213128957e-01	9.937318151188853088e-01
8.472519519519519804e+01	8.589045595823664447e-01	9.937324918709571353e-01
8.488535435435436227e+01	8.592266955689962238e-01	9.937331543295271352e-01
8.504551351351351229e+01	8.595473232974334410e-01	9.937338027964565113e-01
8.520567267267267653e+01	8.598664477893487312e-01	9.937344375672328978e-01
8.536583183183182655e+01	8.601840740715630540e-01	9.937350589311042537e-01
8.552599099099099078e+01	8.605002071757616999e-01	9.937356671712114231e-01
8.568615015015015501e+01	8.608148521382106289e-01	9.937362625647166992e-01
8.584630930930930504e+01	8.611280139994759164e-01	9.937368453829297232e-01
8.600646846846846927e+01	8.614396978041453101e-01	9.937374158914310529e-01
8.616662762762763350e+01	8.617499086005528941e-01	9.937379743501936202e-01
8.632678678678678352e+01	8.620586514405064182e-01	9.937385210137006375e-01
8.648694594594594776e+01	8.623659313790166259e-01	9.937390561310617265e-01
8.664710510510511199e+01	8.626717534740308002e-01	9.937395799461259394e-01
8.680726426426426201e+01	8.629761227861664219e-01	9.937400926975936688e-01
8.696742342342342624e+01	8.632790443784507106e-01	9.937405946191242290e-01
8.712758258258259048e+01	8.635805233160596117e-01	9.937410859394429918e-01
8.728774174174174050e+01	8.638805646660615567e-01	9.937415668824455262e-01
8.744790090090090473e+01	8.641791734971633332e-01	9.937420376672992939e-01
8.760806006006005475e+01	8.644763548794573982e-01	9.937424985085436813e-01
8.776821921921921899e+01	8.647721138841741872e-01	9.937429496161874765e-01
8.792837837837838322e+01	8.650664555834345348e-01	9.937433911958045707e-01
8.808853753753753324e+01	8.653593850500060913e-01	9.937438234486281052e-01
8.824869669669669747e+01	8.656509073570621826e-01	9.937442465716411766e-01
8.840885585585586171e+01	8.659410275779427790e-01	9.937446607576673197e-01
8.856901501501501173e+01	8.662297507859184620e-01	9.937450661954582154e-01
8.872917417417417596e+01	8.665170820539566110e-01	9.937454630697791780e-01
8.888933333333334019e+01	8.668030264544906993e-01	9.937458515614936427e-01
8.904949249249249021e+01	8.670875890591910329e-01	9.937462318476460998e-01
8.920965165165165445e+01	8.673707749387397081e-01	9.937466041015414753e-01
8.936981081081081868e+01	8.676525891626056808e-01	9.937469684928252889e-01
8.952996996996996870e+01	8.679330367988252748e-01	9.937473251875604818e-01
8.969012912912913293e+01	8.682121229137826912e-01	9.937476743483025787e-01
8.985028828828828296e+01	8.684898525719940698e-01	9.937480161341745166e-01
9.001044744744744719e+01	8.687662308358941043e-01	9.937483507009384764e-01
9.017060660660661142e+01	8.690412627656249889e-01	9.937486782010676034e-01
9.033076576576576144e+01	8.693149534188275851e-01	9.937489987838147298e-01
9.049092492492492568e+01	8.695873078504350318e-01	9.937493125952804318e-01
9.065108408408408991e+01	8.698583311124695738e-01	9.937496197784800867e-01
9.081124324324323993e+01	8.701280282538403910e-01	9.937499204734088210e-01
9.097140240240240416e+01	8.703964043201450895e-01	9.937502148171049043e-01
9.113156156156156840e+01	8.706634643534733042e-01	9.937505029437123660e-01
9.129172072072071842e+01	8.709292133922118540e-01	9.937507849845426122e-01
9.145187987987988265e+01	8.711936564708535613e-01	9.937510610681337120e-01
9.161203903903904688e+01	8.714567986198074045e-01	9.937513313203090171e-01
9.177219819819819691e+01	8.717186448652115560e-01	9.937515958642345604e-01
9.193235735735736114e+01	8.719792002287487520e-01	9.937518548204751223e-01
9.209251651651651116e+01	8.722384697274631060e-01	9.937521083070490757e-01
9.225267567567567539e+01	8.724964583735809187e-01	9.937523564394830089e-01
9.241283483483483963e+01	8.727531711743322651e-01	9.937525993308623518e-01
9.257299399399398965e+01	8.730086131317753573e-01	9.937528370918855547e-01
9.273315315315315388e+01	8.732627892426234606e-01	9.937530698309121613e-01
9.289331231231231811e+01	8.735157044980739194e-01	9.937532976540135454e-01
9.305347147147146813e+01	8.737673638836390699e-01	9.937535206650207620e-01
9.321363063063063237e+01	8.740177723789799291e-01	9.937537389655722864e-01
9.337378978978979660e+01	8.742669349577413263e-01	9.937539526551592006e-01
9.353394894894894662e+01	8.745148565873903657e-01	9.937541618311722669e-01
9.369410810810811086e+01	8.747615422290565546e-01	9.937543665889446709e-01
9.385426726726727509e+01	8.750069968373731522e-01	9.937545670217962090e-01
9.401442642642642511e+01	8.752512253603225156e-01	9.937547632210761428e-01
9.417458558558558934e+01	8.754942327390818901e-01	9.937549552762039440e-01
9.433474474474473936e+01	8.757360239078727515e-01	9.937551432747107061e-01
9.449490390390390360e+01	8.759766037938109262e-01	9.937553273022790012e-01
9.465506306306306783e+01	8.762159773167600418e-01	9.937555074427814050e-01
9.481522222222221785e+01	8.764541493891861990e-01	9.937556837783191321e-01
9.497538138138138208e+01	8.766911249160153075e-01	9.937558563892594510e-01
9.513554054054054632e+01	8.769269087944921992e-01	9.937560253542724320e-01
9.529569969969969634e+01	8.771615059140414061e-01	9.937561907503660308e-01
9.545585885885886057e+01	8.773949211561312689e-01	9.937563526529223923e-01
9.561601801801802480e+01	8.776271593941382676e-01	9.937565111357309355e-01
9.577617717717717483e+01	8.778582254932150164e-01	9.937566662710229926e-01
9.593633633633633906e+01	8.780881243101593681e-01	9.937568181295042269e-01
9.609649549549550329e+01	8.783168606932854061e-01	9.937569667803867191e-01
9.625665465465465331e+01	8.785444394822971015e-01	9.937571122914209409e-01
9.641681381381381755e+01	8.787708655081634124e-01	9.937572547289265090e-01
9.657697297297296757e+01	8.789961435929950495e-01	9.937573941578219383e-01
9.673713213213213180e+01	8.792202785499242390e-01	9.937575306416549514e-01
9.689729129129129603e+01	8.794432751829851513e-01	9.937576642426306783e-01
9.705745045045044606e+01	8.796651382869971059e-01	9.937577950216410771e-01
9.721760960960961029e+01	8.798858726474489966e-01	9.937579230382910245e-01
9.737776876876877452e+01	8.801054830403866047e-01	9.937580483509276252e-01
9.753792792792792454e+01	8.803239742323003547e-01	9.937581710166646376e-01
9.769808708708708878e+01	8.805413509800160687e-01	9.937582910914097845e-01
9.785824624624625301e+01	8.807576180305872748e-01	9.937584086298903996e-01
9.801840540540540303e+01	8.809727801211887366e-01	9.937585236856774085e-01
9.817856456456456726e+01	8.811868419790127582e-01	9.937586363112101973e-01
9.833872372372373150e+01	8.813998083211663781e-01	9.937587465578211487e-01
9.849888288288288152e+01	8.816116838545708934e-01	9.937588544757575137e-01
9.865904204204204575e+01	8.818224732758632722e-01	9.937589601142062801e-01
9.881920120120119577e+01	8.820321812712983434e-01	9.937590635213148227e-01
9.897936036036036000e+01	8.822408125166537607e-01	9.937591647442135523e-01
9.913951951951952424e+01	8.824483716771366337e-01	9.937592638290380087e-01
9.929967867867867426e+01	8.826548634072908239e-01	9.937593608209487339e-01
9.945983783783783849e+01	8.828602923509072387e-01	9.937594557641524773e-01
9.961999699699700273e+01	8.830646631409346803e-01	9.937595487019226237e-01
9.978015615615615275e+01	8.832679803993935819e-01	9.937596396766181783e-01
9.994031531531531698e+01	8.834702487372898538e-01	9.937597287297036397e-01
1.001004744744744812e+02	8.836714727545316173e-01	9.937598159017674293e-01
1.002606336336336312e+02	8.838716570398472694e-01	9.937599012325410985e-01
1.004207927927927955e+02	8.840708061707046594e-01	9.937599847609168702e-01
1.005809519519519597e+02	8.842689247132322627e-01	9.937600665249651799e-01
1.007411111111111097e+02	8.844660172221421313e-01	9.937601465619527730e-01
1.009012702702702740e+02	8.846620882406535102e-01	9.937602249083590245e-01
1.010614294294294240e+02	8.848571423004196745e-01	9.937603015998928147e-01
1.012215885885885882e+02	8.850511839214539878e-01	9.937603766715088494e-01
1.013817477477477524e+02	8.852442176120597361e-01	9.937604501574234250e-01
1.015419069069069025e+02	8.854362478687597404e-01	9.937605220911304160e-01
1.017020660660660667e+02	8.856272791762289653e-01	9.937605925054159295e-01
1.018622252252252309e+02	8.858173160072270180e-01	9.937606614323734044e-01
1.020223843843843810e+02	8.860063628225335330e-01	9.937607289034189328e-01
1.021825435435435452e+02	8.861944240708841125e-01	9.937607949493049153e-01
1.023427027027027094e+02	8.863815041889079316e-01	9.937608596001337169e-01
1.025028618618618594e+02	8.865676076010668982e-01	9.937609228853724330e-01
1.026630210210210237e+02	8.867527387195963673e-01	9.937609848338655461e-01
1.028231801801801879e+02	8.869369019444467428e-01	9.937610454738481369e-01
1.029833393393393379e+02	8.871201016632265235e-01	9.937611048329592078e-01
1.031434984984985022e+02	8.873023422511477909e-01	9.937611629382537837e-01
1.033036576576576522e+02	8.874836280709710312e-01	9.937612198162154575e-01
1.034638168168168164e+02	8.876639634729537320e-01	9.937612754927684922e-01
1.036239759759759806e+02	8.878433527947978687e-01	9.937613299932892552e-01
1.037841351351351307e+02	8.880218003616004996e-01	9.937613833426186538e-01
1.039442942942942949e+02	8.881993104858053600e-01	9.937614355650727926e-01
1.041044534534534591e+02	8.883758874671546790e-01	9.937614866844536321e-01
1.042646126126126092e+02	8.885515355926433267e-01	9.937615367240609787e-01
1.044247717717717734e+02	8.887262591364741837e-01	9.937615857067021441e-01
1.045849309309309376e+02	8.889000623600145090e-01	9.937616336547030471e-01
1.047450900900900876e+02	8.890729495117526415e-01	9.937616805899176509e-01
1.049052492492492519e+02	8.892449248272583651e-01	9.937617265337386208e-01
1.050654084084084161e+02	8.894159925291414970e-01	9.937617715071063174e-01
1.052255675675675661e+02	8.895861568270139186e-01	9.937618155305196765e-01
1.053857267267267304e+02	8.897554219174520496e-01	9.937618586240435370e-01
1.055458858858858804e+02	8.899237919839596556e-01	9.937619008073197424e-01
1.057060450450450446e+02	8.900912711969338753e-01	9.937619420995748021e-01
1.058662042042042088e+02	8.902578637136298045e-01	9.937619825196296608e-01
1.060263633633633589e+02	8.904235736781286326e-01	9.937620220859070264e-01
1.061865225225225231e+02	8.905884052213050017e-01	9.937620608164409175e-01
1.063466816816816873e+02	8.907523624607969204e-01	9.937620987288843244e-01
1.065068408408408374e+02	8.909154495009754537e-01	9.937621358405173133e-01
1.066670000000000016e+02	8.910776704329173015e-01	9.937621721682552423e-01
1.068271591591591658e+02	8.912390293343759318e-01	9.937622077286557554e-01
1.069873183183183158e+02	8.913995302697564904e-01	9.937622425379269986e-01
1.071474774774774801e+02	8.915591772900895995e-01	9.937622766119347251e-01
1.073076366366366443e+02	8.917179744330075986e-01	9.937623099662096227e-01
1.074677957957957943e+02	8.918759257227210080e-01	9.937623426159540863e-01
1.076279549549549586e+02	8.920330351699959914e-01	9.937623745760496563e-01
1.077881141141141086e+02	8.921893067721341497e-01	9.937624058610636801e-01
1.079482732732732728e+02	8.923447445129512046e-01	9.937624364852554182e-01
1.081084324324324371e+02	8.924993523627581249e-01	9.937624664625830384e-01
1.082685915915915871e+02	8.926531342783430301e-01	9.937624958067102776e-01
1.084287507507507513e+02	8.928060942029534264e-01	9.937625245310116595e-01
1.085889099099099155e+02	8.929582360662805529e-01	9.937625526485796001e-01
1.087490690690690656e+02	8.931095637844430613e-01	9.937625801722299590e-01
1.089092282282282298e+02	8.932600812599730267e-01	9.937626071145074791e-01
1.090693873873873940e+02	8.934097923818022924e-01	9.937626334876927814e-01
1.092295465465465441e+02	8.935587010252499240e-01	9.937626593038060285e-01
1.093897057057057083e+02	8.937068110520097752e-01	9.937626845746143633e-01
1.095498648648648725e+02	8.938541263101406065e-01	9.937627093116360166e-01
1.097100240240240225e+02	8.940006506340546499e-01	9.937627335261457473e-01
1.098701831831831868e+02	8.941463878445100599e-01	9.937627572291805045e-01
1.100303423423423368e+02	8.942913417486010319e-01	9.937627804315439795e-01
1.101905015015015010e+02	8.944355161397516962e-01	9.937628031438116016e-01
1.103506606606606653e+02	8.945789147977082356e-01	9.937628253763353126e-01
1.105108198198198153e+02	8.947215414885335560e-01	9.937628471392488949e-01
1.106709789789789795e+02	8.948633999646028458e-01	9.937628684424715253e-01
1.108311381381381437e+02	8.950044939645982467e-01	9.937628892957131033e-01
1.109912972972972938e+02	8.951448272135059669e-01	9.937629097084783591e-01
1.111514564564564580e+02	8.952844034226140613e-01	9.937629296900714060e-01
1.113116156156156222e+02	8.954232262895093220e-01	9.937629492495997363e-01
1.114717747747747723e+02	8.955612994980772790e-01	9.937629683959784410e-01
1.116319339339339365e+02	8.956986267185016448e-01	9.937629871379340951e-01
1.117920930930931007e+02	8.958352116072637594e-01	9.937630054840095317e-01
1.119522522522522507e+02	8.959710578071445886e-01	9.937630234425666176e-01
1.121124114114114150e+02	8.961061689472267222e-01	9.937630410217908050e-01
1.122725705705705650e+02	8.962405486428954848e-01	9.937630582296945736e-01
1.124327297297297292e+02	8.963742004958437093e-01	9.937630750741209829e-01
1.125928888888888935e+02	8.965071280940748455e-01	9.937630915627480022e-01
1.127530480480480435e+02	8.966393350119075123e-01	9.937631077030908422e-01
1.129132072072072077e+02	8.967708248099810486e-01	9.937631235025062848e-01
1.130733663663663719e+02	8.969016010352611756e-01	9.937631389681953475e-01
1.132335255255255220e+02	8.970316672210465470e-01	9.937631541072076136e-01
1.133936846846846862e+02	8.971610268869765203e-01	9.937631689264432300e-01
1.135538438438438504e+02	8.972896835390379300e-01	9.937631834326564606e-01
1.137140030030030005e+02	8.974176406695746344e-01	9.937631976324595717e-01
1.138741621621621647e+02	8.975449017572961763e-01	9.937632115323243864e-01
1.140343213213213289e+02	8.976714702672872193e-01	9.937632251385868365e-01
1.141944804804804789e+02	8.977973496510180951e-01	9.937632384574481836e-01
1.143546396396396432e+02	8.979225433463560169e-01	9.937632514949791274e-01
1.145147987987987932e+02	8.980470547775758483e-01	9.937632642571223585e-01
1.146749579579579574e+02	8.981708873553727601e-01	9.937632767496945574e-01
1.148351171171171217e+02	8.982940444768746646e-01	9.937632889783899470e-01
1.149952762762762717e+02	8.984165295256553163e-01	9.937633009487821800e-01
1.151554354354354359e+02	8.985383458717479677e-01	9.937633126663275585e-01
1.153155945945946002e+02	8.986594968716599130e-01	9.937633241363664771e-01
1.154757537537537502e+02	8.987799858683870324e-01	9.937633353641274203e-01
1.156359129129129144e+02	8.988998161914294460e-01	9.937633463547275170e-01
1.157960720720720786e+02	8.990189911568067238e-01	9.937633571131765375e-01
1.159562312312312287e+02	8.991375140670747612e-01	9.937633676443778930e-01
1.161163903903903929e+02	8.992553882113428765e-01	9.937633779531317435e-01
1.162765495495495571e+02	8.993726168652904640e-01	9.937633880441369971e-01
1.164367087087087071e+02	8.994892032911852020e-01	9.937633979219926417e-01
1.165968678678678714e+02	8.996051507379012602e-01	9.937634075912014087e-01
1.167570270270270214e+02	8.997204624409385065e-01	9.937634170561702174e-01
1.169171861861861856e+02	8.998351416224410482e-01	9.937634263212131724e-01
1.170773453453453499e+02	8.999491914912176593e-01	9.937634353905534512e-01
1.172375045045044999e+02	9.000626152427609883e-01	9.937634442683246361e-01
1.173976636636636641e+02	9.001754160592694287e-01	9.937634529585730458e-01
1.175578228228228284e+02	9.002875971096667707e-01	9.937634614652600673e-01
1.177179819819819784e+02	9.003991615496249601e-01	9.937634697922627103e-01
1.178781411411411426e+02	9.005101125215853042e-01	9.937634779433764942e-01
1.180383003003003068e+02	9.006204531547803427e-01	9.937634859223165584e-01
1.181984594594594569e+02	9.007301865652573847e-01	9.937634937327197715e-01
1.183586186186186211e+02	9.008393158559010461e-01	9.937635013781461746e-01
1.185187777777777853e+02	9.009478441164573415e-01	9.937635088620803137e-01
1.186789369369369354e+02	9.010557744235566657e-01	9.937635161879334600e-01
1.188390960960960996e+02	9.011631098407388851e-01	9.937635233590447204e-01
1.189992552552552496e+02	9.012698534184773180e-01	9.937635303786825913e-01
1.191594144144144138e+02	9.013760081942041591e-01	9.937635372500465136e-01
1.193195735735735781e+02	9.014815771923357923e-01	9.937635439762688705e-01
1.194797327327327281e+02	9.015865634242981042e-01	9.937635505604148767e-01
1.196398918918918923e+02	9.016909698885531288e-01	9.937635570054859091e-01
1.198000510510510566e+02	9.017947995706248054e-01	9.937635633144195069e-01
1.199602102102102066e+02	9.018980554431261787e-01	9.937635694900912586e-01
1.201203693693693708e+02	9.020007404657863770e-01	9.937635755353160238e-01
1.202805285285285350e+02	9.021028575854779241e-01	9.937635814528491540e-01
1.204406876876876851e+02	9.022044097362437176e-01	9.937635872453880470e-01
1.206008468468468493e+02	9.023053998393267827e-01	9.937635929155727021e-01
1.207610060060060135e+02	9.024058308031966957e-01	9.937635984659874966e-01
1.209211651651651636e+02	9.025057055235793380e-01	9.937636038991625176e-01
1.210813243243243278e+02	9.026050268834852064e-01	9.937636092175742286e-01
1.212414834834834778e+02	9.027037977532389457e-01	9.937636144236463576e-01
1.214016426426426420e+02	9.028020209905085469e-01	9.937636195197521172e-01
1.215618018018018063e+02	9.028996994403354348e-01	9.937636245082144271e-01
1.217219609609609563e+02	9.029968359351638885e-01	9.937636293913066909e-01
1.218821201201201205e+02	9.030934332948719057e-01	9.937636341712547949e-01
1.220422792792792848e+02	9.031894943268014009e-01	9.937636388502374407e-01
1.222024384384384348e+02	9.032850218257890695e-01	9.937636434303871447e-01
1.223625975975975990e+02	9.033800185741972522e-01	9.937636479137915702e-01
1.225227567567567633e+02	9.034744873419455757e-01	9.937636523024943047e-01
1.226829159159159133e+02	9.035684308865418179e-01	9.937636565984957482e-01
1.228430750750750775e+02	9.036618519531146587e-01	9.937636608037538899e-01
1.230032342342342417e+02	9.037547532744443224e-01	9.937636649201855299e-01
1.231633933933933918e+02	9.038471375709959954e-01	9.937636689496669451e-01
1.233235525525525560e+02	9.039390075509513567e-01	9.937636728940345554e-01
1.234837117117117060e+02	9.040303659102418843e-01	9.937636767550865891e-01
1.236438708708708702e+02	9.041212153325807188e-01	9.937636805345826385e-01
1.238040300300300345e+02	9.042115584894969693e-01	9.937636842342453258e-01
1.239641891891891845e+02	9.043013980403676877e-01	9.937636878557610798e-01
1.241243483483483487e+02	9.043907366324520636e-01	9.937636914007806910e-01
1.242845075075075130e+02	9.044795769009250641e-01	9.937636948709195339e-01
1.244446666666666630e+02	9.045679214689102965e-01	9.937636982677597874e-01
1.246048258258258272e+02	9.046557729475152021e-01	9.937637015928494355e-01
1.247649849849849915e+02	9.047431339358641411e-01	9.937637048477041546e-01
1.249251441441441415e+02	9.048300070211335866e-01	9.937637080338075357e-01
1.250853033033033057e+02	9.049163947785858753e-01	9.937637111526116396e-01
1.252454624624624557e+02	9.050022997716042905e-01	9.937637142055379957e-01
1.254056216216216200e+02	9.050877245517275904e-01	9.937637171939783798e-01
1.255657807807807842e+02	9.051726716586850907e-01	9.937637201192945913e-01
1.257259399399399342e+02	9.052571436204316369e-01	9.937637229828203411e-01
1.258860990990990985e+02	9.053411429531831311e-01	9.937637257858604745e-01
1.260462582582582627e+02	9.054246721614512827e-01	9.937637285296927470e-01
1.262064174174174127e+02	9.055077337380800229e-01	9.937637312155679359e-01
1.263665765765765769e+02	9.055903301642802550e-01	9.937637338447099511e-01
1.265267357357357412e+02	9.056724639096660479e-01	9.937637364183173894e-01
1.266868948948948912e+02	9.057541374322908290e-01	9.937637389375630903e-01
1.268470540540540554e+02	9.058353531786826895e-01	9.937637414035955796e-01
1.270072132132132197e+02	9.059161135838810219e-01	9.937637438175387361e-01
1.271673723723723697e+02	9.059964210714724908e-01	9.937637461804926797e-01
1.273275315315315339e+02	9.060762780536280037e-01	9.937637484935347709e-01
1.274876906906906839e+02	9.061556869311379048e-01	9.937637507577189444e-01
1.276478498498498482e+02	9.062346500934500559e-01	9.937637529740773745e-01
1.278080090090090124e+02	9.063131699187051415e-01	9.937637551436203642e-01
1.279681681681681624e+02	9.063912487737746382e-01	9.937637572673365671e-01
1.281283273273273267e+02	9.064688890142965638e-01	9.937637593461942087e-01
1.282884864864864767e+02	9.065460929847128924e-01	9.937637613811405313e-01
1.284486456456456551e+02	9.066228630183069681e-01	9.937637633731033482e-01
1.286088048048048051e+02	9.066992014372399211e-01	9.937637653229904888e-01
1.287689639639639552e+02	9.067751105525880817e-01	9.937637672316905757e-01
1.289291231231231336e+02	9.068505926643802839e-01	9.937637691000738016e-01
1.290892822822822836e+02	9.069256500616350580e-01	9.937637709289915966e-01
1.292494414414414337e+02	9.070002850223986002e-01	9.937637727192777382e-01
1.294096006006006121e+02	9.070744998137810766e-01	9.937637744717481292e-01
1.295697597597597621e+02	9.071482966919952595e-01	9.937637761872015751e-01
1.297299189189189121e+02	9.072216779023933864e-01	9.937637778664197841e-01
1.298900780780780906e+02	9.072946456795051295e-01	9.937637795101684768e-01
1.300502372372372406e+02	9.073672022470751219e-01	9.937637811191967208e-01
1.302103963963963906e+02	9.074393498181009265e-01	9.937637826942378183e-01
1.303705555555555691e+02	9.075110905948702289e-01	9.937637842360096396e-01
1.305307147147147191e+02	9.075824267689993619e-01	9.937637857452152890e-01
1.306908738738738691e+02	9.076533605214708311e-01	9.937637872225422164e-01
1.308510330330330191e+02	9.077238940226708408e-01	9.937637886686639943e-01
1.310111921921921976e+02	9.077940294324281512e-01	9.937637900842397620e-01
1.311713513513513476e+02	9.078637689000511601e-01	9.937637914699145592e-01
1.313315105105104976e+02	9.079331145643662060e-01	9.937637928263203246e-01
1.314916696696696761e+02	9.080020685537560921e-01	9.937637941540750086e-01
1.316518288288288261e+02	9.080706329861967241e-01	9.937637954537837937e-01
1.318119879879879761e+02	9.081388099692968563e-01	9.937637967260392058e-01
1.319721471471471546e+02	9.082066016003353948e-01	9.937637979714211145e-01
1.321323063063063046e+02	9.082740099662990341e-01	9.937637991904972878e-01
1.322924654654654546e+02	9.083410371439214481e-01	9.937638003838230594e-01
1.324526246246246330e+02	9.084076851997203716e-01	9.937638015519426604e-01
1.326127837837837831e+02	9.084739561900364579e-01	9.937638026953882209e-01
1.327729429429429331e+02	9.085398521610711375e-01	9.937638038146813235e-01
1.329331021021021115e+02	9.086053751489246988e-01	9.937638049103316717e-01
1.330932612612612616e+02	9.086705271796348127e-01	9.937638059828389769e-01
1.332534204204204116e+02	9.087353102692141693e-01	9.937638070326920703e-01
1.334135795795795900e+02	9.087997264236890027e-01	9.937638080603693469e-01
1.335737387387387400e+02	9.088637776391369494e-01	9.937638090663390988e-01
1.337338978978978901e+02	9.089274659017256841e-01	9.937638100510602923e-01
1.338940570570570685e+02	9.089907931877503344e-01	9.937638110149812354e-01
1.340542162162162185e+02	9.090537614636723385e-01	9.937638119585417984e-01
1.342143753753753685e+02	9.091163726861570815e-01	9.937638128821715267e-01
1.343745345345345470e+02	9.091786288021121987e-01	9.937638137862917498e-01
1.345346936936936970e+02	9.092405317487254335e-01	9.937638146713144716e-01
1.346948528528528470e+02	9.093020834535031627e-01	9.937638155376431470e-01
1.348550120120120255e+02	9.093632858343075887e-01	9.937638163856725715e-01
1.350151711711711755e+02	9.094241407993957083e-01	9.937638172157893246e-01
1.351753303303303255e+02	9.094846502474569494e-01	9.937638180283717704e-01
1.353354894894894755e+02	9.095448160676508076e-01	9.937638188237901682e-01
1.354956486486486540e+02	9.096046401396451486e-01	9.937638196024071169e-01
1.356558078078078040e+02	9.096641243336541782e-01	9.937638203645777768e-01
1.358159669669669540e+02	9.097232705104761896e-01	9.937638211106489816e-01
1.359761261261261325e+02	9.097820805215309781e-01	9.937638218409612367e-01
1.361362852852852825e+02	9.098405562088984766e-01	9.937638225558473870e-01
1.362964444444444325e+02	9.098986994053560595e-01	9.937638232556331719e-01
1.364566036036036110e+02	9.099565119344162900e-01	9.937638239406375584e-01
1.366167627627627610e+02	9.100139956103645567e-01	9.937638246111727414e-01
1.367769219219219110e+02	9.100711522382970431e-01	9.937638252675443651e-01
1.369370810810810895e+02	9.101279836141578095e-01	9.937638259100517457e-01
1.370972402402402395e+02	9.101844915247770951e-01	9.937638265389874270e-01
1.372573993993993895e+02	9.102406777479081779e-01	9.937638271546384017e-01
1.374175585585585679e+02	9.102965440522647889e-01	9.937638277572851120e-01
1.375777177177177180e+02	9.103520921975596369e-01	9.937638283472022271e-01
1.377378768768768680e+02	9.104073239345401580e-01	9.937638289246588652e-01
1.378980360360360464e+02	9.104622410050271508e-01	9.937638294899178160e-01
1.380581951951951964e+02	9.105168451419513032e-01	9.937638300432370952e-01
1.382183543543543465e+02	9.105711380693906065e-01	9.937638305848686127e-01
1.383785135135135249e+02	9.106251215026079926e-01	9.937638311150595039e-01
1.385386726726726749e+02	9.106787971480873045e-01	9.937638316340513533e-01
1.386988318318318250e+02	9.107321667035714885e-01	9.937638321420805276e-01
1.388589909909910034e+02	9.107852318580990092e-01	9.937638326393788413e-01
1.390191501501501534e+02	9.108379942920408201e-01	9.937638331261727798e-01
1.391793093093093034e+02	9.108904556771373340e-01	9.937638336026843877e-01
1.393394684684684819e+02	9.109426176765347272e-01	9.937638340691306027e-01
1.394996276276276319e+02	9.109944819448226871e-01	9.937638345257243655e-01
1.396597867867867819e+02	9.110460501280700507e-01	9.937638349726736209e-01
1.398199459459459320e+02	9.110973238638618854e-01	9.937638354101819838e-01
1.399801051051051104e+02	9.111483047813360159e-01	9.937638358384489612e-01
1.401402642642642604e+02	9.111989945012191061e-01	9.937638362576699524e-01
1.403004234234234104e+02	9.112493946358636299e-01	9.937638366680356938e-01
1.404605825825825889e+02	9.112995067892837309e-01	9.937638370697333690e-01
1.406207417417417389e+02	9.113493325571914161e-01	9.937638374629461646e-01
1.407809009009008889e+02	9.113988735270333041e-01	9.937638378478531598e-01
1.409410600600600674e+02	9.114481312780259303e-01	9.937638382246299917e-01
1.411012192192192174e+02	9.114971073811922730e-01	9.937638385934481899e-01
1.412613783783783674e+02	9.115458033993975029e-01	9.937638389544758422e-01
1.414215375375375459e+02	9.115942208873851760e-01	9.937638393078777055e-01
1.415816966966966959e+02	9.116423613918123170e-01	9.937638396538148733e-01
1.417418558558558459e+02	9.116902264512855014e-01	9.937638399924446642e-01
1.419020150150150243e+02	9.117378175963969378e-01	9.937638403239217322e-01
1.420621741741741744e+02	9.117851363497589956e-01	9.937638406483971787e-01
1.422223333333333244e+02	9.118321842260407317e-01	9.937638409660187744e-01
1.423824924924925028e+02	9.118789627320023072e-01	9.937638412769314034e-01
1.425426516516516529e+02	9.119254733665310697e-01	9.937638415812765080e-01
1.427028108108108029e+02	9.119717176206760811e-01	9.937638418791931993e-01
1.428629699699699813e+02	9.120176969776839782e-01	9.937638421708170355e-01
1.430231291291291313e+02	9.120634129130332779e-01	9.937638424562810213e-01
1.431832882882882814e+02	9.121088668944693501e-01	9.937638427357151638e-01
1.433434474474474598e+02	9.121540603820401660e-01	9.937638430092469166e-01
1.435036066066066098e+02	9.121989948281299387e-01	9.937638432770008468e-01
1.436637657657657599e+02	9.122436716774946497e-01	9.937638435390990788e-01
1.438239249249249383e+02	9.122880923672961329e-01	9.937638437956611837e-01
1.439840840840840883e+02	9.123322583271363806e-01	9.937638440468040679e-01
1.441442432432432383e+02	9.123761709790928487e-01	9.937638442926418625e-01
1.443044024024023884e+02	9.124198317377518741e-01	9.937638445332870329e-01
1.444645615615615668e+02	9.124632420102436470e-01	9.937638447688491583e-01
1.446247207207207168e+02	9.125064031962751843e-01	9.937638449994355971e-01
1.447848798798798668e+02	9.125493166881656348e-01	9.937638452251513765e-01
1.449450390390390453e+02	9.125919838708796972e-01	9.937638454460993032e-01
1.451051981981981953e+02	9.126344061220613701e-01	9.937638456623802963e-01
1.452653573573573453e+02	9.126765848120674818e-01	9.937638458740929437e-01
1.454255165165165238e+02	9.127185213040021061e-01	9.937638460813335017e-01
1.455856756756756738e+02	9.127602169537492038e-01	9.937638462841966724e-01
1.457458348348348238e+02	9.128016731100071501e-01	9.937638464827746043e-01
1.459059939939940023e+02	9.128428911143205982e-01	9.937638466771582246e-01
1.460661531531531523e+02	9.128838723011155620e-01	9.937638468674359071e-01
1.462263123123123023e+02	9.129246179977309472e-01	9.937638470536944713e-01
1.463864714714714808e+02	9.129651295244525233e-01	9.937638472360186270e-01
1.465466306306306308e+02	9.130054081945457867e-01	9.937638474144916412e-01
1.467067897897897808e+02	9.130454553142886009e-01	9.937638475891947820e-01
1.468669489489489592e+02	9.130852721830042817e-01	9.937638477602077636e-01
1.470271081081081093e+02	9.131248600930936821e-01	9.937638479276084125e-01
1.471872672672672593e+02	9.131642203300683880e-01	9.937638480914732231e-01
1.473474264264264377e+02	9.132033541725829151e-01	9.937638482518765803e-01
1.475075855855855878e+02	9.132422628924671271e-01	9.937638484088918700e-01
1.476677447447447378e+02	9.132809477547583210e-01	9.937638485625905904e-01
1.478279039039039162e+02	9.133194100177334240e-01	9.937638487130427967e-01
1.479880630630630662e+02	9.133576509329414117e-01	9.937638488603169895e-01
1.481482222222222163e+02	9.133956717452350604e-01	9.937638490044803374e-01
1.483083813813813947e+02	9.134334736928022558e-01	9.937638491455985656e-01
1.484685405405405447e+02	9.134710580071984110e-01	9.937638492837360671e-01
1.486286996996996947e+02	9.135084259133783302e-01	9.937638494189556804e-01
1.487888588588588448e+02	9.135455786297265179e-01	9.937638495513190229e-01
1.489490180180180232e+02	9.135825173680901523e-01	9.937638496808866018e-01
1.491091771771771732e+02	9.136192433338090613e-01	9.937638498077172589e-01
1.492693363363363233e+02	9.136557577257481411e-01	9.937638499318689478e-01
1.494294954954955017e+02	9.136920617363273323e-01	9.937638500533982899e-01
1.495896546546546517e+02	9.137281565515533721e-01	9.937638501723604634e-01
1.497498138138138017e+02	9.137640433510505478e-01	9.937638502888098690e-01
1.499099729729729802e+02	9.137997233080915604e-01	9.937638504027995756e-01
1.500701321321321302e+02	9.138351975896280566e-01	9.937638505143815415e-01
1.502302912912912802e+02	9.138704673563208258e-01	9.937638506236066149e-01
1.503904504504504587e+02	9.139055337625715536e-01	9.937638507305244229e-01
1.505506096096096087e+02	9.139403979565514646e-01	9.937638508351838151e-01
1.507107687687687587e+02	9.139750610802329644e-01	9.937638509376326423e-01
1.508709279279279372e+02	9.140095242694195043e-01	9.937638510379175338e-01
1.510310870870870872e+02	9.140437886537751133e-01	9.937638511360840088e-01
1.511912462462462372e+02	9.140778553568548181e-01	9.937638512321769202e-01
1.513514054054054156e+02	9.141117254961342864e-01	9.937638513262400108e-01
1.515115645645645657e+02	9.141454001830393583e-01	9.937638514183163574e-01
1.516717237237237157e+02	9.141788805229766890e-01	9.937638515084479263e-01
1.518318828828828941e+02	9.142121676153616150e-01	9.937638515966754627e-01
1.519920420420420442e+02	9.142452625536491295e-01	9.937638516830394897e-01
1.521522012012011942e+02	9.142781664253619711e-01	9.937638517675791983e-01
1.523123603603603726e+02	9.143108803121207107e-01	9.937638518503332241e-01
1.524725195195195226e+02	9.143434052896722841e-01	9.937638519313392038e-01
1.526326786786786727e+02	9.143757424279194135e-01	9.937638520106343298e-01
1.527928378378378511e+02	9.144078927909488064e-01	9.937638520882542403e-01
1.529529969969970011e+02	9.144398574370605770e-01	9.937638521642347955e-01
1.531131561561561512e+02	9.144716374187964458e-01	9.937638522386103013e-01
1.532733153153153012e+02	9.145032337829688274e-01	9.937638523114149525e-01
1.534334744744744796e+02	9.145346475706888079e-01	9.937638523826817227e-01
1.535936336336336296e+02	9.145658798173941229e-01	9.937638524524430306e-01
1.537537927927927797e+02	9.145969315528785781e-01	9.937638525207309614e-01
1.539139519519519581e+02	9.146278038013189171e-01	9.937638525875763795e-01
1.540741111111111081e+02	9.146584975813033536e-01	9.937638526530098160e-01
1.542342702702702582e+02	9.146890139058596603e-01	9.937638527170610248e-01
1.543944294294294366e+02	9.147193537824823695e-01	9.937638527797595378e-01
1.545545885885885866e+02	9.147495182131611946e-01	9.937638528411334438e-01
1.547147477477477366e+02	9.147795081944082307e-01	9.937638529012111643e-01
1.548749069069069151e+02	9.148093247172849329e-01	9.937638529600196780e-01
1.550350660660660651e+02	9.148389687674304271e-01	9.937638530175861851e-01
1.551952252252252151e+02	9.148684413250877112e-01	9.937638530739366649e-01
1.553553843843843936e+02	9.148977433651321878e-01	9.937638531290968746e-01
1.555155435435435436e+02	9.149268758570970883e-01	9.937638531830920163e-01
1.556757027027026936e+02	9.149558397652014508e-01	9.937638532359464039e-01
1.558358618618618721e+02	9.149846360483767649e-01	9.937638532876845732e-01
1.559960210210210221e+02	9.150132656602931736e-01	9.937638533383298389e-01
1.561561801801801721e+02	9.150417295493868952e-01	9.937638533879052938e-01
1.563163393393393505e+02	9.150700286588858701e-01	9.937638534364336973e-01
1.564764984984985006e+02	9.150981639268369605e-01	9.937638534839369209e-01
1.566366576576576506e+02	9.151261362861313753e-01	9.937638535304367249e-01
1.567968168168168290e+02	9.151539466645315368e-01	9.937638535759544256e-01
1.569569759759759791e+02	9.151815959846968385e-01	9.937638536205105622e-01
1.571171351351351291e+02	9.152090851642097347e-01	9.937638536641256737e-01
1.572772942942943075e+02	9.152364151156013872e-01	9.937638537068195221e-01
1.574374534534534575e+02	9.152635867463774222e-01	9.937638537486114254e-01
1.575976126126126076e+02	9.152906009590437986e-01	9.937638537895207014e-01
1.577577717717717576e+02	9.153174586511321209e-01	9.937638538295657797e-01
1.579179309309309360e+02	9.153441607152252857e-01	9.937638538687649792e-01
1.580780900900900861e+02	9.153707080389826833e-01	9.937638539071362853e-01
1.582382492492492361e+02	9.153971015051647342e-01	9.937638539446969066e-01
1.583984084084084145e+02	9.154233419916595338e-01	9.937638539814642735e-01
1.585585675675675645e+02	9.154494303715065007e-01	9.937638540174550394e-01
1.587187267267267146e+02	9.154753675129216894e-01	9.937638540526855246e-01
1.588788858858858930e+02	9.155011542793226598e-01	9.937638540871719384e-01
1.590390450450450430e+02	9.155267915293532344e-01	9.937638541209297127e-01
1.591992042042041930e+02	9.155522801169075908e-01	9.937638541539746129e-01
1.593593633633633715e+02	9.155776208911556857e-01	9.937638541863214048e-01
1.595195225225225215e+02	9.156028146965664583e-01	9.937638542179849654e-01
1.596796816816816715e+02	9.156278623729328103e-01	9.937638542489798388e-01
1.598398408408408500e+02	9.156527647553958094e-01	9.937638542793197916e-01
1.600000000000000000e+02	9.156775226744683360e-01	9.937638543090190346e-01
