0.000000000000000000e+00	7.783144424489573110e-01	6.488876774863068242e-01
2.002002002002002123e-01	7.786889773257754666e-01	6.514955197485365890e-01
4.004004004004004247e-01	7.790634096729657232e-01	6.541236071524497708e-01
6.006006006006006093e-01	7.794377381714772124e-01	6.567715016353586899e-01
8.008008008008008494e-01	7.798119615033728413e-01	6.594387528964816836e-01
1.001001001001001089e+00	7.801860783518420606e-01	6.621248986108252410e-01
1.201201201201201219e+00	7.805600874012156298e-01	6.648294646554766540e-01
1.401401401401401570e+00	7.809339873369789409e-01	6.675519653481440940e-01
1.601601601601601699e+00	7.813077768457864503e-01	6.702919036977565970e-01
1.801801801801801828e+00	7.816814546154750021e-01	6.730487716669274478e-01
2.002002002002002179e+00	7.820550193350775947e-01	6.758220504460582534e-01
2.202202202202202308e+00	7.824284696948378137e-01	6.786112107388511117e-01
2.402402402402402437e+00	7.828018043862228215e-01	6.814157130589738598e-01
2.602602602602602566e+00	7.831750221019376790e-01	6.842350080376111698e-01
2.802802802802803139e+00	7.835481215359387797e-01	6.870685367416147216e-01
3.003003003003003268e+00	7.839211013834475050e-01	6.899157310019519151e-01
3.203203203203203397e+00	7.842939603409643246e-01	6.927760137521354888e-01
3.403403403403403527e+00	7.846666971062820073e-01	6.956487993763030842e-01
3.603603603603603656e+00	7.850393103784992777e-01	6.985334940665994807e-01
3.803803803803804229e+00	7.854117988580348042e-01	7.014294961895012337e-01
4.004004004004004358e+00	7.857841612466403003e-01	7.043361966607077918e-01
4.204204204204204487e+00	7.861563962474146239e-01	7.072529793282147370e-01
4.404404404404404616e+00	7.865285025648167672e-01	7.101792213631655803e-01
4.604604604604604745e+00	7.869004789046796233e-01	7.131142936580719960e-01
4.804804804804804874e+00	7.872723239742237533e-01	7.160575612319786121e-01
5.005005005005005003e+00	7.876440364820704865e-01	7.190083836421381491e-01
5.205205205205205132e+00	7.880156151382552432e-01	7.219661154017522620e-01
5.405405405405406150e+00	7.883870586542414127e-01	7.249301064033251141e-01
5.605605605605606279e+00	7.887583657429335648e-01	7.278997023471658334e-01
5.805805805805806408e+00	7.891295351186904394e-01	7.308742451745706692e-01
6.006006006006006537e+00	7.895005654973389353e-01	7.338530735052068987e-01
6.206206206206206666e+00	7.898714555961869888e-01	7.368355230782126508e-01
6.406406406406406795e+00	7.902422041340367853e-01	7.398209271965242584e-01
6.606606606606606924e+00	7.906128098311986374e-01	7.428086171739345378e-01
6.806806806806807053e+00	7.909832714095033079e-01	7.457979227843833936e-01
7.007007007007007182e+00	7.913535875923159990e-01	7.487881727129761522e-01
7.207207207207207311e+00	7.917237571045491196e-01	7.517786950082264719e-01
7.407407407407407440e+00	7.920937786726756080e-01	7.547688175350121265e-01
7.607607607607608458e+00	7.924636510247420329e-01	7.577578684277397336e-01
7.807807807807808587e+00	7.928333728903814714e-01	7.607451765432045043e-01
8.008008008008008716e+00	7.932029430008270543e-01	7.637300719126394188e-01
8.208208208208208845e+00	7.935723600889244000e-01	7.667118861924455686e-01
8.408408408408408974e+00	7.939416228891452709e-01	7.696899531130978467e-01
8.608608608608609103e+00	7.943107301375998963e-01	7.726636089257234996e-01
8.808808808808809232e+00	7.946796805720506285e-01	7.756321928458559389e-01
9.009009009009009361e+00	7.950484729319242660e-01	7.785950474938678756e-01
9.209209209209209490e+00	7.954171059583251546e-01	7.815515193315951681e-01
9.409409409409409619e+00	7.957855783940482874e-01	7.845009590946688816e-01
9.609609609609609748e+00	7.961538889835918509e-01	7.874427222200771626e-01
9.809809809809809877e+00	7.965220364731699920e-01	7.903761692684910800e-01
1.001001001001001001e+01	7.968900196107259193e-01	7.933006663408889159e-01
1.021021021021021014e+01	7.972578371459444480e-01	7.962155854890322626e-01
1.041041041041041026e+01	7.976254878302644347e-01	7.991203051193466189e-01
1.061061061061061039e+01	7.979929704168922111e-01	8.020142103897773822e-01
1.081081081081081230e+01	7.983602836608133524e-01	8.048966935991987981e-01
1.101101101101101243e+01	7.987274263188059997e-01	8.077671545689656396e-01
1.121121121121121256e+01	7.990943971494530729e-01	8.106250010162109332e-01
1.141141141141141269e+01	7.994611949131548156e-01	8.134696489185032631e-01
1.161161161161161282e+01	7.998278183721416745e-01	8.163005228694927284e-01
1.181181181181181294e+01	8.001942662904864001e-01	8.191170564251879505e-01
1.201201201201201307e+01	8.005605374341165925e-01	8.219186924405182948e-01
1.221221221221221320e+01	8.009266305708273581e-01	8.247048833958546821e-01
1.241241241241241333e+01	8.012925444702935218e-01	8.274750917131732386e-01
1.261261261261261346e+01	8.016582779040817286e-01	8.302287900615639149e-01
1.281281281281281359e+01	8.020238296456636551e-01	8.329654616518024079e-01
1.301301301301301372e+01	8.023891984704270008e-01	8.356846005197178240e-01
1.321321321321321385e+01	8.027543831556889220e-01	8.383857117981090568e-01
1.341341341341341398e+01	8.031193824807077997e-01	8.410683119769739591e-01
1.361361361361361411e+01	8.034841952266951193e-01	8.437319291518398101e-01
1.381381381381381424e+01	8.038488201768281272e-01	8.463761032599943501e-01
1.401401401401401436e+01	8.042132561162619320e-01	8.490003863044386367e-01
1.421421421421421449e+01	8.045775018321410510e-01	8.516043425653981869e-01
1.441441441441441462e+01	8.049415561136121777e-01	8.541875487992494076e-01
1.461461461461461475e+01	8.053054177518358392e-01	8.567495944247329742e-01
1.481481481481481488e+01	8.056690855399980533e-01	8.592900816963465749e-01
1.501501501501501679e+01	8.060325582733232075e-01	8.618086258648263165e-01
1.521521521521521692e+01	8.063958347490849388e-01	8.643048553246448495e-01
1.541541541541541704e+01	8.067589137666186794e-01	8.667784117484709228e-01
1.561561561561561717e+01	8.071217941273333141e-01	8.692289502085553954e-01
1.581581581581581730e+01	8.074844746347228375e-01	8.716561392850233903e-01
1.601601601601601743e+01	8.078469540943784555e-01	8.740596611610734756e-01
1.621621621621621756e+01	8.082092313140000206e-01	8.764392117051005293e-01
1.641641641641641769e+01	8.085713051034078003e-01	8.787945005397748144e-01
1.661661661661661782e+01	8.089331742745541343e-01	8.811252510981311126e-01
1.681681681681681795e+01	8.092948376415350920e-01	8.834312006667343065e-01
1.701701701701701808e+01	8.096562940206021297e-01	8.857121004160071198e-01
1.721721721721721821e+01	8.100175422301736372e-01	8.879677154178212684e-01
1.741741741741741833e+01	8.103785810908460396e-01	8.901978246504697045e-01
1.761761761761761846e+01	8.107394094254058992e-01	8.924022209911510739e-01
1.781781781781781859e+01	8.111000260588410171e-01	8.945807111961172620e-01
1.801801801801801872e+01	8.114604298183516473e-01	8.967331158686452364e-01
1.821821821821821885e+01	8.118206195333622643e-01	8.988592694150107087e-01
1.841841841841841898e+01	8.121805940355325548e-01	9.009590199886561290e-01
1.861861861861861911e+01	8.125403521587689637e-01	9.030322294227572932e-01
1.881881881881881924e+01	8.128998927392356855e-01	9.050787731514067236e-01
1.901901901901901937e+01	8.132592146153658774e-01	9.070985401196443032e-01
1.921921921921921950e+01	8.136183166278730949e-01	9.090914326825787484e-01
1.941941941941941963e+01	8.139771976197620607e-01	9.110573664938522720e-01
1.961961961961961975e+01	8.143358564363399887e-01	9.129962703837152249e-01
1.981981981981981988e+01	8.146942919252276871e-01	9.149080862269854952e-01
2.002002002002002001e+01	8.150525029363701046e-01	9.167927688011778820e-01
2.022022022022022014e+01	8.154104883220478772e-01	9.186502856350976520e-01
2.042042042042042027e+01	8.157682469368877642e-01	9.204806168482027040e-01
2.062062062062062040e+01	8.161257776378740836e-01	9.222837549810439794e-01
2.082082082082082053e+01	8.164830792843587037e-01	9.240597048171040884e-01
2.102102102102102066e+01	8.168401507380729232e-01	9.258084831963588890e-01
2.122122122122122079e+01	8.171969908631371293e-01	9.275301188208942005e-01
2.142142142142142447e+01	8.175535985260723448e-01	9.292246520529150455e-01
2.162162162162162460e+01	8.179099725958105527e-01	9.308921347054899265e-01
2.182182182182182473e+01	8.182661119437052433e-01	9.325326298263759695e-01
2.202202202202202486e+01	8.186220154435424057e-01	9.341462114752779877e-01
2.222222222222222499e+01	8.189776819715502976e-01	9.357329644948919611e-01
2.242242242242242511e+01	8.193331104064109915e-01	9.372929842760923114e-01
2.262262262262262524e+01	8.196882996292700341e-01	9.388263765176195763e-01
2.282282282282282537e+01	8.200432485237472147e-01	9.403332569806288621e-01
2.302302302302302550e+01	8.203979559759466689e-01	9.418137512384601173e-01
2.322322322322322563e+01	8.207524208744677585e-01	9.432679944219896084e-01
2.342342342342342576e+01	8.211066421104147306e-01	9.446961309609250845e-01
2.362362362362362589e+01	8.214606185774073754e-01	9.460983143214022340e-01
2.382382382382382602e+01	8.218143491715911297e-01	9.474747067402421452e-01
2.402402402402402615e+01	8.221678327916471796e-01	9.488254789562257097e-01
2.422422422422422628e+01	8.225210683388025634e-01	9.501508099387370176e-01
2.442442442442442641e+01	8.228740547168403863e-01	9.514508866141293542e-01
2.462462462462462653e+01	8.232267908321098115e-01	9.527259035901587403e-01
2.482482482482482666e+01	8.235792755935360532e-01	9.539760628788287455e-01
2.502502502502502679e+01	8.239315079126299235e-01	9.552015736179866323e-01
2.522522522522522692e+01	8.242834867034986024e-01	9.564026517920026782e-01
2.542542542542542705e+01	8.246352108828547411e-01	9.575795199518641887e-01
2.562562562562562718e+01	8.249866793700263434e-01	9.587324069350042777e-01
2.582582582582582731e+01	8.253378910869669793e-01	9.598615475851846046e-01
2.602602602602602744e+01	8.256888449582650003e-01	9.609671824727408218e-01
2.622622622622622757e+01	8.260395399111537529e-01	9.620495576154965978e-01
2.642642642642642770e+01	8.263899748755205721e-01	9.631089242006396489e-01
2.662662662662662783e+01	8.267401487839167729e-01	9.641455383078517682e-01
2.682682682682682795e+01	8.270900605715673093e-01	9.651596606339722939e-01
2.702702702702702808e+01	8.274397091763797674e-01	9.661515562194697981e-01
2.722722722722722821e+01	8.277890935389544680e-01	9.671214941769845641e-01
2.742742742742742834e+01	8.281382126025932378e-01	9.680697474222015320e-01
2.762762762762762847e+01	8.284870653133091789e-01	9.689965924072987402e-01
2.782782782782782860e+01	8.288356506198357732e-01	9.699023088572119589e-01
2.802802802802802873e+01	8.291839674736363186e-01	9.707871795089434430e-01
2.822822822822822886e+01	8.295320148289130335e-01	9.716514898541377399e-01
2.842842842842842899e+01	8.298797916426161603e-01	9.724955278851332707e-01
2.862862862862862912e+01	8.302272968744534021e-01	9.733195838446927484e-01
2.882882882882882924e+01	8.305745294868984718e-01	9.741239499796037205e-01
2.902902902902902937e+01	8.309214884452007510e-01	9.749089202983329816e-01
2.922922922922922950e+01	8.312681727173936164e-01	9.756747903329048288e-01
2.942942942942942963e+01	8.316145812743038768e-01	9.764218569051694718e-01
2.962962962962962976e+01	8.319607130895607661e-01	9.771504178976117005e-01
2.982982982982982989e+01	8.323065671396041587e-01	9.778607720288456928e-01
3.003003003003003357e+01	8.326521424036938956e-01	9.785532186339269689e-01
3.023023023023023370e+01	8.329974378639182220e-01	9.792280574496085022e-01
3.043043043043043383e+01	8.333424525052028908e-01	9.798855884046514531e-01
3.063063063063063396e+01	8.336871853153191569e-01	9.805261114152992175e-01
3.083083083083083409e+01	8.340316352848933246e-01	9.811499261860060495e-01
3.103103103103103422e+01	8.343758014074142970e-01	9.817573320155088545e-01
3.123123123123123435e+01	8.347196826792426805e-01	9.823486276083163160e-01
3.143143143143143448e+01	8.350632780996193327e-01	9.829241108916841885e-01
3.163163163163163460e+01	8.354065866706731347e-01	9.834840788381330468e-01
3.183183183183183473e+01	8.357496073974302053e-01	9.840288272935597824e-01
3.203203203203203486e+01	8.360923392878214511e-01	9.845586508109810397e-01
3.223223223223223499e+01	8.364347813526913367e-01	9.850738424899413426e-01
3.243243243243243512e+01	8.367769326058057677e-01	9.855746938216101150e-01
3.263263263263263525e+01	8.371187920638606395e-01	9.860614945395816955e-01
3.283283283283283538e+01	8.374603587464896082e-01	9.865345324763850066e-01
3.303303303303303551e+01	8.378016316762721960e-01	9.869940934257046550e-01
3.323323323323323564e+01	8.381426098787421175e-01	9.874404610103024726e-01
3.343343343343343577e+01	8.384832923823947182e-01	9.878739165556258417e-01
3.363363363363363590e+01	8.388236782186955232e-01	9.882947389690799334e-01
3.383383383383383602e+01	8.391637664220876758e-01	9.887032046249328854e-01
3.403403403403403615e+01	8.395035560299998201e-01	9.890995872548202783e-01
3.423423423423423628e+01	8.398430460828538724e-01	9.894841578438042795e-01
3.443443443443443641e+01	8.401822356240731260e-01	9.898571845319394935e-01
3.463463463463463654e+01	8.405211237000890234e-01	9.902189325212910065e-01
3.483483483483483667e+01	8.408597093603499273e-01	9.905696639883452281e-01
3.503503503503503680e+01	8.411979916573278926e-01	9.909096380017465844e-01
3.523523523523523693e+01	8.415359696465262163e-01	9.912391104452896728e-01
3.543543543543543706e+01	8.418736423864874308e-01	9.915583339460938284e-01
3.563563563563563719e+01	8.422110089388000764e-01	9.918675578078761657e-01
3.583583583583583732e+01	8.425480683681068061e-01	9.921670279492421640e-01
3.603603603603603744e+01	8.428848197421107136e-01	9.924569868469036438e-01
3.623623623623623757e+01	8.432212621315837708e-01	9.927376734837329852e-01
3.643643643643643770e+01	8.435573946103731569e-01	9.930093233015575560e-01
3.663663663663663783e+01	8.438932162554086958e-01	9.932721681585945372e-01
3.683683683683683796e+01	8.442287261467098514e-01	9.935264362914273395e-01
3.703703703703703809e+01	8.445639233673934987e-01	9.937723522814144728e-01
3.723723723723723822e+01	8.448988070036798081e-01	9.940101370254283975e-01
3.743743743743743835e+01	8.452333761448999061e-01	9.942400077108111134e-01
3.763763763763763848e+01	8.455676298835028692e-01	9.944621777944384622e-01
3.783783783783783861e+01	8.459015673150622749e-01	9.946768569857773468e-01
3.803803803803803874e+01	8.462351875382828625e-01	9.948842512338228472e-01
3.823823823823823886e+01	8.465684896550079719e-01	9.950845627177984376e-01
3.843843843843843899e+01	8.469014727702255385e-01	9.952779898415033966e-01
3.863863863863863912e+01	8.472341359920748660e-01	9.954647272311878403e-01
3.883883883883883925e+01	8.475664784318537315e-01	9.956449657368385830e-01
3.903903903903903938e+01	8.478984992040244917e-01	9.958188924367555872e-01
3.923923923923923951e+01	8.482301974262205224e-01	9.959866906453005431e-01
3.943943943943943964e+01	8.485615722192529908e-01	9.961485399236976734e-01
3.963963963963963977e+01	8.488926227071170727e-01	9.963046160937684137e-01
3.983983983983983990e+01	8.492233480169980586e-01	9.964550912544802852e-01
4.004004004004004003e+01	8.495537472792781264e-01	9.966001338011922783e-01
4.024024024024024015e+01	8.498838196275423362e-01	9.967399084474788395e-01
4.044044044044044028e+01	8.502135641985847370e-01	9.968745762494151119e-01
4.064064064064064041e+01	8.505429801324146943e-01	9.970042946322084099e-01
4.084084084084084054e+01	8.508720665722626642e-01	9.971292174190604651e-01
4.104104104104104067e+01	8.512008226645865205e-01	9.972494948621469790e-01
4.124124124124124080e+01	8.515292475590775512e-01	9.973652736756023485e-01
4.144144144144144093e+01	8.518573404086662304e-01	9.974766970703989877e-01
4.164164164164164106e+01	8.521851003695278814e-01	9.975839047910115553e-01
4.184184184184184119e+01	8.525125266010890046e-01	9.976870331537599501e-01
4.204204204204204132e+01	8.528396182660326064e-01	9.977862150867239377e-01
4.224224224224224145e+01	8.531663745303040836e-01	9.978815801711264921e-01
4.244244244244244157e+01	8.534927945631172186e-01	9.979732546840852647e-01
4.264264264264264170e+01	8.538188775369589534e-01	9.980613616426304846e-01
4.284284284284284894e+01	8.541446226275957176e-01	9.981460208488931451e-01
4.304304304304304907e+01	8.544700290140785359e-01	9.982273489363691077e-01
4.324324324324324920e+01	8.547950958787488007e-01	9.983054594171638652e-01
4.344344344344344933e+01	8.551198224072432685e-01	9.983804627301298140e-01
4.364364364364364945e+01	8.554442077884996110e-01	9.984524662898059955e-01
4.384384384384384958e+01	8.557682512147617437e-01	9.985215745360763728e-01
4.404404404404404971e+01	8.560919518815850449e-01	9.985878889844613804e-01
4.424424424424424984e+01	8.564153089878413505e-01	9.986515082769634732e-01
4.444444444444444997e+01	8.567383217357243952e-01	9.987125282333875198e-01
4.464464464464465010e+01	8.570609893307548077e-01	9.987710419030608744e-01
4.484484484484485023e+01	8.573833109817847742e-01	9.988271396168795224e-01
4.504504504504505036e+01	8.577052859010034780e-01	9.988809090396096879e-01
4.524524524524525049e+01	8.580269133039419849e-01	9.989324352223770687e-01
4.544544544544545062e+01	8.583481924094774618e-01	9.989818006552784180e-01
4.564564564564565075e+01	8.586691224398390609e-01	9.990290853200511911e-01
4.584584584584585087e+01	8.589897026206118058e-01	9.990743667427429697e-01
4.604604604604605100e+01	8.593099321807415869e-01	9.991177200463212671e-01
4.624624624624625113e+01	8.596298103525397138e-01	9.991592180031678705e-01
4.644644644644645126e+01	8.599493363716879113e-01	9.991989310874072050e-01
4.664664664664665139e+01	8.602685094772424268e-01	9.992369275270163165e-01
4.684684684684685152e+01	8.605873289116383607e-01	9.992732733556678459e-01
4.704704704704705165e+01	8.609057939206949950e-01	9.993080324642642509e-01
4.724724724724725178e+01	8.612239037536189024e-01	9.993412666521150900e-01
4.744744744744745191e+01	8.615416576630094969e-01	9.993730356777205115e-01
4.764764764764765204e+01	8.618590549048623650e-01	9.994033973091207557e-01
4.784784784784785217e+01	8.621760947385742613e-01	9.994324073737750336e-01
4.804804804804805229e+01	8.624927764269465502e-01	9.994601198079371418e-01
4.824824824824825242e+01	8.628090992361898692e-01	9.994865867054947284e-01
4.844844844844845255e+01	8.631250624359279033e-01	9.995118583662430112e-01
4.864864864864865268e+01	8.634406652992014930e-01	9.995359833435657482e-01
4.884884884884885281e+01	8.637559071024727420e-01	9.995590084914961482e-01
4.904904904904905294e+01	8.640707871256283479e-01	9.995809790111360726e-01
4.924924924924925307e+01	8.643853046519842653e-01	9.996019384964112131e-01
4.944944944944945320e+01	8.646994589682888144e-01	9.996219289791411500e-01
4.964964964964965333e+01	8.650132493647267884e-01	9.996409909734076393e-01
4.984984984984985346e+01	8.653266751349230068e-01	9.996591635192044745e-01
5.005005005005005358e+01	8.656397355759459789e-01	9.996764842253543781e-01
5.025025025025025371e+01	8.659524299883115672e-01	9.996929893116787147e-01
5.045045045045045384e+01	8.662647576759860968e-01	9.997087136504111404e-01
5.065065065065065397e+01	8.665767179463905734e-01	9.997236908068429795e-01
5.085085085085085410e+01	8.668883101104033484e-01	9.997379530791931090e-01
5.105105105105105423e+01	8.671995334823640045e-01	9.997515315376951373e-01
5.125125125125125436e+01	8.675103873800762422e-01	9.997644560628967669e-01
5.145145145145145449e+01	8.678208711248116547e-01	9.997767553831657938e-01
5.165165165165165462e+01	8.681309840413122814e-01	9.997884571114010743e-01
5.185185185185185475e+01	8.684407254577943824e-01	9.997995877809464638e-01
5.205205205205205488e+01	8.687500947059511036e-01	9.998101728807053945e-01
5.225225225225225500e+01	8.690590911209556957e-01	9.998202368894585357e-01
5.245245245245245513e+01	8.693677140414645121e-01	9.998298033093854231e-01
5.265265265265265526e+01	8.696759628096197847e-01	9.998388946987910586e-01
5.285285285285285539e+01	8.699838367710527320e-01	9.998475327040425853e-01
5.305305305305305552e+01	8.702913352748862241e-01	9.998557380907193703e-01
5.325325325325325565e+01	8.705984576737374470e-01	9.998635307739812683e-01
5.345345345345345578e+01	8.709052033237210111e-01	9.998709298481619490e-01
5.365365365365365591e+01	8.712115715844512831e-01	9.998779536155920633e-01
5.385385385385385604e+01	8.715175618190450502e-01	9.998846196146610188e-01
5.405405405405405617e+01	8.718231733941239625e-01	9.998909446471249129e-01
5.425425425425425630e+01	8.721284056798175310e-01	9.998969448046679531e-01
5.445445445445445642e+01	8.724332580497649037e-01	9.999026354947279094e-01
5.465465465465465655e+01	8.727377298811177520e-01	9.999080314655941493e-01
5.485485485485485668e+01	8.730418205545423804e-01	9.999131468307878023e-01
5.505505505505505681e+01	8.733455294542220582e-01	9.999179950927363780e-01
5.525525525525525694e+01	8.736488559678594612e-01	9.999225891657506082e-01
5.545545545545545707e+01	8.739517994866783379e-01	9.999269413983177257e-01
5.565565565565565720e+01	8.742543594054262845e-01	9.999310635947208370e-01
5.585585585585585733e+01	8.745565351223764106e-01	9.999349670359958253e-01
5.605605605605605746e+01	8.748583260393294481e-01	9.999386625002392170e-01
5.625625625625625759e+01	8.751597315616155282e-01	9.999421602822783361e-01
5.645645645645645772e+01	8.754607510980966234e-01	9.999454702127160699e-01
5.665665665665665784e+01	8.757613840611678802e-01	9.999486016763630136e-01
5.685685685685685797e+01	8.760616298667596169e-01	9.999515636300694288e-01
5.705705705705705810e+01	8.763614879343393227e-01	9.999543646199707814e-01
5.725725725725725823e+01	8.766609576869127674e-01	9.999570127981579626e-01
5.745745745745745836e+01	8.769600385510263330e-01	9.999595159387868470e-01
5.765765765765765849e+01	8.772587299567681240e-01	9.999618814536391787e-01
5.785785785785785862e+01	8.775570313377696330e-01	9.999641164071479960e-01
5.805805805805805875e+01	8.778549421312074053e-01	9.999662275309004755e-01
5.825825825825825888e+01	8.781524617778042607e-01	9.999682212376316270e-01
5.845845845845845901e+01	8.784495897218307370e-01	9.999701036347209415e-01
5.865865865865865914e+01	8.787463254111065325e-01	9.999718805372053154e-01
5.885885885885885926e+01	8.790426682970016170e-01	9.999735574803205740e-01
5.905905905905905939e+01	8.793386178344376747e-01	9.999751397315858048e-01
5.925925925925925952e+01	8.796341734818888813e-01	9.999766323024400494e-01
5.945945945945945965e+01	8.799293347013836808e-01	9.999780399594466740e-01
5.965965965965965978e+01	8.802241009585048959e-01	9.999793672350766327e-01
5.985985985985986702e+01	8.805184717223917268e-01	9.999806184380818364e-01
6.006006006006006714e+01	8.808124464657403063e-01	9.999817976634725047e-01
6.026026026026026727e+01	8.811060246648043659e-01	9.999829088021084944e-01
6.046046046046046740e+01	8.813992057993963458e-01	9.999839555499178134e-01
6.066066066066066753e+01	8.816919893528882834e-01	9.999849414167523154e-01
6.086086086086086766e+01	8.819843748122127014e-01	9.999858697348928960e-01
6.106106106106106779e+01	8.822763616678623855e-01	9.999867436672157384e-01
6.126126126126126792e+01	8.825679494138923831e-01	9.999875662150280453e-01
6.146146146146146805e+01	8.828591375479195591e-01	9.999883402255871356e-01
6.166166166166166818e+01	8.831499255711235952e-01	9.999890683993114537e-01
6.186186186186186831e+01	8.834403129882475447e-01	9.999897532966935954e-01
6.206206206206206843e+01	8.837302993075979440e-01	9.999903973449270067e-01
6.226226226226226856e+01	8.840198840410454784e-01	9.999910028442540177e-01
6.246246246246246869e+01	8.843090667040252040e-01	9.999915719740468667e-01
6.266266266266266882e+01	8.845978468155368812e-01	9.999921067986294876e-01
6.286286286286286895e+01	8.848862238981449746e-01	9.999926092728507188e-01
6.306306306306306908e+01	8.851741974779794297e-01	9.999930812474157049e-01
6.326326326326326921e+01	8.854617670847352295e-01	9.999935244739871498e-01
6.346346346346346934e+01	8.857489322516725050e-01	9.999939406100619710e-01
6.366366366366366947e+01	8.860356925156168684e-01	9.999943312236339032e-01
6.386386386386386960e+01	8.863220474169593022e-01	9.999946977976483797e-01
6.406406406406406973e+01	8.866079964996560481e-01	9.999950417342589049e-01
6.426426426426426985e+01	8.868935393112280519e-01	9.999953643588912477e-01
6.446446446446446998e+01	8.871786754027617405e-01	9.999956669241241158e-01
6.466466466466467011e+01	8.874634043289080232e-01	9.999959506133924148e-01
6.486486486486487024e+01	8.877477256478819578e-01	9.999962165445207551e-01
6.506506506506507037e+01	8.880316389214631956e-01	9.999964657730929796e-01
6.526526526526527050e+01	8.883151437149947593e-01	9.999966992956660361e-01
6.546546546546547063e+01	8.885982395973828218e-01	9.999969180528325285e-01
6.566566566566567076e+01	8.888809261410970386e-01	9.999971229321393817e-01
6.586586586586587089e+01	8.891632029221683275e-01	9.999973147708678400e-01
6.606606606606607102e+01	8.894450695201903123e-01	9.999974943586811271e-01
6.626626626626627115e+01	8.897265255183167687e-01	9.999976624401453185e-01
6.646646646646647127e+01	8.900075705032624018e-01	9.999978197171273120e-01
6.666666666666667140e+01	8.902882040653015139e-01	9.999979668510776687e-01
6.686686686686687153e+01	8.905684257982668939e-01	9.999981044652012097e-01
6.706706706706707166e+01	8.908482352995497067e-01	9.999982331465209207e-01
6.726726726726727179e+01	8.911276321700981606e-01	9.999983534478397162e-01
6.746746746746747192e+01	8.914066160144165085e-01	9.999984658896048373e-01
6.766766766766767205e+01	8.916851864405642702e-01	9.999985709616788787e-01
6.786786786786787218e+01	8.919633430601552337e-01	9.999986691250219994e-01
6.806806806806807231e+01	8.922410854883562337e-01	9.999987608132882011e-01
6.826826826826827244e+01	8.925184133438860412e-01	9.999988464343411154e-01
6.846846846846847257e+01	8.927953262490142539e-01	9.999989263716921872e-01
6.866866866866867269e+01	8.930718238295598521e-01	9.999990009858645834e-01
6.886886886886887282e+01	8.933479057148904223e-01	9.999990706156862696e-01
6.906906906906907295e+01	8.936235715379200473e-01	9.999991355795168069e-01
6.926926926926927308e+01	8.938988209351087511e-01	9.999991961764089776e-01
6.946946946946947321e+01	8.941736535464605007e-01	9.999992526872096832e-01
6.966966966966967334e+01	8.944480690155218738e-01	9.999993053756032202e-01
6.986986986986987347e+01	8.947220669893807266e-01	9.999993544890977137e-01
7.007007007007007360e+01	8.949956471186641949e-01	9.999994002599605913e-01
7.027027027027027373e+01	8.952688090575378066e-01	9.999994429061025425e-01
7.047047047047047386e+01	8.955415524637029279e-01	9.999994826319142938e-01
7.067067067067067399e+01	8.958138769983956529e-01	9.999995196290581978e-01
7.087087087087087411e+01	8.960857823263848054e-01	9.999995540772157465e-01
7.107107107107107424e+01	8.963572681159700517e-01	9.999995861447956713e-01
7.127127127127127437e+01	8.966283340389804568e-01	9.999996159896014092e-01
7.147147147147147450e+01	8.968989797707720424e-01	9.999996437594627086e-01
7.167167167167167463e+01	8.971692049902260102e-01	9.999996695928318191e-01
7.187187187187187476e+01	8.974390093797470769e-01	9.999996936193463748e-01
7.207207207207207489e+01	8.977083926252605872e-01	9.999997159603604135e-01
7.227227227227227502e+01	8.979773544162115151e-01	9.999997367294458650e-01
7.247247247247247515e+01	8.982458944455614658e-01	9.999997560328655055e-01
7.267267267267267528e+01	8.985140124097867886e-01	9.999997739700184907e-01
7.287287287287287540e+01	8.987817080088762456e-01	9.999997906338612408e-01
7.307307307307307553e+01	8.990489809463290127e-01	9.999998061113033465e-01
7.327327327327327566e+01	8.993158309291517938e-01	9.999998204835811588e-01
7.347347347347347579e+01	8.995822576678570437e-01	9.999998338266091746e-01
7.367367367367367592e+01	8.998482608764599711e-01	9.999998462113118824e-01
7.387387387387387605e+01	9.001138402724765397e-01	9.999998577039347358e-01
7.407407407407407618e+01	9.003789955769208042e-01	9.999998683663380294e-01
7.427427427427427631e+01	9.006437265143019122e-01	9.999998782562731225e-01
7.447447447447447644e+01	9.009080328126223280e-01	9.999998874276420091e-01
7.467467467467467657e+01	9.011719142033743912e-01	9.999998959307416779e-01
7.487487487487487670e+01	9.014353704215378738e-01	9.999999038124935957e-01
7.507507507507507682e+01	9.016984012055776487e-01	9.999999111166595345e-01
7.527527527527527695e+01	9.019610062974399156e-01	9.999999178840446312e-01
7.547547547547547708e+01	9.022231854425505349e-01	9.999999241526875693e-01
7.567567567567567721e+01	9.024849383898112531e-01	9.999999299580396572e-01
7.587587587587587734e+01	9.027462648915969279e-01	9.999999353331325835e-01
7.607607607607607747e+01	9.030071647037531957e-01	9.999999403087360683e-01
7.627627627627627760e+01	9.032676375855922535e-01	9.999999449135061891e-01
7.647647647647647773e+01	9.035276832998909713e-01	9.999999491741233815e-01
7.667667667667667786e+01	9.037873016128870063e-01	9.999999531154231125e-01
7.687687687687687799e+01	9.040464922942761383e-01	9.999999567605177830e-01
7.707707707707707812e+01	9.043052551172087172e-01	9.999999601309105257e-01
7.727727727727727824e+01	9.045635898582865542e-01	9.999999632466032295e-01
7.747747747747747837e+01	9.048214962975593689e-01	9.999999661261962380e-01
7.767767767767767850e+01	9.050789742185220144e-01	9.999999687869824960e-01
7.787787787787787863e+01	9.053360234081107016e-01	9.999999712450354794e-01
7.807807807807807876e+01	9.055926436566995585e-01	9.999999735152917957e-01
7.827827827827827889e+01	9.058488347580972988e-01	9.999999756116277894e-01
7.847847847847847902e+01	9.061045965095435584e-01	9.999999775469323726e-01
7.867867867867867915e+01	9.063599287117054537e-01	9.999999793331735276e-01
7.887887887887887928e+01	9.066148311686741401e-01	9.999999809814622553e-01
7.907907907907907941e+01	9.068693036879607039e-01	9.999999825021107513e-01
7.927927927927927954e+01	9.071233460804930537e-01	9.999999839046880279e-01
7.947947947947947966e+01	9.073769581606117018e-01	9.999999851980709842e-01
7.967967967967967979e+01	9.076301397460662113e-01	9.999999863904925901e-01
7.987987987987987992e+01	9.078828906580114211e-01	9.999999874895868501e-01
8.008008008008008005e+01	9.081352107210034497e-01	9.999999885024305479e-01
8.028028028028028018e+01	9.083870997629961419e-01	9.999999894355824370e-01
8.048048048048048031e+01	9.086385576153362953e-01	9.999999902951193231e-01
8.068068068068068044e+01	9.088895841127607733e-01	9.999999910866708142e-01
8.088088088088088057e+01	9.091401790933918425e-01	9.999999918154505174e-01
8.108108108108108070e+01	9.093903423987329537e-01	9.999999924862852385e-01
8.128128128128128083e+01	9.096400738736651892e-01	9.999999931036437362e-01
8.148148148148148096e+01	9.098893733664424888e-01	9.999999936716610360e-01
8.168168168168168108e+01	9.101382407286882081e-01	9.999999941941632997e-01
8.188188188188188121e+01	9.103866758153900118e-01	9.999999946746895851e-01
8.208208208208208134e+01	9.106346784848964315e-01	9.999999951165126078e-01
8.228228228228228147e+01	9.108822485989118700e-01	9.999999955226586135e-01
8.248248248248248160e+01	9.111293860224927155e-01	9.999999958959244761e-01
8.268268268268268173e+01	9.113760906240425674e-01	9.999999962388949060e-01
8.288288288288288186e+01	9.116223622753083511e-01	9.999999965539579927e-01
8.308308308308308199e+01	9.118682008513750992e-01	9.999999968433195274e-01
8.328328328328328212e+01	9.121136062306620662e-01	9.999999971090164363e-01
8.348348348348348225e+01	9.123585782949179546e-01	9.999999973529292152e-01
8.368368368368368237e+01	9.126031169292160294e-01	9.999999975767934757e-01
8.388388388388388250e+01	9.128472220219501221e-01	9.999999977822111585e-01
8.408408408408408263e+01	9.130908934648291897e-01	9.999999979706597486e-01
8.428428428428428276e+01	9.133341311528734296e-01	9.999999981435021557e-01
8.448448448448448289e+01	9.135769349844085063e-01	9.999999983019952632e-01
8.468468468468468302e+01	9.138193048610618874e-01	9.999999984472975889e-01
8.488488488488488315e+01	9.140612406877571816e-01	9.999999985804771674e-01
8.508508508508508328e+01	9.143027423727094760e-01	9.999999987025177672e-01
8.528528528528528341e+01	9.145438098274207839e-01	9.999999988143259966e-01
8.548548548548549775e+01	9.147844429666743826e-01	9.999999989167368541e-01
8.568568568568569788e+01	9.150246417085305950e-01	9.999999990105190584e-01
8.588588588588589801e+01	9.152644059743212379e-01	9.999999990963801544e-01
8.608608608608609813e+01	9.155037356886448485e-01	9.999999991749717321e-01
8.628628628628629826e+01	9.157426307793614662e-01	9.999999992468928678e-01
8.648648648648649839e+01	9.159810911775873032e-01	9.999999993126952313e-01
8.668668668668669852e+01	9.162191168176899714e-01	9.999999993728856396e-01
8.688688688688689865e+01	9.164567076372829302e-01	9.999999994279302751e-01
8.708708708708709878e+01	9.166938635772204913e-01	9.999999994782579060e-01
8.728728728728729891e+01	9.169305845815922673e-01	9.999999995242623285e-01
8.748748748748749904e+01	9.171668705977181757e-01	9.999999995663055863e-01
8.768768768768769917e+01	9.174027215761426657e-01	9.999999996047199691e-01
8.788788788788789930e+01	9.176381374706297223e-01	9.999999996398107882e-01
8.808808808808809943e+01	9.178731182381568710e-01	9.999999996718584860e-01
8.828828828828829955e+01	9.181076638389107369e-01	9.999999997011204123e-01
8.848848848848849968e+01	9.183417742362803837e-01	9.999999997278326003e-01
8.868868868868869981e+01	9.185754493968523171e-01	9.999999997522118766e-01
8.888888888888889994e+01	9.188086892904051561e-01	9.999999997744568603e-01
8.908908908908910007e+01	9.190414938899034158e-01	9.999999997947499608e-01
8.928928928928930020e+01	9.192738631714922892e-01	9.999999998132580448e-01
8.948948948948950033e+01	9.195057971144919851e-01	9.999999998301346560e-01
8.968968968968970046e+01	9.197372957013913997e-01	9.999999998455200156e-01
8.988988988988990059e+01	9.199683589178435650e-01	9.999999998595425765e-01
9.009009009009010072e+01	9.201989867526583211e-01	9.999999998723203554e-01
9.029029029029030085e+01	9.204291791977980974e-01	9.999999998839612658e-01
9.049049049049050097e+01	9.206589362483704742e-01	9.999999998945640067e-01
9.069069069069070110e+01	9.208882579026236304e-01	9.999999999042190613e-01
9.089089089089090123e+01	9.211171441619396827e-01	9.999999999130089190e-01
9.109109109109110136e+01	9.213455950308289122e-01	9.999999999210096302e-01
9.129129129129130149e+01	9.215736105169235470e-01	9.999999999282902508e-01
9.149149149149150162e+01	9.218011906309723225e-01	9.999999999349140634e-01
9.169169169169170175e+01	9.220283353868338194e-01	9.999999999409390217e-01
9.189189189189190188e+01	9.222550448014705804e-01	9.999999999464180833e-01
9.209209209209210201e+01	9.224813188949432252e-01	9.999999999513995430e-01
9.229229229229230214e+01	9.227071576904036787e-01	9.999999999559275876e-01
9.249249249249250227e+01	9.229325612140897306e-01	9.999999999600425182e-01
9.269269269269270239e+01	9.231575294953182631e-01	9.999999999637811943e-01
9.289289289289290252e+01	9.233820625664793669e-01	9.999999999671773665e-01
9.309309309309310265e+01	9.236061604630294575e-01	9.999999999702615661e-01
9.329329329329330278e+01	9.238298232234858354e-01	9.999999999730618816e-01
9.349349349349350291e+01	9.240530508894195805e-01	9.999999999756038482e-01
9.369369369369370304e+01	9.242758435054494459e-01	9.999999999779107807e-01
9.389389389389390317e+01	9.244982011192356408e-01	9.999999999800041062e-01
9.409409409409410330e+01	9.247201237814730579e-01	9.999999999819029206e-01
9.429429429429430343e+01	9.249416115458848342e-01	9.999999999836250986e-01
9.449449449449450356e+01	9.251626644692161339e-01	9.999999999851865162e-01
9.469469469469470368e+01	9.253832826112271537e-01	9.999999999866021616e-01
9.489489489489490381e+01	9.256034660346872389e-01	9.999999999878851353e-01
9.509509509509510394e+01	9.258232148053673338e-01	9.999999999890476499e-01
9.529529529529530407e+01	9.260425289920340974e-01	9.999999999901008074e-01
9.549549549549550420e+01	9.262614086664431312e-01	9.999999999910546000e-01
9.569569569569570433e+01	9.264798539033320957e-01	9.999999999919183535e-01
9.589589589589590446e+01	9.266978647804140490e-01	9.999999999927002836e-01
9.609609609609610459e+01	9.269154413783704527e-01	9.999999999934079398e-01
9.629629629629630472e+01	9.271325837808452874e-01	9.999999999940484274e-01
9.649649649649650485e+01	9.273492920744369483e-01	9.999999999946278528e-01
9.669669669669670498e+01	9.275655663486925828e-01	9.999999999951518781e-01
9.689689689689690510e+01	9.277814066961003192e-01	9.999999999956257213e-01
9.709709709709710523e+01	9.279968132120831603e-01	9.999999999960542674e-01
9.729729729729730536e+01	9.282117859949913230e-01	9.999999999964415132e-01
9.749749749749750549e+01	9.284263251460957989e-01	9.999999999967914555e-01
9.769769769769770562e+01	9.286404307695812488e-01	9.999999999971076470e-01
9.789789789789790575e+01	9.288541029725390086e-01	9.999999999973931963e-01
9.809809809809810588e+01	9.290673418649596504e-01	9.999999999976511011e-01
9.829829829829830601e+01	9.292801475597267657e-01	9.999999999978840259e-01
9.849849849849850614e+01	9.294925201726091935e-01	9.999999999980941912e-01
9.869869869869870627e+01	9.297044598222540257e-01	9.999999999982839283e-01
9.889889889889890640e+01	9.299159666301795024e-01	9.999999999984550136e-01
9.909909909909910652e+01	9.301270407207682389e-01	9.999999999986094457e-01
9.929929929929930665e+01	9.303376822212591213e-01	9.999999999987486676e-01
9.949949949949950678e+01	9.305478912617410892e-01	9.999999999988742339e-01
9.969969969969970691e+01	9.307576679751453641e-01	9.999999999989873656e-01
9.989989989989990704e+01	9.309670124972380112e-01	9.999999999990893951e-01
1.001001001001001072e+02	9.311759249666129445e-01	9.999999999991813215e-01
1.003003003003003073e+02	9.313844055246848219e-01	9.999999999992641442e-01
1.005005005005005074e+02	9.315924543156811621e-01	9.999999999993386401e-01
1.007007007007007076e+02	9.318000714866350176e-01	9.999999999994058086e-01
1.009009009009009077e+02	9.320072571873783129e-01	9.999999999994662048e-01
1.011011011011011078e+02	9.322140115705332963e-01	9.999999999995206057e-01
1.013013013013013079e+02	9.324203347915059892e-01	9.999999999995695665e-01
1.015015015015015081e+02	9.326262270084781925e-01	9.999999999996136424e-01
1.017017017017017082e+02	9.328316883824004924e-01	9.999999999996531663e-01
1.019019019019019083e+02	9.330367190769839336e-01	9.999999999996889155e-01
1.021021021021021085e+02	9.332413192586935802e-01	9.999999999997208899e-01
1.023023023023023086e+02	9.334454890967397445e-01	9.999999999997496447e-01
1.025025025025025087e+02	9.336492287630712150e-01	9.999999999997755129e-01
1.027027027027027088e+02	9.338525384323674849e-01	9.999999999997987166e-01
1.029029029029029090e+02	9.340554182820307583e-01	9.999999999998195888e-01
1.031031031031031091e+02	9.342578684921788446e-01	9.999999999998383515e-01
1.033033033033033092e+02	9.344598892456369432e-01	9.999999999998552269e-01
1.035035035035035094e+02	9.346614807279303161e-01	9.999999999998703260e-01
1.037037037037037095e+02	9.348626431272764048e-01	9.999999999998838707e-01
1.039039039039039096e+02	9.350633766345767262e-01	9.999999999998959721e-01
1.041041041041041098e+02	9.352636814434098778e-01	9.999999999999069633e-01
1.043043043043043099e+02	9.354635577500232113e-01	9.999999999999167333e-01
1.045045045045045100e+02	9.356630057533248390e-01	9.999999999999253930e-01
1.047047047047047101e+02	9.358620256548761951e-01	9.999999999999333866e-01
1.049049049049049103e+02	9.360606176588843752e-01	9.999999999999403810e-01
1.051051051051051104e+02	9.362587819721932547e-01	9.999999999999467093e-01
1.053053053053053105e+02	9.364565188042766053e-01	9.999999999999523714e-01
1.055055055055055107e+02	9.366538283672299903e-01	9.999999999999573674e-01
1.057057057057057108e+02	9.368507108757621049e-01	9.999999999999619194e-01
1.059059059059059109e+02	9.370471665471877820e-01	9.999999999999660272e-01
1.061061061061061110e+02	9.372431956014193322e-01	9.999999999999695799e-01
1.063063063063063112e+02	9.374387982609588832e-01	9.999999999999729106e-01
1.065065065065065113e+02	9.376339747508899425e-01	9.999999999999757971e-01
1.067067067067067114e+02	9.378287252988699585e-01	9.999999999999784617e-01
1.069069069069069116e+02	9.380230501351216610e-01	9.999999999999806821e-01
1.071071071071071117e+02	9.382169494924255115e-01	9.999999999999827915e-01
1.073073073073073118e+02	9.384104236061110438e-01	9.999999999999846789e-01
1.075075075075075119e+02	9.386034727140492029e-01	9.999999999999863443e-01
1.077077077077077121e+02	9.387960970566440189e-01	9.999999999999877875e-01
1.079079079079079122e+02	9.389882968768241689e-01	9.999999999999891198e-01
1.081081081081081123e+02	9.391800724200354278e-01	9.999999999999903411e-01
1.083083083083083125e+02	9.393714239342320083e-01	9.999999999999913403e-01
1.085085085085085126e+02	9.395623516698683453e-01	9.999999999999923395e-01
1.087087087087087127e+02	9.397528558798911025e-01	9.999999999999931166e-01
1.089089089089089128e+02	9.399429368197307344e-01	9.999999999999938938e-01
1.091091091091091130e+02	9.401325947472931599e-01	9.999999999999945599e-01
1.093093093093093131e+02	9.403218299229516575e-01	9.999999999999951150e-01
1.095095095095095132e+02	9.405106426095386496e-01	9.999999999999956701e-01
1.097097097097097134e+02	9.406990330723370430e-01	9.999999999999962252e-01
1.099099099099099135e+02	9.408870015790720132e-01	9.999999999999965583e-01
1.101101101101101136e+02	9.410745483999028993e-01	9.999999999999970024e-01
1.103103103103103138e+02	9.412616738074146561e-01	9.999999999999973355e-01
1.105105105105105139e+02	9.414483780766093046e-01	9.999999999999975575e-01
1.107107107107107140e+02	9.416346614848976060e-01	9.999999999999978906e-01
1.109109109109109141e+02	9.418205243120910675e-01	9.999999999999981126e-01
1.111111111111111143e+02	9.420059668403928388e-01	9.999999999999983347e-01
1.113113113113113144e+02	9.421909893543896075e-01	9.999999999999984457e-01
1.115115115115115145e+02	9.423755921410434944e-01	9.999999999999986677e-01
1.117117117117117147e+02	9.425597754896828384e-01	9.999999999999988898e-01
1.119119119119119148e+02	9.427435396919939814e-01	9.999999999999990008e-01
1.121121121121121149e+02	9.429268850420131631e-01	9.999999999999991118e-01
1.123123123123123150e+02	9.431098118361176397e-01	9.999999999999991118e-01
1.125125125125125152e+02	9.432923203730168016e-01	9.999999999999993339e-01
1.127127127127127153e+02	9.434744109537445134e-01	9.999999999999993339e-01
1.129129129129129154e+02	9.436560838816497876e-01	9.999999999999994449e-01
1.131131131131131156e+02	9.438373394623883472e-01	9.999999999999995559e-01
1.133133133133133157e+02	9.440181780039145210e-01	9.999999999999995559e-01
1.135135135135135158e+02	9.441985998164719174e-01	9.999999999999995559e-01
1.137137137137137159e+02	9.443786052125853203e-01	9.999999999999996669e-01
1.139139139139139161e+02	9.445581945070519181e-01	9.999999999999996669e-01
1.141141141141141162e+02	9.447373680169325327e-01	9.999999999999997780e-01
1.143143143143143163e+02	9.449161260615431823e-01	9.999999999999997780e-01
1.145145145145145165e+02	9.450944689624461992e-01	9.999999999999997780e-01
1.147147147147147166e+02	9.452723970434417922e-01	9.999999999999997780e-01
1.149149149149149167e+02	9.454499106305589429e-01	9.999999999999997780e-01
1.151151151151151169e+02	9.456270100520473010e-01	9.999999999999998890e-01
1.153153153153153170e+02	9.458036956383679694e-01	9.999999999999998890e-01
1.155155155155155171e+02	9.459799677221849556e-01	9.999999999999998890e-01
1.157157157157157172e+02	9.461558266383565119e-01	9.999999999999998890e-01
1.159159159159159174e+02	9.463312727239259203e-01	9.999999999999998890e-01
1.161161161161161175e+02	9.465063063181137215e-01	9.999999999999998890e-01
1.163163163163163176e+02	9.466809277623078334e-01	9.999999999999998890e-01
1.165165165165165178e+02	9.468551374000555576e-01	1.000000000000000000e+00
1.167167167167167179e+02	9.470289355770543649e-01	1.000000000000000000e+00
1.169169169169169180e+02	9.472023226411431240e-01	1.000000000000000000e+00
1.171171171171171181e+02	9.473752989422935533e-01	1.000000000000000000e+00
1.173173173173173183e+02	9.475478648326011166e-01	1.000000000000000000e+00
1.175175175175175184e+02	9.477200206662765858e-01	1.000000000000000000e+00
1.177177177177177185e+02	9.478917667996363816e-01	1.000000000000000000e+00
1.179179179179179187e+02	9.480631035910946913e-01	1.000000000000000000e+00
1.181181181181181188e+02	9.482340314011543647e-01	1.000000000000000000e+00
1.183183183183183189e+02	9.484045505923970332e-01	1.000000000000000000e+00
1.185185185185185190e+02	9.485746615294760042e-01	1.000000000000000000e+00
1.187187187187187192e+02	9.487443645791058255e-01	1.000000000000000000e+00
1.189189189189189193e+02	9.489136601100540691e-01	1.000000000000000000e+00
1.191191191191191194e+02	9.490825484931327827e-01	1.000000000000000000e+00
1.193193193193193196e+02	9.492510301011884977e-01	1.000000000000000000e+00
1.195195195195195197e+02	9.494191053090944576e-01	1.000000000000000000e+00
1.197197197197197340e+02	9.495867744937410704e-01	1.000000000000000000e+00
1.199199199199199342e+02	9.497540380340270261e-01	1.000000000000000000e+00
1.201201201201201343e+02	9.499208963108503045e-01	1.000000000000000000e+00
1.203203203203203344e+02	9.500873497070996265e-01	1.000000000000000000e+00
1.205205205205205345e+02	9.502533986076451278e-01	1.000000000000000000e+00
1.207207207207207347e+02	9.504190433993295883e-01	1.000000000000000000e+00
1.209209209209209348e+02	9.505842844709591066e-01	1.000000000000000000e+00
1.211211211211211349e+02	9.507491222132944397e-01	1.000000000000000000e+00
1.213213213213213351e+02	9.509135570190423437e-01	1.000000000000000000e+00
1.215215215215215352e+02	9.510775892828458034e-01	1.000000000000000000e+00
1.217217217217217353e+02	9.512412194012755950e-01	1.000000000000000000e+00
1.219219219219219354e+02	9.514044477728211824e-01	1.000000000000000000e+00
1.221221221221221356e+02	9.515672747978817236e-01	1.000000000000000000e+00
1.223223223223223357e+02	9.517297008787567458e-01	1.000000000000000000e+00
1.225225225225225358e+02	9.518917264196375960e-01	1.000000000000000000e+00
1.227227227227227360e+02	9.520533518265982265e-01	1.000000000000000000e+00
1.229229229229229361e+02	9.522145775075862018e-01	1.000000000000000000e+00
1.231231231231231362e+02	9.523754038724134841e-01	1.000000000000000000e+00
1.233233233233233364e+02	9.525358313327476623e-01	1.000000000000000000e+00
1.235235235235235365e+02	9.526958603021027372e-01	1.000000000000000000e+00
1.237237237237237366e+02	9.528554911958303508e-01	1.000000000000000000e+00
1.239239239239239367e+02	9.530147244311101273e-01	1.000000000000000000e+00
1.241241241241241369e+02	9.531735604269413464e-01	1.000000000000000000e+00
1.243243243243243370e+02	9.533319996041335065e-01	1.000000000000000000e+00
1.245245245245245371e+02	9.534900423852973317e-01	1.000000000000000000e+00
1.247247247247247373e+02	9.536476891948356682e-01	1.000000000000000000e+00
1.249249249249249374e+02	9.538049404589343805e-01	1.000000000000000000e+00
1.251251251251251375e+02	9.539617966055536913e-01	1.000000000000000000e+00
1.253253253253253376e+02	9.541182580644183009e-01	1.000000000000000000e+00
1.255255255255255378e+02	9.542743252670093934e-01	1.000000000000000000e+00
1.257257257257257379e+02	9.544299986465545338e-01	1.000000000000000000e+00
1.259259259259259380e+02	9.545852786380191191e-01	1.000000000000000000e+00
1.261261261261261382e+02	9.547401656780972745e-01	1.000000000000000000e+00
1.263263263263263383e+02	9.548946602052027499e-01	1.000000000000000000e+00
1.265265265265265384e+02	9.550487626594597046e-01	1.000000000000000000e+00
1.267267267267267385e+02	9.552024734826939367e-01	1.000000000000000000e+00
1.269269269269269387e+02	9.553557931184231133e-01	1.000000000000000000e+00
1.271271271271271388e+02	9.555087220118487767e-01	1.000000000000000000e+00
1.273273273273273389e+02	9.556612606098462415e-01	1.000000000000000000e+00
1.275275275275275391e+02	9.558134093609558235e-01	1.000000000000000000e+00
1.277277277277277392e+02	9.559651687153740696e-01	1.000000000000000000e+00
1.279279279279279393e+02	9.561165391249443202e-01	1.000000000000000000e+00
1.281281281281281395e+02	9.562675210431478279e-01	1.000000000000000000e+00
1.283283283283283254e+02	9.564181149250943204e-01	1.000000000000000000e+00
1.285285285285285397e+02	9.565683212275134517e-01	1.000000000000000000e+00
1.287287287287287256e+02	9.567181404087452545e-01	1.000000000000000000e+00
1.289289289289289400e+02	9.568675729287310361e-01	1.000000000000000000e+00
1.291291291291291259e+02	9.570166192490050516e-01	1.000000000000000000e+00
1.293293293293293402e+02	9.571652798326839573e-01	1.000000000000000000e+00
1.295295295295295261e+02	9.573135551444593716e-01	1.000000000000000000e+00
1.297297297297297405e+02	9.574614456505876614e-01	1.000000000000000000e+00
1.299299299299299264e+02	9.576089518188810601e-01	1.000000000000000000e+00
1.301301301301301407e+02	9.577560741186992299e-01	1.000000000000000000e+00
1.303303303303303267e+02	9.579028130209390479e-01	1.000000000000000000e+00
1.305305305305305410e+02	9.580491689980266123e-01	1.000000000000000000e+00
1.307307307307307269e+02	9.581951425239074727e-01	1.000000000000000000e+00
1.309309309309309413e+02	9.583407340740378588e-01	1.000000000000000000e+00
1.311311311311311272e+02	9.584859441253754664e-01	1.000000000000000000e+00
1.313313313313313415e+02	9.586307731563705747e-01	1.000000000000000000e+00
1.315315315315315274e+02	9.587752216469566102e-01	1.000000000000000000e+00
1.317317317317317418e+02	9.589192900785414864e-01	1.000000000000000000e+00
1.319319319319319277e+02	9.590629789339983891e-01	1.000000000000000000e+00
1.321321321321321420e+02	9.592062886976564506e-01	1.000000000000000000e+00
1.323323323323323280e+02	9.593492198552923123e-01	1.000000000000000000e+00
1.325325325325325423e+02	9.594917728941201318e-01	1.000000000000000000e+00
1.327327327327327282e+02	9.596339483027835904e-01	1.000000000000000000e+00
1.329329329329329425e+02	9.597757465713459002e-01	1.000000000000000000e+00
1.331331331331331285e+02	9.599171681912814780e-01	1.000000000000000000e+00
1.333333333333333428e+02	9.600582136554663970e-01	1.000000000000000000e+00
1.335335335335335287e+02	9.601988834581697274e-01	1.000000000000000000e+00
1.337337337337337431e+02	9.603391780950442103e-01	1.000000000000000000e+00
1.339339339339339290e+02	9.604790980631172648e-01	1.000000000000000000e+00
1.341341341341341433e+02	9.606186438607822176e-01	1.000000000000000000e+00
1.343343343343343292e+02	9.607578159877889767e-01	1.000000000000000000e+00
1.345345345345345436e+02	9.608966149452350392e-01	1.000000000000000000e+00
1.347347347347347295e+02	9.610350412355568306e-01	1.000000000000000000e+00
1.349349349349349438e+02	9.611730953625201579e-01	1.000000000000000000e+00
1.351351351351351298e+02	9.613107778312116602e-01	1.000000000000000000e+00
1.353353353353353441e+02	9.614480891480294833e-01	1.000000000000000000e+00
1.355355355355355300e+02	9.615850298206746194e-01	1.000000000000000000e+00
1.357357357357357444e+02	9.617216003581416928e-01	1.000000000000000000e+00
1.359359359359359303e+02	9.618578012707097447e-01	1.000000000000000000e+00
1.361361361361361446e+02	9.619936330699339067e-01	1.000000000000000000e+00
1.363363363363363305e+02	9.621290962686357418e-01	1.000000000000000000e+00
1.365365365365365449e+02	9.622641913808948066e-01	1.000000000000000000e+00
1.367367367367367592e+02	9.623989189220395479e-01	1.000000000000000000e+00
1.369369369369369451e+02	9.625332794086379762e-01	1.000000000000000000e+00
1.371371371371371595e+02	9.626672733584893393e-01	1.000000000000000000e+00
1.373373373373373454e+02	9.628009012906145747e-01	1.000000000000000000e+00
1.375375375375375597e+02	9.629341637252478714e-01	1.000000000000000000e+00
1.377377377377377456e+02	9.630670611838276773e-01	1.000000000000000000e+00
1.379379379379379600e+02	9.631995941889871515e-01	1.000000000000000000e+00
1.381381381381381459e+02	9.633317632645463924e-01	1.000000000000000000e+00
1.383383383383383602e+02	9.634635689355024457e-01	1.000000000000000000e+00
1.385385385385385462e+02	9.635950117280210891e-01	1.000000000000000000e+00
1.387387387387387605e+02	9.637260921694275062e-01	1.000000000000000000e+00
1.389389389389389464e+02	9.638568107881978486e-01	1.000000000000000000e+00
1.391391391391391608e+02	9.639871681139500215e-01	1.000000000000000000e+00
1.393393393393393467e+02	9.641171646774348014e-01	1.000000000000000000e+00
1.395395395395395610e+02	9.642468010105273990e-01	1.000000000000000000e+00
1.397397397397397469e+02	9.643760776462182438e-01	1.000000000000000000e+00
1.399399399399399613e+02	9.645049951186038806e-01	1.000000000000000000e+00
1.401401401401401472e+02	9.646335539628789757e-01	1.000000000000000000e+00
1.403403403403403615e+02	9.647617547153266582e-01	1.000000000000000000e+00
1.405405405405405475e+02	9.648895979133100820e-01	1.000000000000000000e+00
1.407407407407407618e+02	9.650170840952638773e-01	1.000000000000000000e+00
1.409409409409409477e+02	9.651442138006848248e-01	1.000000000000000000e+00
1.411411411411411621e+02	9.652709875701233067e-01	1.000000000000000000e+00
1.413413413413413480e+02	9.653974059451746470e-01	1.000000000000000000e+00
1.415415415415415623e+02	9.655234694684701191e-01	1.000000000000000000e+00
1.417417417417417482e+02	9.656491786836682856e-01	1.000000000000000000e+00
1.419419419419419626e+02	9.657745341354466717e-01	1.000000000000000000e+00
1.421421421421421485e+02	9.658995363694919956e-01	1.000000000000000000e+00
1.423423423423423628e+02	9.660241859324926184e-01	1.000000000000000000e+00
1.425425425425425487e+02	9.661484833721289966e-01	1.000000000000000000e+00
1.427427427427427631e+02	9.662724292370652446e-01	1.000000000000000000e+00
1.429429429429429490e+02	9.663960240769408072e-01	1.000000000000000000e+00
1.431431431431431633e+02	9.665192684423609126e-01	1.000000000000000000e+00
1.433433433433433493e+02	9.666421628848889114e-01	1.000000000000000000e+00
1.435435435435435636e+02	9.667647079570367286e-01	1.000000000000000000e+00
1.437437437437437495e+02	9.668869042122568702e-01	1.000000000000000000e+00
1.439439439439439639e+02	9.670087522049333195e-01	1.000000000000000000e+00
1.441441441441441498e+02	9.671302524903730991e-01	1.000000000000000000e+00
1.443443443443443641e+02	9.672514056247978331e-01	1.000000000000000000e+00
1.445445445445445500e+02	9.673722121653348660e-01	1.000000000000000000e+00
1.447447447447447644e+02	9.674926726700086022e-01	1.000000000000000000e+00
1.449449449449449503e+02	9.676127876977322906e-01	1.000000000000000000e+00
1.451451451451451646e+02	9.677325578082991431e-01	1.000000000000000000e+00
1.453453453453453506e+02	9.678519835623737855e-01	1.000000000000000000e+00
1.455455455455455649e+02	9.679710655214841530e-01	1.000000000000000000e+00
1.457457457457457508e+02	9.680898042480119425e-01	1.000000000000000000e+00
1.459459459459459651e+02	9.682082003051853958e-01	1.000000000000000000e+00
1.461461461461461511e+02	9.683262542570697518e-01	1.000000000000000000e+00
1.463463463463463654e+02	9.684439666685592529e-01	1.000000000000000000e+00
1.465465465465465513e+02	9.685613381053684856e-01	1.000000000000000000e+00
1.467467467467467657e+02	9.686783691340239422e-01	1.000000000000000000e+00
1.469469469469469516e+02	9.687950603218556944e-01	1.000000000000000000e+00
1.471471471471471659e+02	9.689114122369886228e-01	1.000000000000000000e+00
1.473473473473473518e+02	9.690274254483343119e-01	1.000000000000000000e+00
1.475475475475475662e+02	9.691431005255826125e-01	1.000000000000000000e+00
1.477477477477477521e+02	9.692584380391927601e-01	1.000000000000000000e+00
1.479479479479479664e+02	9.693734385603857140e-01	1.000000000000000000e+00
1.481481481481481524e+02	9.694881026611351649e-01	1.000000000000000000e+00
1.483483483483483667e+02	9.696024309141595410e-01	1.000000000000000000e+00
1.485485485485485526e+02	9.697164238929134594e-01	1.000000000000000000e+00
1.487487487487487670e+02	9.698300821715795106e-01	1.000000000000000000e+00
1.489489489489489529e+02	9.699434063250595983e-01	1.000000000000000000e+00
1.491491491491491672e+02	9.700563969289672794e-01	1.000000000000000000e+00
1.493493493493493531e+02	9.701690545596188819e-01	1.000000000000000000e+00
1.495495495495495675e+02	9.702813797940254004e-01	1.000000000000000000e+00
1.497497497497497534e+02	9.703933732098843912e-01	1.000000000000000000e+00
1.499499499499499677e+02	9.705050353855713130e-01	1.000000000000000000e+00
1.501501501501501536e+02	9.706163669001317551e-01	1.000000000000000000e+00
1.503503503503503680e+02	9.707273683332731107e-01	1.000000000000000000e+00
1.505505505505505539e+02	9.708380402653560282e-01	1.000000000000000000e+00
1.507507507507507682e+02	9.709483832773864176e-01	1.000000000000000000e+00
1.509509509509509542e+02	9.710583979510076791e-01	1.000000000000000000e+00
1.511511511511511685e+02	9.711680848684917100e-01	1.000000000000000000e+00
1.513513513513513544e+02	9.712774446127315775e-01	1.000000000000000000e+00
1.515515515515515688e+02	9.713864777672327477e-01	1.000000000000000000e+00
1.517517517517517547e+02	9.714951849161053143e-01	1.000000000000000000e+00
1.519519519519519690e+02	9.716035666440560048e-01	1.000000000000000000e+00
1.521521521521521549e+02	9.717116235363796317e-01	1.000000000000000000e+00
1.523523523523523693e+02	9.718193561789513213e-01	1.000000000000000000e+00
1.525525525525525552e+02	9.719267651582186307e-01	1.000000000000000000e+00
1.527527527527527695e+02	9.720338510611932215e-01	1.000000000000000000e+00
1.529529529529529555e+02	9.721406144754427547e-01	1.000000000000000000e+00
1.531531531531531698e+02	9.722470559890833419e-01	1.000000000000000000e+00
1.533533533533533557e+02	9.723531761907708848e-01	1.000000000000000000e+00
1.535535535535535701e+02	9.724589756696939702e-01	1.000000000000000000e+00
1.537537537537537560e+02	9.725644550155648771e-01	1.000000000000000000e+00
1.539539539539539703e+02	9.726696148186125823e-01	1.000000000000000000e+00
1.541541541541541562e+02	9.727744556695741007e-01	1.000000000000000000e+00
1.543543543543543706e+02	9.728789781596873798e-01	1.000000000000000000e+00
1.545545545545545565e+02	9.729831828806825289e-01	1.000000000000000000e+00
1.547547547547547708e+02	9.730870704247742697e-01	1.000000000000000000e+00
1.549549549549549567e+02	9.731906413846543868e-01	1.000000000000000000e+00
1.551551551551551711e+02	9.732938963534837340e-01	1.000000000000000000e+00
1.553553553553553570e+02	9.733968359248841296e-01	1.000000000000000000e+00
1.555555555555555713e+02	9.734994606929306959e-01	1.000000000000000000e+00
1.557557557557557573e+02	9.736017712521443102e-01	1.000000000000000000e+00
1.559559559559559716e+02	9.737037681974836101e-01	1.000000000000000000e+00
1.561561561561561575e+02	9.738054521243372230e-01	1.000000000000000000e+00
1.563563563563563719e+02	9.739068236285161051e-01	1.000000000000000000e+00
1.565565565565565578e+02	9.740078833062456587e-01	1.000000000000000000e+00
1.567567567567567721e+02	9.741086317541584050e-01	1.000000000000000000e+00
1.569569569569569580e+02	9.742090695692857683e-01	1.000000000000000000e+00
1.571571571571571724e+02	9.743091973490511926e-01	1.000000000000000000e+00
1.573573573573573583e+02	9.744090156912614820e-01	1.000000000000000000e+00
1.575575575575575726e+02	9.745085251940999171e-01	1.000000000000000000e+00
1.577577577577577586e+02	9.746077264561183728e-01	1.000000000000000000e+00
1.579579579579579729e+02	9.747066200762298793e-01	1.000000000000000000e+00
1.581581581581581588e+02	9.748052066537009619e-01	1.000000000000000000e+00
1.583583583583583732e+02	9.749034867881438693e-01	1.000000000000000000e+00
1.585585585585585591e+02	9.750014610795092462e-01	1.000000000000000000e+00
1.587587587587587734e+02	9.750991301280789170e-01	1.000000000000000000e+00
1.589589589589589593e+02	9.751964945344577806e-01	1.000000000000000000e+00
1.591591591591591737e+02	9.752935548995665949e-01	1.000000000000000000e+00
1.593593593593593596e+02	9.753903118246345372e-01	1.000000000000000000e+00
1.595595595595595739e+02	9.754867659111919886e-01	1.000000000000000000e+00
1.597597597597597598e+02	9.755829177610626513e-01	1.000000000000000000e+00
1.599599599599599742e+02	9.756787679763564425e-01	1.000000000000000000e+00
1.601601601601601601e+02	9.757743171594619458e-01	1.000000000000000000e+00
1.603603603603603744e+02	9.758695659130391942e-01	1.000000000000000000e+00
1.605605605605605604e+02	9.759645148400123427e-01	1.000000000000000000e+00
1.607607607607607747e+02	9.760591645435620078e-01	1.000000000000000000e+00
1.609609609609609606e+02	9.761535156271184954e-01	1.000000000000000000e+00
1.611611611611611750e+02	9.762475686943540287e-01	1.000000000000000000e+00
1.613613613613613609e+02	9.763413243491756432e-01	1.000000000000000000e+00
1.615615615615615752e+02	9.764347831957180812e-01	1.000000000000000000e+00
1.617617617617617611e+02	9.765279458383363531e-01	1.000000000000000000e+00
1.619619619619619755e+02	9.766208128815985212e-01	1.000000000000000000e+00
1.621621621621621614e+02	9.767133849302787052e-01	1.000000000000000000e+00
1.623623623623623757e+02	9.768056625893497547e-01	1.000000000000000000e+00
1.625625625625625617e+02	9.768976464639762547e-01	1.000000000000000000e+00
1.627627627627627760e+02	9.769893371595070874e-01	1.000000000000000000e+00
1.629629629629629619e+02	9.770807352814685487e-01	1.000000000000000000e+00
1.631631631631631763e+02	9.771718414355572424e-01	1.000000000000000000e+00
1.633633633633633622e+02	9.772626562276330864e-01	1.000000000000000000e+00
1.635635635635635765e+02	9.773531802637118737e-01	1.000000000000000000e+00
1.637637637637637624e+02	9.774434141499588335e-01	1.000000000000000000e+00
1.639639639639639768e+02	9.775333584926810815e-01	1.000000000000000000e+00
1.641641641641641627e+02	9.776230138983209583e-01	1.000000000000000000e+00
1.643643643643643770e+02	9.777123809734489246e-01	1.000000000000000000e+00
1.645645645645645629e+02	9.778014603247566772e-01	1.000000000000000000e+00
1.647647647647647773e+02	9.778902525590501549e-01	1.000000000000000000e+00
1.649649649649649632e+02	9.779787582832425441e-01	1.000000000000000000e+00
1.651651651651651775e+02	9.780669781043476174e-01	1.000000000000000000e+00
1.653653653653653635e+02	9.781549126294728502e-01	1.000000000000000000e+00
1.655655655655655778e+02	9.782425624658122043e-01	1.000000000000000000e+00
1.657657657657657637e+02	9.783299282206399106e-01	1.000000000000000000e+00
1.659659659659659781e+02	9.784170105013030305e-01	1.000000000000000000e+00
1.661661661661661640e+02	9.785038099152151281e-01	1.000000000000000000e+00
1.663663663663663783e+02	9.785903270698492751e-01	1.000000000000000000e+00
1.665665665665665642e+02	9.786765625727315010e-01	1.000000000000000000e+00
1.667667667667667786e+02	9.787625170314337986e-01	1.000000000000000000e+00
1.669669669669669645e+02	9.788481910535677954e-01	1.000000000000000000e+00
1.671671671671671788e+02	9.789335852467775378e-01	1.000000000000000000e+00
1.673673673673673647e+02	9.790187002187333842e-01	1.000000000000000000e+00
1.675675675675675791e+02	9.791035365771251220e-01	1.000000000000000000e+00
1.677677677677677650e+02	9.791880949296555281e-01	1.000000000000000000e+00
1.679679679679679793e+02	9.792723758840331527e-01	1.000000000000000000e+00
1.681681681681681653e+02	9.793563800479668791e-01	1.000000000000000000e+00
1.683683683683683796e+02	9.794401080291580408e-01	1.000000000000000000e+00
1.685685685685685655e+02	9.795235604352950931e-01	1.000000000000000000e+00
1.687687687687687799e+02	9.796067378740463960e-01	1.000000000000000000e+00
1.689689689689689658e+02	9.796896409530537753e-01	1.000000000000000000e+00
1.691691691691691801e+02	9.797722702799264161e-01	1.000000000000000000e+00
1.693693693693693660e+02	9.798546264622340907e-01	1.000000000000000000e+00
1.695695695695695804e+02	9.799367101075009412e-01	1.000000000000000000e+00
1.697697697697697663e+02	9.800185218231989293e-01	1.000000000000000000e+00
1.699699699699699806e+02	9.801000622167416187e-01	1.000000000000000000e+00
1.701701701701701666e+02	9.801813318954775145e-01	1.000000000000000000e+00
1.703703703703703809e+02	9.802623314666842891e-01	1.000000000000000000e+00
1.705705705705705668e+02	9.803430615375618995e-01	1.000000000000000000e+00
1.707707707707707812e+02	9.804235227152265919e-01	1.000000000000000000e+00
1.709709709709709955e+02	9.805037156067045734e-01	1.000000000000000000e+00
1.711711711711711814e+02	9.805836408189257947e-01	1.000000000000000000e+00
1.713713713713713958e+02	9.806632989587176219e-01	1.000000000000000000e+00
1.715715715715715817e+02	9.807426906327990634e-01	1.000000000000000000e+00
1.717717717717717960e+02	9.808218164477737755e-01	1.000000000000000000e+00
1.719719719719719819e+02	9.809006770101248440e-01	1.000000000000000000e+00
1.721721721721721963e+02	9.809792729262077904e-01	1.000000000000000000e+00
1.723723723723723822e+02	9.810576048022451312e-01	1.000000000000000000e+00
1.725725725725725965e+02	9.811356732443201611e-01	1.000000000000000000e+00
1.727727727727727824e+02	9.812134788583702916e-01	1.000000000000000000e+00
1.729729729729729968e+02	9.812910222501819435e-01	1.000000000000000000e+00
1.731731731731731827e+02	9.813683040253839973e-01	1.000000000000000000e+00
1.733733733733733970e+02	9.814453247894414645e-01	1.000000000000000000e+00
1.735735735735735830e+02	9.815220851476504915e-01	1.000000000000000000e+00
1.737737737737737973e+02	9.815985857051314767e-01	1.000000000000000000e+00
1.739739739739739832e+02	9.816748270668235188e-01	1.000000000000000000e+00
1.741741741741741976e+02	9.817508098374786440e-01	1.000000000000000000e+00
1.743743743743743835e+02	9.818265346216554779e-01	1.000000000000000000e+00
1.745745745745745978e+02	9.819020020237141377e-01	1.000000000000000000e+00
1.747747747747747837e+02	9.819772126478093499e-01	1.000000000000000000e+00
1.749749749749749981e+02	9.820521670978856754e-01	1.000000000000000000e+00
1.751751751751751840e+02	9.821268659776711818e-01	1.000000000000000000e+00
1.753753753753753983e+02	9.822013098906714479e-01	1.000000000000000000e+00
1.755755755755755843e+02	9.822754994401645678e-01	1.000000000000000000e+00
1.757757757757757986e+02	9.823494352291947118e-01	1.000000000000000000e+00
1.759759759759759845e+02	9.824231178605665749e-01	1.000000000000000000e+00
1.761761761761761989e+02	9.824965479368401589e-01	1.000000000000000000e+00
1.763763763763763848e+02	9.825697260603244443e-01	1.000000000000000000e+00
1.765765765765765991e+02	9.826426528330722832e-01	1.000000000000000000e+00
1.767767767767767850e+02	9.827153288568747369e-01	1.000000000000000000e+00
1.769769769769769994e+02	9.827877547332548591e-01	1.000000000000000000e+00
1.771771771771771853e+02	9.828599310634631436e-01	1.000000000000000000e+00
1.773773773773773996e+02	9.829318584484711963e-01	1.000000000000000000e+00
1.775775775775775855e+02	9.830035374889666278e-01	1.000000000000000000e+00
1.777777777777777999e+02	9.830749687853471697e-01	1.000000000000000000e+00
1.779779779779779858e+02	9.831461529377156783e-01	1.000000000000000000e+00
1.781781781781782001e+02	9.832170905458744725e-01	1.000000000000000000e+00
1.783783783783783861e+02	9.832877822093197828e-01	1.000000000000000000e+00
1.785785785785786004e+02	9.833582285272366441e-01	1.000000000000000000e+00
1.787787787787787863e+02	9.834284300984930116e-01	1.000000000000000000e+00
1.789789789789790007e+02	9.834983875216352089e-01	1.000000000000000000e+00
1.791791791791791866e+02	9.835681013948815998e-01	1.000000000000000000e+00
1.793793793793794009e+02	9.836375723161181472e-01	1.000000000000000000e+00
1.795795795795795868e+02	9.837068008828927512e-01	1.000000000000000000e+00
1.797797797797798012e+02	9.837757876924100309e-01	1.000000000000000000e+00
1.799799799799799871e+02	9.838445333415259952e-01	1.000000000000000000e+00
1.801801801801802014e+02	9.839130384267429363e-01	1.000000000000000000e+00
1.803803803803803874e+02	9.839813035442042111e-01	1.000000000000000000e+00
1.805805805805806017e+02	9.840493292896891342e-01	1.000000000000000000e+00
1.807807807807807876e+02	9.841171162586077603e-01	1.000000000000000000e+00
1.809809809809810019e+02	9.841846650459955548e-01	1.000000000000000000e+00
1.811811811811811879e+02	9.842519762465089528e-01	1.000000000000000000e+00
1.813813813813814022e+02	9.843190504544194752e-01	1.000000000000000000e+00
1.815815815815815881e+02	9.843858882636092877e-01	1.000000000000000000e+00
1.817817817817818025e+02	9.844524902675657607e-01	1.000000000000000000e+00
1.819819819819819884e+02	9.845188570593765842e-01	1.000000000000000000e+00
1.821821821821822027e+02	9.845849892317252161e-01	1.000000000000000000e+00
1.823823823823823886e+02	9.846508873768852199e-01	1.000000000000000000e+00
1.825825825825826030e+02	9.847165520867157129e-01	1.000000000000000000e+00
1.827827827827827889e+02	9.847819839526563701e-01	1.000000000000000000e+00
1.829829829829830032e+02	9.848471835657228723e-01	1.000000000000000000e+00
1.831831831831831892e+02	9.849121515165013552e-01	1.000000000000000000e+00
1.833833833833834035e+02	9.849768883951440790e-01	1.000000000000000000e+00
1.835835835835835894e+02	9.850413947913646551e-01	1.000000000000000000e+00
1.837837837837838038e+02	9.851056712944328275e-01	1.000000000000000000e+00
1.839839839839839897e+02	9.851697184931700324e-01	1.000000000000000000e+00
1.841841841841842040e+02	9.852335369759447348e-01	1.000000000000000000e+00
1.843843843843843899e+02	9.852971273306674327e-01	1.000000000000000000e+00
1.845845845845846043e+02	9.853604901447861053e-01	1.000000000000000000e+00
1.847847847847847902e+02	9.854236260052812169e-01	1.000000000000000000e+00
1.849849849849850045e+02	9.854865354986619419e-01	1.000000000000000000e+00
1.851851851851851904e+02	9.855492192109603922e-01	1.000000000000000000e+00
1.853853853853854048e+02	9.856116777277277308e-01	1.000000000000000000e+00
1.855855855855855907e+02	9.856739116340296203e-01	1.000000000000000000e+00
1.857857857857858050e+02	9.857359215144413378e-01	1.000000000000000000e+00
1.859859859859859910e+02	9.857977079530431119e-01	1.000000000000000000e+00
1.861861861861862053e+02	9.858592715334162371e-01	1.000000000000000000e+00
1.863863863863863912e+02	9.859206128386380774e-01	1.000000000000000000e+00
1.865865865865866056e+02	9.859817324512776260e-01	1.000000000000000000e+00
1.867867867867867915e+02	9.860426309533911748e-01	1.000000000000000000e+00
1.869869869869870058e+02	9.861033089265182072e-01	1.000000000000000000e+00
1.871871871871871917e+02	9.861637669516762905e-01	1.000000000000000000e+00
1.873873873873874061e+02	9.862240056093571905e-01	1.000000000000000000e+00
1.875875875875875920e+02	9.862840254795226524e-01	1.000000000000000000e+00
1.877877877877878063e+02	9.863438271415997383e-01	1.000000000000000000e+00
1.879879879879879923e+02	9.864034111744763855e-01	1.000000000000000000e+00
1.881881881881882066e+02	9.864627781564978548e-01	1.000000000000000000e+00
1.883883883883883925e+02	9.865219286654616226e-01	1.000000000000000000e+00
1.885885885885886069e+02	9.865808632786137178e-01	1.000000000000000000e+00
1.887887887887887928e+02	9.866395825726442803e-01	1.000000000000000000e+00
1.889889889889890071e+02	9.866980871236834538e-01	1.000000000000000000e+00
1.891891891891891930e+02	9.867563775072971666e-01	1.000000000000000000e+00
1.893893893893894074e+02	9.868144542984829126e-01	1.000000000000000000e+00
1.895895895895895933e+02	9.868723180716659771e-01	1.000000000000000000e+00
1.897897897897898076e+02	9.869299694006949952e-01	1.000000000000000000e+00
1.899899899899899935e+02	9.869874088588379557e-01	1.000000000000000000e+00
1.901901901901902079e+02	9.870446370187783147e-01	1.000000000000000000e+00
1.903903903903903938e+02	9.871016544526106662e-01	1.000000000000000000e+00
1.905905905905906081e+02	9.871584617318371890e-01	1.000000000000000000e+00
1.907907907907907941e+02	9.872150594273632063e-01	1.000000000000000000e+00
1.909909909909910084e+02	9.872714481094937433e-01	1.000000000000000000e+00
1.911911911911911943e+02	9.873276283479287541e-01	1.000000000000000000e+00
1.913913913913914087e+02	9.873836007117604563e-01	1.000000000000000000e+00
1.915915915915915946e+02	9.874393657694682247e-01	1.000000000000000000e+00
1.917917917917918089e+02	9.874949240889154822e-01	1.000000000000000000e+00
1.919919919919919948e+02	9.875502762373455923e-01	1.000000000000000000e+00
1.921921921921922092e+02	9.876054227813781949e-01	1.000000000000000000e+00
1.923923923923923951e+02	9.876603642870052102e-01	1.000000000000000000e+00
1.925925925925926094e+02	9.877151013195872853e-01	1.000000000000000000e+00
1.927927927927927954e+02	9.877696344438496867e-01	1.000000000000000000e+00
1.929929929929930097e+02	9.878239642238793028e-01	1.000000000000000000e+00
1.931931931931931956e+02	9.878780912231200917e-01	1.000000000000000000e+00
1.933933933933934100e+02	9.879320160043699728e-01	1.000000000000000000e+00
1.935935935935935959e+02	9.879857391297768299e-01	1.000000000000000000e+00
1.937937937937938102e+02	9.880392611608354025e-01	1.000000000000000000e+00
1.939939939939939961e+02	9.880925826583829563e-01	1.000000000000000000e+00
1.941941941941942105e+02	9.881457041825962850e-01	1.000000000000000000e+00
1.943943943943943964e+02	9.881986262929878251e-01	1.000000000000000000e+00
1.945945945945946107e+02	9.882513495484022137e-01	1.000000000000000000e+00
1.947947947947947966e+02	9.883038745070131803e-01	1.000000000000000000e+00
1.949949949949950110e+02	9.883562017263192168e-01	1.000000000000000000e+00
1.951951951951951969e+02	9.884083317631405796e-01	1.000000000000000000e+00
1.953953953953954112e+02	9.884602651736160706e-01	1.000000000000000000e+00
1.955955955955955972e+02	9.885120025131993726e-01	1.000000000000000000e+00
1.957957957957958115e+02	9.885635443366553865e-01	1.000000000000000000e+00
1.959959959959959974e+02	9.886148911980572329e-01	1.000000000000000000e+00
1.961961961961962118e+02	9.886660436507830330e-01	1.000000000000000000e+00
1.963963963963963977e+02	9.887170022475120224e-01	1.000000000000000000e+00
1.965965965965966120e+02	9.887677675402214428e-01	1.000000000000000000e+00
1.967967967967967979e+02	9.888183400801837664e-01	1.000000000000000000e+00
1.969969969969970123e+02	9.888687204179626988e-01	1.000000000000000000e+00
1.971971971971971982e+02	9.889189091034102930e-01	1.000000000000000000e+00
1.973973973973974125e+02	9.889689066856639510e-01	1.000000000000000000e+00
1.975975975975975985e+02	9.890187137131425388e-01	1.000000000000000000e+00
1.977977977977978128e+02	9.890683307335441654e-01	1.000000000000000000e+00
1.979979979979979987e+02	9.891177582938419643e-01	1.000000000000000000e+00
1.981981981981982130e+02	9.891669969402818730e-01	1.000000000000000000e+00
1.983983983983983990e+02	9.892160472183791908e-01	1.000000000000000000e+00
1.985985985985986133e+02	9.892649096729152491e-01	1.000000000000000000e+00
1.987987987987987992e+02	9.893135848479347461e-01	1.000000000000000000e+00
1.989989989989990136e+02	9.893620732867423051e-01	1.000000000000000000e+00
1.991991991991991995e+02	9.894103755319001436e-01	1.000000000000000000e+00
1.993993993993994138e+02	9.894584921252239651e-01	1.000000000000000000e+00
1.995995995995995997e+02	9.895064236077812936e-01	1.000000000000000000e+00
1.997997997997998141e+02	9.895541705198872551e-01	1.000000000000000000e+00
2.000000000000000000e+02	9.896017334011029121e-01	1.000000000000000000e+00
