0.000000000000000000e+00	5.082372156500861715e-01	5.389915644270263373e-01
2.002002002002002123e-01	5.082865326818948315e-01	5.393622511769650130e-01
4.004004004004004247e-01	5.083361021985175476e-01	5.397356022373234197e-01
6.006006006006006093e-01	5.083859252062937761e-01	5.401116271073285180e-01
8.008008008008008494e-01	5.084360027137884153e-01	5.404903352165059127e-01
1.001001001001001089e+00	5.084863357317859212e-01	5.408717359234519462e-01
1.201201201201201219e+00	5.085369252732847567e-01	5.412558385146062356e-01
1.401401401401401570e+00	5.085877723534901751e-01	5.416426522030214352e-01
1.601601601601601699e+00	5.086388779898083357e-01	5.420321861271331088e-01
1.801801801801801828e+00	5.086902432018401976e-01	5.424244493495276043e-01
2.002002002002002179e+00	5.087418690113746367e-01	5.428194508557092623e-01
2.202202202202202308e+00	5.087937564423823389e-01	5.432171995528675135e-01
2.402402402402402437e+00	5.088459065210083621e-01	5.436177042686427541e-01
2.602602602602602566e+00	5.088983202755665847e-01	5.440209737498924447e-01
2.802802802802803139e+00	5.089509987365319343e-01	5.444270166614559869e-01
3.003003003003003268e+00	5.090039429365338375e-01	5.448358415849211545e-01
3.203203203203203397e+00	5.090571539103493359e-01	5.452474570173887480e-01
3.403403403403403527e+00	5.091106326948958705e-01	5.456618713702388046e-01
3.603603603603603656e+00	5.091643803292242865e-01	5.460790929678969174e-01
3.803803803803804229e+00	5.092183978545115064e-01	5.464991300466005564e-01
4.004004004004004358e+00	5.092726863140533133e-01	5.469219907531672753e-01
4.204204204204204487e+00	5.093272467532566905e-01	5.473476831437621426e-01
4.404404404404404616e+00	5.093820802196327158e-01	5.477762151826681691e-01
4.604604604604604745e+00	5.094371877627889011e-01	5.482075947410561811e-01
4.804804804804804874e+00	5.094925704344213102e-01	5.486418295957574687e-01
5.005005005005005003e+00	5.095482292883068975e-01	5.490789274280372112e-01
5.205205205205205132e+00	5.096041653802958482e-01	5.495188958223693465e-01
5.405405405405406150e+00	5.096603797683034731e-01	5.499617422652148813e-01
5.605605605605606279e+00	5.097168735123025485e-01	5.504074741438000906e-01
5.805805805805806408e+00	5.097736476743148781e-01	5.508560987448984925e-01
6.006006006006006537e+00	5.098307033184028558e-01	5.513076232536151533e-01
6.206206206206206666e+00	5.098880415106620267e-01	5.517620547521726593e-01
6.406406406406406795e+00	5.099456633192120947e-01	5.522194002187006401e-01
6.606606606606606924e+00	5.100035698141884843e-01	5.526796665260279573e-01
6.806806806806807053e+00	5.100617620677343478e-01	5.531428604404777793e-01
7.007007007007007182e+00	5.101202411539913495e-01	5.536089886206668753e-01
7.207207207207207311e+00	5.101790081490913398e-01	5.540780576163065740e-01
7.407407407407407440e+00	5.102380641311471399e-01	5.545500738670092744e-01
7.607607607607608458e+00	5.102974101802443263e-01	5.550250437010975091e-01
7.807807807807808587e+00	5.103570473784315720e-01	5.555029733344172271e-01
8.008008008008008716e+00	5.104169768097122084e-01	5.559838688691561837e-01
8.208208208208208845e+00	5.104771995600343448e-01	5.564677362926648829e-01
8.408408408408408974e+00	5.105377167172823194e-01	5.569545814762832947e-01
8.608608608608609103e+00	5.105985293712671513e-01	5.574444101741724555e-01
8.808808808808809232e+00	5.106596386137169929e-01	5.579372280221501779e-01
9.009009009009009361e+00	5.107210455382674708e-01	5.584330405365316441e-01
9.209209209209209490e+00	5.107827512404525816e-01	5.589318531129765510e-01
9.409409409409409619e+00	5.108447568176948117e-01	5.594336710253402511e-01
9.609609609609609748e+00	5.109070633692949226e-01	5.599384994245313329e-01
9.809809809809809877e+00	5.109696719964225142e-01	5.604463433373741976e-01
1.001001001001001001e+01	5.110325838021063660e-01	5.609572076654787409e-01
1.021021021021021014e+01	5.110957998912233347e-01	5.614710971841152531e-01
1.041041041041041026e+01	5.111593213704895833e-01	5.619880165410955364e-01
1.061061061061061039e+01	5.112231493484491462e-01	5.625079702556616823e-01
1.081081081081081230e+01	5.112872849354641591e-01	5.630309627173799569e-01
1.101101101101101243e+01	5.113517292437044226e-01	5.635569981850426791e-01
1.121121121121121256e+01	5.114164833871368554e-01	5.640860807855768710e-01
1.141141141141141269e+01	5.114815484815148361e-01	5.646182145129597929e-01
1.161161161161161282e+01	5.115469256443676560e-01	5.651534032271423591e-01
1.181181181181181294e+01	5.116126159949894170e-01	5.656916506529798827e-01
1.201201201201201307e+01	5.116786206544283733e-01	5.662329603791704802e-01
1.221221221221221320e+01	5.117449407454759402e-01	5.667773358572020248e-01
1.241241241241241333e+01	5.118115773926559253e-01	5.673247804003059835e-01
1.261261261261261346e+01	5.118785317222126485e-01	5.678752971824213569e-01
1.281281281281281359e+01	5.119458048621001733e-01	5.684288892371653912e-01
1.301301301301301372e+01	5.120133979419712045e-01	5.689855594568138386e-01
1.321321321321321385e+01	5.120813120931650975e-01	5.695453105912902103e-01
1.341341341341341398e+01	5.121495484486964234e-01	5.701081452471635780e-01
1.361361361361361411e+01	5.122181081432438665e-01	5.706740658866558125e-01
1.381381381381381424e+01	5.122869923131379011e-01	5.712430748266582592e-01
1.401401401401401436e+01	5.123562020963492447e-01	5.718151742377576285e-01
1.421421421421421449e+01	5.124257386324768682e-01	5.723903661432723222e-01
1.441441441441441462e+01	5.124956030627361159e-01	5.729686524182980856e-01
1.461461461461461475e+01	5.125657965299466046e-01	5.735500347887638739e-01
1.481481481481481488e+01	5.126363201785200108e-01	5.741345148304981549e-01
1.501501501501501679e+01	5.127071751544474143e-01	5.747220939683057583e-01
1.521521521521521692e+01	5.127783626052878629e-01	5.753127734750547173e-01
1.541541541541541704e+01	5.128498836801547167e-01	5.759065544707748785e-01
1.561561561561561717e+01	5.129217395297038795e-01	5.765034379217662819e-01
1.581581581581581730e+01	5.129939313061211426e-01	5.771034246397204193e-01
1.601601601601601743e+01	5.130664601631089727e-01	5.777065152808504855e-01
1.621621621621621756e+01	5.131393272558741891e-01	5.783127103450356188e-01
1.641641641641641769e+01	5.132125337411143073e-01	5.789220101749744662e-01
1.661661661661661782e+01	5.132860807770053269e-01	5.795344149553527391e-01
1.681681681681681795e+01	5.133599695231881865e-01	5.801499247120207592e-01
1.701701701701701808e+01	5.134342011407553308e-01	5.807685393111845507e-01
1.721721721721721821e+01	5.135087767922380531e-01	5.813902584586088107e-01
1.741741741741741833e+01	5.135836976415921740e-01	5.820150816988324260e-01
1.761761761761761846e+01	5.136589648541852737e-01	5.826430084143964239e-01
1.781781781781781859e+01	5.137345795967829254e-01	5.832740378250849123e-01
1.801801801801801872e+01	5.138105430375345950e-01	5.839081689871791214e-01
1.821821821821821885e+01	5.138868563459604299e-01	5.845454007927244344e-01
1.841841841841841898e+01	5.139635206929369371e-01	5.851857319688105186e-01
1.861861861861861911e+01	5.140405372506831050e-01	5.858291610768657787e-01
1.881881881881881924e+01	5.141179071927466371e-01	5.864756865119635787e-01
1.901901901901901937e+01	5.141956316939890748e-01	5.871253065021447837e-01
1.921921921921921950e+01	5.142737119305722526e-01	5.877780191077520699e-01
1.941941941941941963e+01	5.143521490799435325e-01	5.884338222207792235e-01
1.961961961961961975e+01	5.144309443208214816e-01	5.890927135642346490e-01
1.981981981981981988e+01	5.145100988331812175e-01	5.897546906915192011e-01
2.002002002002002001e+01	5.145896137982397534e-01	5.904197509858183368e-01
2.022022022022022014e+01	5.146694903984413427e-01	5.910878916595091459e-01
2.042042042042042027e+01	5.147497298174427138e-01	5.917591097535822575e-01
2.062062062062062040e+01	5.148303332400978594e-01	5.924334021370784020e-01
2.082082082082082053e+01	5.149113018524431595e-01	5.931107655065402939e-01
2.102102102102102066e+01	5.149926368416823941e-01	5.937911963854797248e-01
2.122122122122122079e+01	5.150743393961709771e-01	5.944746911238603104e-01
2.142142142142142447e+01	5.151564107054014130e-01	5.951612458975947817e-01
2.162162162162162460e+01	5.152388519599874206e-01	5.958508567080592622e-01
2.182182182182182473e+01	5.153216643516482787e-01	5.965435193816222004e-01
2.202202202202202486e+01	5.154048490731937271e-01	5.972392295691901776e-01
2.222222222222222499e+01	5.154884073185076465e-01	5.979379827457687036e-01
2.242242242242242511e+01	5.155723402825327373e-01	5.986397742100398878e-01
2.262262262262262524e+01	5.156566491612544212e-01	5.993445990839565418e-01
2.282282282282282537e+01	5.157413351516850764e-01	6.000524523123520471e-01
2.302302302302302550e+01	5.158263994518472728e-01	6.007633286625672087e-01
2.322322322322322563e+01	5.159118432607587845e-01	6.014772227240936520e-01
2.342342342342342576e+01	5.159976677784149368e-01	6.021941289082344273e-01
2.362362362362362589e+01	5.160838742057733963e-01	6.029140414477799359e-01
2.382382382382382602e+01	5.161704637447369626e-01	6.036369543967035067e-01
2.402402402402402615e+01	5.162574375981374697e-01	6.043628616298712952e-01
2.422422422422422628e+01	5.163447969697188000e-01	6.050917568427716109e-01
2.442442442442442641e+01	5.164325430641201198e-01	6.058236335512600101e-01
2.462462462462462653e+01	5.165206770868595587e-01	6.065584850913228188e-01
2.482482482482482666e+01	5.166092002443165576e-01	6.072963046188577518e-01
2.502502502502502679e+01	5.166981137437152150e-01	6.080370851094719642e-01
2.522522522522522692e+01	5.167874187931074115e-01	6.087808193582986416e-01
2.542542542542542705e+01	5.168771166013548246e-01	6.095274999798305782e-01
2.562562562562562718e+01	5.169672083781123861e-01	6.102771194077717398e-01
2.582582582582582731e+01	5.170576953338104076e-01	6.110296698949078120e-01
2.602602602602602744e+01	5.171485786796373718e-01	6.117851435129929571e-01
2.622622622622622757e+01	5.172398596275219473e-01	6.125435321526573329e-01
2.642642642642642770e+01	5.173315393901156689e-01	6.133048275233301538e-01
2.662662662662662783e+01	5.174236191807750629e-01	6.140690211531830700e-01
2.682682682682682795e+01	5.175161002135433286e-01	6.148361043890913091e-01
2.702702702702702808e+01	5.176089837031333518e-01	6.156060683966131375e-01
2.722722722722722821e+01	5.177022708649083871e-01	6.163789041599877505e-01
2.742742742742742834e+01	5.177959629148650711e-01	6.171546024821528142e-01
2.762762762762762847e+01	5.178900610696141049e-01	6.179331539847792154e-01
2.782782782782782860e+01	5.179845665463627125e-01	6.187145491083261284e-01
2.802802802802802873e+01	5.180794805628958777e-01	6.194987781121136239e-01
2.822822822822822886e+01	5.181748043375578039e-01	6.202858310744149284e-01
2.842842842842842899e+01	5.182705390892330399e-01	6.210756978925675575e-01
2.862862862862862912e+01	5.183666860373283836e-01	6.218683682831027681e-01
2.882882882882882924e+01	5.184632464017535636e-01	6.226638317818955493e-01
2.902902902902902937e+01	5.185602214029023660e-01	6.234620777443318218e-01
2.922922922922922950e+01	5.186576122616338713e-01	6.242630953454965104e-01
2.942942942942942963e+01	5.187554201992530256e-01	6.250668735803797116e-01
2.962962962962962976e+01	5.188536464374919888e-01	6.258734012641024025e-01
2.982982982982982989e+01	5.189522921984899284e-01	6.266826670321617998e-01
3.003003003003003357e+01	5.190513587047749233e-01	6.274946593406953710e-01
3.023023023023023370e+01	5.191508471792433133e-01	6.283093664667646072e-01
3.043043043043043383e+01	5.192507588451407141e-01	6.291267765086582253e-01
3.063063063063063396e+01	5.193510949260425891e-01	6.299468773862143545e-01
3.083083083083083409e+01	5.194518566458339315e-01	6.307696568411628180e-01
3.103103103103103422e+01	5.195530452286897249e-01	6.315951024374860667e-01
3.123123123123123435e+01	5.196546618990551814e-01	6.324232015617998748e-01
3.143143143143143448e+01	5.197567078816255348e-01	6.332539414237540187e-01
3.163163163163163460e+01	5.198591844013260577e-01	6.340873090564516090e-01
3.183183183183183473e+01	5.199620926832915213e-01	6.349232913168886272e-01
3.203203203203203486e+01	5.200654339528465453e-01	6.357618748864121150e-01
3.223223223223223499e+01	5.201692094354846141e-01	6.366030462711990134e-01
3.243243243243243512e+01	5.202734203568482041e-01	6.374467918027533209e-01
3.263263263263263525e+01	5.203780679427075784e-01	6.382930976384235677e-01
3.283283283283283538e+01	5.204831534189406916e-01	6.391419497619396095e-01
3.303303303303303551e+01	5.205886780115120960e-01	6.399933339839684043e-01
3.323323323323323564e+01	5.206946429464522907e-01	6.408472359426901077e-01
3.343343343343343577e+01	5.208010494498371834e-01	6.417036411043927080e-01
3.363363363363363590e+01	5.209078987477664402e-01	6.425625347640867568e-01
3.383383383383383602e+01	5.210151920663423919e-01	6.434239020461394176e-01
3.403403403403403615e+01	5.211229306316500498e-01	6.442877279049274986e-01
3.423423423423423628e+01	5.212311156697340131e-01	6.451539971255102479e-01
3.443443443443443641e+01	5.213397484065784848e-01	6.460226943243214670e-01
3.463463463463463654e+01	5.214488300680858446e-01	6.468938039498803860e-01
3.483483483483483667e+01	5.215583618800541110e-01	6.477673102835228569e-01
3.503503503503503680e+01	5.216683450681562917e-01	6.486431974401501988e-01
3.523523523523523693e+01	5.217787808579181785e-01	6.495214493689991375e-01
3.543543543543543706e+01	5.218896704746969206e-01	6.504020498544289541e-01
3.563563563563563719e+01	5.220010151436590418e-01	6.512849825167293938e-01
3.583583583583583732e+01	5.221128160897583470e-01	6.521702308129458947e-01
3.603603603603603744e+01	5.222250745377139403e-01	6.530577780377255781e-01
3.623623623623623757e+01	5.223377917119883529e-01	6.539476073241810017e-01
3.643643643643643770e+01	5.224509688367648952e-01	6.548397016447726759e-01
3.663663663663663783e+01	5.225646071359260070e-01	6.557340438122111204e-01
3.683683683683683796e+01	5.226787078330301650e-01	6.566306164803770162e-01
3.703703703703703809e+01	5.227932721512900116e-01	6.575294021452602333e-01
3.723723723723723822e+01	5.229083013135493729e-01	6.584303831459177303e-01
3.743743743743743835e+01	5.230237965422610547e-01	6.593335416654489967e-01
3.763763763763763848e+01	5.231397590594637492e-01	6.602388597319913677e-01
3.783783783783783861e+01	5.232561900867598315e-01	6.611463192197319927e-01
3.803803803803803874e+01	5.233730908452915997e-01	6.620559018499395654e-01
3.823823823823823886e+01	5.234904625557191826e-01	6.629675891920129294e-01
3.843843843843843899e+01	5.236083064381968910e-01	6.638813626645492239e-01
3.863863863863863912e+01	5.237266237123507917e-01	6.647972035364282384e-01
3.883883883883883925e+01	5.238454155972545045e-01	6.657150929279158635e-01
3.903903903903903938e+01	5.239646833114071089e-01	6.666350118117853052e-01
3.923923923923923951e+01	5.240844280727088300e-01	6.675569410144551741e-01
3.943943943943943964e+01	5.242046510984381680e-01	6.684808612171458941e-01
3.963963963963963977e+01	5.243253536052281394e-01	6.694067529570528752e-01
3.983983983983983990e+01	5.244465368090425184e-01	6.703345966285382262e-01
4.004004004004004003e+01	5.245682019251529660e-01	6.712643724843376791e-01
4.024024024024024015e+01	5.246903501681143833e-01	6.721960606367869406e-01
4.044044044044044028e+01	5.248129827517411528e-01	6.731296410590632551e-01
4.064064064064064041e+01	5.249361008890838232e-01	6.740650935864443971e-01
4.084084084084084054e+01	5.250597057924049071e-01	6.750023979175849842e-01
4.104104104104104067e+01	5.251837986731544561e-01	6.759415336158082210e-01
4.124124124124124080e+01	5.253083807419464124e-01	6.768824801104152966e-01
4.144144144144144093e+01	5.254334532085339626e-01	6.778252166980099913e-01
4.164164164164164106e+01	5.255590172817856676e-01	6.787697225438407145e-01
4.184184184184184119e+01	5.256850741696607043e-01	6.797159766831570860e-01
4.204204204204204132e+01	5.258116250791848856e-01	6.806639580225840591e-01
4.224224224224224145e+01	5.259386712164257904e-01	6.816136453415103658e-01
4.244244244244244157e+01	5.260662137864682286e-01	6.825650172934936144e-01
4.264264264264264170e+01	5.261942539933897045e-01	6.835180524076801545e-01
4.284284284284284894e+01	5.263227930402356591e-01	6.844727290902407058e-01
4.304304304304304907e+01	5.264518321289944902e-01	6.854290256258207537e-01
4.324324324324324920e+01	5.265813724605730162e-01	6.863869201790063768e-01
4.344344344344344933e+01	5.267114152347712741e-01	6.873463907958042851e-01
4.364364364364364945e+01	5.268419616502575398e-01	6.883074154051370686e-01
4.384384384384384958e+01	5.269730129045431255e-01	6.892699718203528780e-01
4.404404404404404971e+01	5.271045701939575112e-01	6.902340377407489846e-01
4.424424424424424984e+01	5.272366347136231424e-01	6.911995907531099936e-01
4.444444444444444997e+01	5.273692076574295617e-01	6.921666083332594921e-01
4.464464464464465010e+01	5.275022902180086515e-01	6.931350678476263516e-01
4.484484484484485023e+01	5.276358835867089869e-01	6.941049465548236874e-01
4.504504504504505036e+01	5.277699889535703015e-01	6.950762216072415844e-01
4.524524524524525049e+01	5.279046075072978406e-01	6.960488700526537009e-01
4.544544544544545062e+01	5.280397404352368262e-01	6.970228688358356406e-01
4.564564564564565075e+01	5.281753889233467003e-01	6.979981948001976466e-01
4.584584584584585087e+01	5.283115541561755890e-01	6.989748246894286199e-01
4.604604604604605100e+01	5.284482373168339908e-01	6.999527351491540150e-01
4.624624624624625113e+01	5.285854395869693523e-01	7.009319027286042836e-01
4.644644644644645126e+01	5.287231621467398668e-01	7.019123038822974170e-01
4.664664664664665139e+01	5.288614061747880513e-01	7.028939149717315926e-01
4.684684684684685152e+01	5.290001728482157661e-01	7.038767122670908094e-01
4.704704704704705165e+01	5.291394633425566818e-01	7.048606719489611816e-01
4.724724724724725178e+01	5.292792788317511876e-01	7.058457701100586679e-01
4.744744744744745191e+01	5.294196204881193024e-01	7.068319827569686797e-01
4.764764764764765204e+01	5.295604894823348063e-01	7.078192858118949049e-01
4.784784784784785217e+01	5.297018869833987065e-01	7.088076551144205650e-01
4.804804804804805229e+01	5.298438141586127026e-01	7.097970664232789995e-01
4.824824824824825242e+01	5.299862721735526527e-01	7.107874954181343519e-01
4.844844844844845255e+01	5.301292621920420389e-01	7.117789177013736923e-01
4.864864864864865268e+01	5.302727853761254329e-01	7.127713087999065777e-01
4.884884884884885281e+01	5.304168428860414064e-01	7.137646441669764918e-01
4.904904904904905294e+01	5.305614358801963304e-01	7.147588991839802786e-01
4.924924924924925307e+01	5.307065655151370631e-01	7.157540491622967904e-01
4.944944944944945320e+01	5.308522329455240829e-01	7.167500693451249738e-01
4.964964964964965333e+01	5.309984393241051759e-01	7.177469349093300588e-01
4.984984984984985346e+01	5.311451858016875693e-01	7.187446209672986308e-01
5.005005005005005358e+01	5.312924735271115084e-01	7.197431025688014739e-01
5.025025025025025371e+01	5.314403036472228337e-01	7.207423547028642963e-01
5.045045045045045384e+01	5.315886773068461135e-01	7.217423522996473384e-01
5.065065065065065397e+01	5.317375956487568889e-01	7.227430702323305312e-01
5.085085085085085410e+01	5.318870598136553607e-01	7.237444833190079807e-01
5.105105105105105423e+01	5.320370709401379683e-01	7.247465663245874490e-01
5.125125125125125436e+01	5.321876301646708551e-01	7.257492939626984940e-01
5.145145145145145449e+01	5.323387386215618911e-01	7.267526408976059393e-01
5.165165165165165462e+01	5.324903974429338049e-01	7.277565817461300046e-01
5.185185185185185475e+01	5.326426077586960961e-01	7.287610910795724317e-01
5.205205205205205488e+01	5.327953706965177227e-01	7.297661434256487167e-01
5.225225225225225500e+01	5.329486873817994574e-01	7.307717132704254492e-01
5.245245245245245513e+01	5.331025589376463536e-01	7.317777750602633136e-01
5.265265265265265526e+01	5.332569864848396568e-01	7.327843032037650861e-01
5.285285285285285539e+01	5.334119711418094933e-01	7.337912720737282957e-01
5.305305305305305552e+01	5.335675140246070036e-01	7.347986560091026575e-01
5.325325325325325565e+01	5.337236162468759204e-01	7.358064293169520598e-01
5.345345345345345578e+01	5.338802789198253684e-01	7.368145662744198798e-01
5.365365365365365591e+01	5.340375031522018867e-01	7.378230411306989645e-01
5.385385385385385604e+01	5.341952900502608959e-01	7.388318281090047179e-01
5.405405405405405617e+01	5.343536407177390535e-01	7.398409014085516322e-01
5.425425425425425630e+01	5.345125562558263876e-01	7.408502352065330365e-01
5.445445445445445642e+01	5.346720377631376531e-01	7.418598036601034007e-01
5.465465465465465655e+01	5.348320863356845756e-01	7.428695809083631918e-01
5.485485485485485668e+01	5.349927030668476524e-01	7.438795410743465064e-01
5.505505505505505681e+01	5.351538890473477306e-01	7.448896582670103683e-01
5.525525525525525694e+01	5.353156453652176960e-01	7.458999065832256914e-01
5.545545545545545707e+01	5.354779731057746073e-01	7.469102601097704630e-01
5.565565565565565720e+01	5.356408733515908294e-01	7.479206929253231495e-01
5.585585585585585733e+01	5.358043471824659454e-01	7.489311791024584331e-01
5.605605605605605746e+01	5.359683956753982237e-01	7.499416927096425045e-01
5.625625625625625759e+01	5.361330199045561962e-01	7.509522078132299105e-01
5.645645645645645772e+01	5.362982209412503476e-01	7.519626984794597346e-01
5.665665665665665784e+01	5.364639998539041388e-01	7.529731387764527772e-01
5.685685685685685797e+01	5.366303577080258069e-01	7.539835027762075148e-01
5.705705705705705810e+01	5.367972955661799439e-01	7.549937645565963917e-01
5.725725725725725823e+01	5.369648144879584084e-01	7.560038982033607802e-01
5.745745745745745836e+01	5.371329155299520153e-01	7.570138778121050516e-01
5.765765765765765849e+01	5.373015997457214477e-01	7.580236774902899821e-01
5.785785785785785862e+01	5.374708681857692794e-01	7.590332713592234937e-01
5.805805805805805875e+01	5.376407218975104430e-01	7.600426335560505064e-01
5.825825825825825888e+01	5.378111619252440301e-01	7.610517382357406824e-01
5.845845845845845901e+01	5.379821893101240926e-01	7.620605595730737258e-01
5.865865865865865914e+01	5.381538050901309989e-01	7.630690717646215759e-01
5.885885885885885926e+01	5.383260103000427899e-01	7.640772490307290443e-01
5.905905905905905939e+01	5.384988059714058695e-01	7.650850656174904563e-01
5.925925925925925952e+01	5.386721931325063606e-01	7.660924957987230721e-01
5.945945945945945965e+01	5.388461728083411284e-01	7.670995138779375111e-01
5.965965965965965978e+01	5.390207460205891365e-01	7.681060941903034012e-01
5.985985985985986702e+01	5.391959137875814712e-01	7.691122111046126975e-01
6.006006006006006714e+01	5.393716771242739183e-01	7.701178390252360062e-01
6.026026026026026727e+01	5.395480370422165439e-01	7.711229523940773545e-01
6.046046046046046740e+01	5.397249945495251611e-01	7.721275256925219654e-01
6.066066066066066753e+01	5.399025506508526862e-01	7.731315334433801478e-01
6.086086086086086766e+01	5.400807063473594960e-01	7.741349502128248572e-01
6.106106106106106779e+01	5.402594626366844510e-01	7.751377506123250383e-01
6.126126126126126792e+01	5.404388205129161404e-01	7.761399093005724170e-01
6.146146146146146805e+01	5.406187809665632393e-01	7.771414009854017424e-01
6.166166166166166818e+01	5.407993449845255318e-01	7.781422004257061431e-01
6.186186186186186831e+01	5.409805135500652673e-01	7.791422824333444908e-01
6.206206206206206843e+01	5.411622876427771844e-01	7.801416218750432119e-01
6.226226226226226856e+01	5.413446682385599784e-01	7.811401936742904395e-01
6.246246246246246869e+01	5.415276563095865470e-01	7.821379728132227260e-01
6.266266266266266882e+01	5.417112528242754577e-01	7.831349343345053171e-01
6.286286286286286895e+01	5.418954587472609719e-01	7.841310533432035434e-01
6.306306306306306908e+01	5.420802750393645120e-01	7.851263050086468853e-01
6.326326326326326921e+01	5.422657026575649075e-01	7.861206645662849324e-01
6.346346346346346934e+01	5.424517425549694183e-01	7.871141073195346838e-01
6.366366366366366947e+01	5.426383956807845355e-01	7.881066086416191885e-01
6.386386386386386960e+01	5.428256629802863387e-01	7.890981439773977479e-01
6.406406406406406973e+01	5.430135453947917412e-01	7.900886888451863488e-01
6.426426426426426985e+01	5.432020438616289582e-01	7.910782188385696578e-01
6.446446446446446998e+01	5.433911593141080854e-01	7.920667096282023589e-01
6.466466466466467011e+01	5.435808926814922337e-01	7.930541369636022742e-01
6.486486486486487024e+01	5.437712448889676642e-01	7.940404766749316057e-01
6.506506506506507037e+01	5.439622168576152550e-01	7.950257046747697398e-01
6.526526526526527050e+01	5.441538095043804146e-01	7.960097969598747270e-01
6.546546546546547063e+01	5.443460237420445491e-01	7.969927296129339922e-01
6.566566566566567076e+01	5.445388604791949749e-01	7.979744788043052761e-01
6.586586586586587089e+01	5.447323206201966084e-01	7.989550207937446968e-01
6.606606606606607102e+01	5.449264050651618785e-01	7.999343319321257084e-01
6.626626626626627115e+01	5.451211147099217502e-01	8.009123886631449585e-01
6.646646646646647127e+01	5.453164504459963036e-01	8.018891675250171547e-01
6.666666666666667140e+01	5.455124131605659787e-01	8.028646451521580518e-01
6.686686686686687153e+01	5.457090037364414892e-01	8.038387982768551154e-01
6.706706706706707166e+01	5.459062230520352887e-01	8.048116037309266391e-01
6.726726726726727179e+01	5.461040719813321509e-01	8.057830384473669838e-01
6.746746746746747192e+01	5.463025513938595257e-01	8.067530794619809376e-01
6.766766766766767205e+01	5.465016621546587849e-01	8.077217039150034195e-01
6.786786786786787218e+01	5.467014051242558015e-01	8.086888890527079710e-01
6.806806806806807231e+01	5.469017811586318611e-01	8.096546122290002589e-01
6.826826826826827244e+01	5.471027911091943530e-01	8.106188509069998105e-01
6.846846846846847257e+01	5.473044358227474593e-01	8.115815826606065375e-01
6.866866866866867269e+01	5.475067161414631789e-01	8.125427851760550491e-01
6.886886886886887282e+01	5.477096329028524613e-01	8.135024362534537534e-01
6.906906906906907295e+01	5.479131869397353416e-01	8.144605138083106377e-01
6.926926926926927308e+01	5.481173790802122969e-01	8.154169958730442813e-01
6.946946946946947321e+01	5.483222101476352695e-01	8.163718605984806587e-01
6.966966966966967334e+01	5.485276809605781345e-01	8.173250862553353979e-01
6.986986986986987347e+01	5.487337923328078348e-01	8.182766512356804967e-01
7.007007007007007360e+01	5.489405450732557368e-01	8.192265340543976038e-01
7.027027027027027373e+01	5.491479399859877653e-01	8.201747133506140930e-01
7.047047047047047386e+01	5.493559778701762042e-01	8.211211678891260357e-01
7.067067067067067399e+01	5.495646595200700535e-01	8.220658765618037433e-01
7.087087087087087411e+01	5.497739857249666073e-01	8.230088183889832099e-01
7.107107107107107424e+01	5.499839572691823664e-01	8.239499725208412340e-01
7.127127127127127437e+01	5.501945749320237278e-01	8.248893182387544432e-01
7.147147147147147450e+01	5.504058394877586746e-01	8.258268349566425526e-01
7.167167167167167463e+01	5.506177517055876880e-01	8.267625022222955256e-01
7.187187187187187476e+01	5.508303123496145481e-01	8.276962997186843030e-01
7.207207207207207489e+01	5.510435221788185789e-01	8.286282072652548791e-01
7.227227227227227502e+01	5.512573819470243386e-01	8.295582048192060576e-01
7.247247247247247515e+01	5.514718924028743086e-01	8.304862724767509974e-01
7.267267267267267528e+01	5.516870542897993612e-01	8.314123904743603299e-01
7.287287287287287540e+01	5.519028683459904494e-01	8.323365391899901766e-01
7.307307307307307553e+01	5.521193353043697405e-01	8.332586991442919588e-01
7.327327327327327566e+01	5.523364558925620837e-01	8.341788510018052216e-01
7.347347347347347579e+01	5.525542308328663665e-01	8.350969755721333598e-01
7.367367367367367592e+01	5.527726608422275367e-01	8.360130538111014697e-01
7.387387387387387605e+01	5.529917466322069597e-01	8.369270668218973253e-01
7.407407407407407618e+01	5.532114889089552179e-01	8.378389958561940354e-01
7.427427427427427631e+01	5.534318883731825789e-01	8.387488223152550493e-01
7.447447447447447644e+01	5.536529457201316839e-01	8.396565277510222858e-01
7.467467467467467657e+01	5.538746616395482381e-01	8.405620938671843900e-01
7.487487487487487670e+01	5.540970368156532544e-01	8.414655025202286698e-01
7.507507507507507682e+01	5.543200719271148547e-01	8.423667357204744910e-01
7.527527527527527695e+01	5.545437676470196253e-01	8.432657756330875776e-01
7.547547547547547708e+01	5.547681246428448620e-01	8.441626045790768806e-01
7.567567567567567721e+01	5.549931435764302590e-01	8.450572050362729071e-01
7.587587587587587734e+01	5.552188251039498201e-01	8.459495596402875073e-01
7.607607607607607747e+01	5.554451698758839928e-01	8.468396511854547892e-01
7.627627627627627760e+01	5.556721785369914679e-01	8.477274626257536028e-01
7.647647647647647773e+01	5.558998517262814243e-01	8.486129770757117052e-01
7.667667667667667786e+01	5.561281900769854403e-01	8.494961778112903872e-01
7.687687687687687799e+01	5.563571942165299600e-01	8.503770482707508904e-01
7.707707707707707812e+01	5.565868647665085378e-01	8.512555720555018413e-01
7.727727727727727824e+01	5.568172023426534167e-01	8.521317329309274768e-01
7.747747747747747837e+01	5.570482075548088829e-01	8.530055148271964427e-01
7.767767767767767850e+01	5.572798810069030662e-01	8.538769018400531596e-01
7.787787787787787863e+01	5.575122232969202951e-01	8.547458782315878745e-01
7.807807807807807876e+01	5.577452350168738970e-01	8.556124284309892802e-01
7.827827827827827889e+01	5.579789167527785532e-01	8.564765370352768192e-01
7.847847847847847902e+01	5.582132690846232093e-01	8.573381888100146675e-01
7.867867867867867915e+01	5.584482925863433200e-01	8.581973686900056242e-01
7.887887887887887928e+01	5.586839878257940928e-01	8.590540617799661272e-01
7.907907907907907941e+01	5.589203553647225098e-01	8.599082533551815066e-01
7.927927927927927954e+01	5.591573957587413490e-01	8.607599288621425870e-01
7.947947947947947966e+01	5.593951095573008736e-01	8.616090739191621939e-01
7.967967967967967979e+01	5.596334973036628524e-01	8.624556743169726758e-01
7.987987987987987992e+01	5.598725595348728046e-01	8.632997160193033315e-01
8.008008008008008005e+01	5.601122967817335763e-01	8.641411851634390739e-01
8.028028028028028018e+01	5.603527095687788062e-01	8.649800680607598879e-01
8.048048048048048031e+01	5.605937984142453923e-01	8.658163511972591930e-01
8.068068068068068044e+01	5.608355638300472901e-01	8.666500212340447762e-01
8.088088088088088057e+01	5.610780063217492009e-01	8.674810650078186303e-01
8.108108108108108070e+01	5.613211263885392599e-01	8.683094695313382516e-01
8.128128128128128083e+01	5.615649245232035014e-01	8.691352219938578427e-01
8.148148148148148096e+01	5.618094012120987690e-01	8.699583097615506411e-01
8.168168168168168108e+01	5.620545569351266257e-01	8.707787203779110419e-01
8.188188188188188121e+01	5.623003921657071524e-01	8.715964415641377361e-01
8.208208208208208134e+01	5.625469073707530798e-01	8.724114612194971974e-01
8.228228228228228147e+01	5.627941030106430320e-01	8.732237674216680734e-01
8.248248248248248160e+01	5.630419795391962134e-01	8.740333484270654818e-01
8.268268268268268173e+01	5.632905374036458745e-01	8.748401926711466547e-01
8.288288288288288186e+01	5.635397770446142207e-01	8.756442887686964882e-01
8.308308308308308199e+01	5.637896988960858780e-01	8.764456255140946617e-01
8.328328328328328212e+01	5.640403033853825798e-01	8.772441918815621076e-01
8.348348348348348225e+01	5.642915909331376323e-01	8.780399770253897174e-01
8.368368368368368237e+01	5.645435619532703786e-01	8.788329702801469523e-01
8.388388388388388250e+01	5.647962168529607752e-01	8.796231611608710255e-01
8.408408408408408263e+01	5.650495560326236344e-01	8.804105393632374321e-01
8.428428428428428276e+01	5.653035798858840888e-01	8.811950947637114950e-01
8.448448448448448289e+01	5.655582887995518337e-01	8.819768174196804811e-01
8.468468468468468302e+01	5.658136831535964806e-01	8.827556975695662889e-01
8.488488488488488315e+01	5.660697633211222435e-01	8.835317256329202618e-01
8.508508508508508328e+01	5.663265296683432926e-01	8.843048922104984610e-01
8.528528528528528341e+01	5.665839825545586628e-01	8.850751880843179542e-01
8.548548548548549775e+01	5.668421223321278291e-01	8.858426042176945625e-01
8.568568568568569788e+01	5.671009493464459483e-01	8.866071317552618458e-01
8.588588588588589801e+01	5.673604639359193236e-01	8.873687620229714357e-01
8.608608608608609813e+01	5.676206664319410899e-01	8.881274865280750497e-01
8.628628628628629826e+01	5.678815571588667899e-01	8.888832969590872990e-01
8.648648648648649839e+01	5.681431364339900592e-01	8.896361851857308434e-01
8.668668668668669852e+01	5.684054045675188682e-01	8.903861432588627833e-01
8.688688688688689865e+01	5.686683618625506531e-01	8.911331634103828447e-01
8.708708708708709878e+01	5.689320086150496669e-01	8.918772380531232447e-01
8.728728728728729891e+01	5.691963451138217778e-01	8.926183597807209047e-01
8.748748748748749904e+01	5.694613716404918202e-01	8.933565213674707906e-01
8.768768768768769917e+01	5.697270884694791704e-01	8.940917157681627092e-01
8.788788788788789930e+01	5.699934958679748753e-01	8.948239361178984552e-01
8.808808808808809943e+01	5.702605940959176722e-01	8.955531757318929698e-01
8.828828828828829955e+01	5.705283834059711179e-01	8.962794281052564038e-01
8.848848848848849968e+01	5.707968640435002738e-01	8.970026869127600833e-01
8.868868868868869981e+01	5.710660362465482809e-01	8.977229460085832669e-01
8.888888888888889994e+01	5.713359002458138214e-01	8.984401994260444724e-01
8.908908908908910007e+01	5.716064562646278047e-01	8.991544413773142619e-01
8.928928928928930020e+01	5.718777045189311625e-01	8.998656662531109296e-01
8.948948948948950033e+01	5.721496452172516456e-01	9.005738686223800915e-01
8.968968968968970046e+01	5.724222785606815078e-01	9.012790432319565115e-01
8.988988988988990059e+01	5.726956047428551910e-01	9.019811850062097180e-01
9.009009009009010072e+01	5.729696239499267874e-01	9.026802890466723017e-01
9.029029029029030085e+01	5.732443363605478348e-01	9.033763506316518921e-01
9.049049049049050097e+01	5.735197421458455569e-01	9.040693652158278137e-01
9.069069069069070110e+01	5.737958414694006581e-01	9.047593284298293126e-01
9.089089089089090123e+01	5.740726344872251197e-01	9.054462360797994602e-01
9.109109109109110136e+01	5.743501213477413270e-01	9.061300841469419609e-01
9.129129129129130149e+01	5.746283021917597544e-01	9.068108687870526374e-01
9.149149149149150162e+01	5.749071771524575380e-01	9.074885863300345967e-01
9.169169169169170175e+01	5.751867463553574922e-01	9.081632332793982965e-01
9.189189189189190188e+01	5.754670099183065712e-01	9.088348063117455133e-01
9.209209209209210201e+01	5.757479679514547755e-01	9.095033022762382124e-01
9.229229229229230214e+01	5.760296205572343897e-01	9.101687181940523175e-01
9.249249249249250227e+01	5.763119678303383342e-01	9.108310512578160489e-01
9.269269269269270239e+01	5.765950098577008465e-01	9.114902988310334964e-01
9.289289289289290252e+01	5.768787467184754991e-01	9.121464584474932025e-01
9.309309309309310265e+01	5.771631784840152157e-01	9.127995278106622035e-01
9.329329329329330278e+01	5.774483052178520648e-01	9.134495047930656364e-01
9.349349349349350291e+01	5.777341269756768316e-01	9.140963874356513585e-01
9.369369369369370304e+01	5.780206438053192564e-01	9.147401739471414661e-01
9.389389389389390317e+01	5.783078557467274949e-01	9.153808627033681589e-01
9.409409409409410330e+01	5.785957628319485790e-01	9.160184522465972812e-01
9.429429429429430343e+01	5.788843650851089873e-01	9.166529412848369862e-01
9.449449449449450356e+01	5.791736625223945500e-01	9.172843286911330773e-01
9.469469469469470368e+01	5.794636551520314649e-01	9.179126135028510269e-01
9.489489489489490381e+01	5.797543429742668675e-01	9.185377949209443393e-01
9.509509509509510394e+01	5.800457259813492916e-01	9.191598723092103684e-01
9.529529529529530407e+01	5.803378041575105728e-01	9.197788451935324794e-01
9.549549549549550420e+01	5.806305774789459750e-01	9.203947132611094428e-01
9.569569569569570433e+01	5.809240459137960944e-01	9.210074763596729497e-01
9.589589589589590446e+01	5.812182094221277628e-01	9.216171344966912482e-01
9.609609609609610459e+01	5.815130679559161742e-01	9.222236878385620118e-01
9.629629629629630472e+01	5.818086214590261207e-01	9.228271367097913291e-01
9.649649649649650485e+01	5.821048698671941191e-01	9.234274815921624802e-01
9.669669669669670498e+01	5.824018131080099803e-01	9.240247231238913894e-01
9.689689689689690510e+01	5.826994511008993793e-01	9.246188620987709772e-01
9.709709709709710523e+01	5.829977837571059807e-01	9.252098994653044084e-01
9.729729729729730536e+01	5.832968109796736744e-01	9.257978363258260179e-01
9.749749749749750549e+01	5.835965326634291461e-01	9.263826739356122442e-01
9.769769769769770562e+01	5.838969486949648902e-01	9.269644137019804608e-01
9.789789789789790575e+01	5.841980589526218903e-01	9.275430571833778171e-01
9.809809809809810588e+01	5.844998633064725224e-01	9.281186060884593081e-01
9.829829829829830601e+01	5.848023616183037898e-01	9.286910622751544109e-01
9.849849849849850614e+01	5.851055537416007812e-01	9.292604277497251708e-01
9.869869869869870627e+01	5.854094395215297952e-01	9.298267046658125201e-01
9.889889889889890640e+01	5.857140187949221311e-01	9.303898953234737146e-01
9.909909909909910652e+01	5.860192913902584344e-01	9.309500021682091120e-01
9.929929929929930665e+01	5.863252571276511560e-01	9.315070277899807349e-01
9.949949949949950678e+01	5.866319158188304517e-01	9.320609749222197316e-01
9.969969969969970691e+01	5.869392672671269739e-01	9.326118464408258424e-01
9.989989989989990704e+01	5.872473112674569951e-01	9.331596453631573196e-01
1.001001001001001072e+02	5.875560476063067528e-01	9.337043748470121862e-01
1.003003003003003073e+02	5.878654760617172403e-01	9.342460381896002808e-01
1.005005005005005074e+02	5.881755964032691075e-01	9.347846388265077522e-01
1.007007007007007076e+02	5.884864083920673394e-01	9.353201803306521178e-01
1.009009009009009077e+02	5.887979117807270457e-01	9.358526664112301052e-01
1.011011011011011078e+02	5.891101063133583615e-01	9.363821009126570560e-01
1.013013013013013079e+02	5.894229917255522366e-01	9.369084878134982253e-01
1.015015015015015081e+02	5.897365677443657805e-01	9.374318312253934193e-01
1.017017017017017082e+02	5.900508340883084957e-01	9.379521353919729743e-01
1.019019019019019083e+02	5.903657904673281775e-01	9.384694046877679607e-01
1.021021021021021085e+02	5.906814365827969260e-01	9.389836436171118406e-01
1.023023023023023086e+02	5.909977721274977114e-01	9.394948568130361277e-01
1.025025025025025087e+02	5.913147967856107190e-01	9.400030490361592772e-01
1.027027027027027088e+02	5.916325102327002483e-01	9.405082251735686905e-01
1.029029029029029090e+02	5.919509121357011683e-01	9.410103902376967255e-01
1.031031031031031091e+02	5.922700021529065939e-01	9.415095493651903791e-01
1.033033033033033092e+02	5.925897799339543415e-01	9.420057078157750841e-01
1.035035035035035094e+02	5.929102451198147161e-01	9.424988709711126234e-01
1.037037037037037095e+02	5.932313973427782994e-01	9.429890443336536032e-01
1.039039039039039096e+02	5.935532362264428485e-01	9.434762335254838206e-01
1.041041041041041098e+02	5.938757613857020834e-01	9.439604442871667445e-01
1.043043043043043099e+02	5.941989724267331408e-01	9.444416824765795582e-01
1.045045045045045100e+02	5.945228689469848060e-01	9.449199540677450937e-01
1.047047047047047101e+02	5.948474505351667441e-01	9.453952651496583259e-01
1.049049049049049103e+02	5.951727167712368427e-01	9.458676219251095363e-01
1.051051051051051104e+02	5.954986672263909986e-01	9.463370307095018141e-01
1.053053053053053105e+02	5.958253014630512379e-01	9.468034979296653386e-01
1.055055055055055107e+02	5.961526190348558352e-01	9.472670301226668865e-01
1.057057057057057108e+02	5.964806194866476563e-01	9.477276339346165646e-01
1.059059059059059109e+02	5.968093023544639442e-01	9.481853161194691015e-01
1.061061061061061110e+02	5.971386671655263267e-01	9.486400835378243634e-01
1.063063063063063112e+02	5.974687134382301590e-01	9.490919431557215402e-01
1.065065065065065113e+02	5.977994406821351969e-01	9.495409020434326663e-01
1.067067067067067114e+02	5.981308483979547175e-01	9.499869673742519227e-01
1.069069069069069116e+02	5.984629360775471918e-01	9.504301464232822738e-01
1.071071071071071117e+02	5.987957032039058491e-01	9.508704465662197736e-01
1.073073073073073118e+02	5.991291492511500172e-01	9.513078752781358727e-01
1.075075075075075119e+02	5.994632736845157961e-01	9.517424401322563954e-01
1.077077077077077121e+02	5.997980759603473988e-01	9.521741487987389618e-01
1.079079079079079122e+02	6.001335555260880472e-01	9.526030090434491893e-01
1.081081081081081123e+02	6.004697118202720896e-01	9.530290287267334515e-01
1.083083083083083125e+02	6.008065442725162297e-01	9.534522158021925264e-01
1.085085085085085126e+02	6.011440523035116446e-01	9.538725783154509141e-01
1.087087087087087127e+02	6.014822353250156572e-01	9.542901244029277086e-01
1.089089089089089128e+02	6.018210927398446319e-01	9.547048622906040283e-01
1.091091091091091130e+02	6.021606239418659801e-01	9.551168002927915568e-01
1.093093093093093131e+02	6.025008283159907219e-01	9.555259468108985299e-01
1.095095095095095132e+02	6.028417052381668251e-01	9.559323103321968329e-01
1.097097097097097134e+02	6.031832540753716554e-01	9.563358994285868775e-01
1.099099099099099135e+02	6.035254741856054261e-01	9.567367227553642550e-01
1.101101101101101136e+02	6.038683649178847590e-01	9.571347890499842803e-01
1.103103103103103138e+02	6.042119256122361337e-01	9.575301071308279788e-01
1.105105105105105139e+02	6.045561555996894487e-01	9.579226858959677404e-01
1.107107107107107140e+02	6.049010542022728032e-01	9.583125343219333070e-01
1.109109109109109141e+02	6.052466207330053916e-01	9.586996614624786472e-01
1.111111111111111143e+02	6.055928544958932846e-01	9.590840764473489433e-01
1.113113113113113144e+02	6.059397547859229904e-01	9.594657884810491311e-01
1.115115115115115145e+02	6.062873208890567911e-01	9.598448068416124412e-01
1.117117117117117147e+02	6.066355520822273029e-01	9.602211408793712710e-01
1.119119119119119148e+02	6.069844476333332572e-01	9.605948000157283895e-01
1.121121121121121149e+02	6.073340068012340609e-01	9.609657937419298079e-01
1.123123123123123150e+02	6.076842288357460209e-01	9.613341316178395379e-01
1.125125125125125152e+02	6.080351129776377928e-01	9.616998232707159033e-01
1.127127127127127153e+02	6.083866584586263837e-01	9.620628783939892958e-01
1.129129129129129154e+02	6.087388645013737110e-01	9.624233067460428170e-01
1.131131131131131156e+02	6.090917303194822718e-01	9.627811181489941417e-01
1.133133133133133157e+02	6.094452551174922572e-01	9.631363224874803786e-01
1.135135135135135158e+02	6.097994380908778878e-01	9.634889297074449299e-01
1.137137137137137159e+02	6.101542784260451935e-01	9.638389498149272372e-01
1.139139139139139161e+02	6.105097753003280170e-01	9.641863928748547474e-01
1.141141141141141162e+02	6.108659278819865701e-01	9.645312690098384323e-01
1.143143143143143163e+02	6.112227353302043253e-01	9.648735883989707496e-01
1.145145145145145165e+02	6.115801967950857954e-01	9.652133612766263804e-01
1.147147147147147166e+02	6.119383114176548677e-01	9.655505979312675180e-01
1.149149149149149167e+02	6.122970783298529174e-01	9.658853087042511554e-01
1.151151151151151169e+02	6.126564966545369195e-01	9.662175039886400363e-01
1.153153153153153170e+02	6.130165655054783391e-01	9.665471942280181583e-01
1.155155155155155171e+02	6.133772839873621319e-01	9.668743899153094956e-01
1.157157157157157172e+02	6.137386511957853008e-01	9.671991015915997192e-01
1.159159159159159174e+02	6.141006662172564523e-01	9.675213398449632463e-01
1.161161161161161175e+02	6.144633281291951299e-01	9.678411153092939534e-01
1.163163163163163176e+02	6.148266359999315922e-01	9.681584386631395533e-01
1.165165165165165178e+02	6.151905888887063689e-01	9.684733206285409679e-01
1.167167167167167179e+02	6.155551858456707048e-01	9.687857719698759196e-01
1.169169169169169180e+02	6.159204259118865599e-01	9.690958034927070752e-01
1.171171171171171181e+02	6.162863081193272752e-01	9.694034260426351857e-01
1.173173173173173183e+02	6.166528314908781283e-01	9.697086505041560001e-01
1.175175175175175184e+02	6.170199950403374434e-01	9.700114877995235085e-01
1.177177177177177185e+02	6.173877977724171462e-01	9.703119488876171816e-01
1.179179179179179187e+02	6.177562386827450958e-01	9.706100447628147609e-01
1.181181181181181188e+02	6.181253167578657504e-01	9.709057864538698235e-01
1.183183183183183189e+02	6.184950309752421660e-01	9.711991850227954526e-01
1.185185185185185190e+02	6.188653803032581058e-01	9.714902515637524605e-01
1.187187187187187192e+02	6.192363637012199273e-01	9.717789972019437172e-01
1.189189189189189193e+02	6.196079801193595804e-01	9.720654330925135866e-01
1.191191191191191194e+02	6.199802284988361611e-01	9.723495704194540235e-01
1.193193193193193196e+02	6.203531077717400199e-01	9.726314203945150005e-01
1.195195195195195197e+02	6.207266168610945378e-01	9.729109942561223745e-01
1.197197197197197340e+02	6.211007546808604562e-01	9.731883032683006363e-01
1.199199199199199342e+02	6.214755201359384307e-01	9.734633587196023230e-01
1.201201201201201343e+02	6.218509121221732494e-01	9.737361719220433143e-01
1.203203203203203344e+02	6.222269295263574973e-01	9.740067542100444564e-01
1.205205205205205345e+02	6.226035712262358857e-01	9.742751169393797372e-01
1.207207207207207347e+02	6.229808360905092490e-01	9.745412714861303449e-01
1.209209209209209348e+02	6.233587229788392081e-01	9.748052292456460544e-01
1.211211211211211349e+02	6.237372307418531658e-01	9.750670016315121646e-01
1.213213213213213351e+02	6.241163582211485261e-01	9.753266000745243192e-01
1.215215215215215352e+02	6.244961042492989112e-01	9.755840360216684326e-01
1.217217217217217353e+02	6.248764676498588244e-01	9.758393209351093889e-01
1.219219219219219354e+02	6.252574472373693126e-01	9.760924662911849570e-01
1.221221221221221356e+02	6.256390418173640722e-01	9.763434835794073674e-01
1.223223223223223357e+02	6.260212501863754442e-01	9.765923843014724381e-01
1.225225225225225358e+02	6.264040711319401877e-01	9.768391799702741407e-01
1.227227227227227360e+02	6.267875034326068073e-01	9.770838821089284920e-01
1.229229229229229361e+02	6.271715458579414371e-01	9.773265022498025534e-01
1.231231231231231362e+02	6.275561971685352791e-01	9.775670519335529773e-01
1.233233233233233364e+02	6.279414561160114872e-01	9.778055427081691064e-01
1.235235235235235365e+02	6.283273214430326048e-01	9.780419861280261751e-01
1.237237237237237366e+02	6.287137918833078931e-01	9.782763937529442844e-01
1.239239239239239367e+02	6.291008661616015463e-01	9.785087771472558149e-01
1.241241241241241369e+02	6.294885429937403520e-01	9.787391478788792787e-01
1.243243243243243370e+02	6.298768210866220185e-01	9.789675175184022748e-01
1.245245245245245371e+02	6.302656991382235008e-01	9.791938976381712179e-01
1.247247247247247373e+02	6.306551758376099936e-01	9.794182998113885041e-01
1.249249249249249374e+02	6.310452498649432584e-01	9.796407356112182274e-01
1.251251251251251375e+02	6.314359198914910598e-01	9.798612166098997767e-01
1.253253253253253376e+02	6.318271845796367137e-01	9.800797543778678733e-01
1.255255255255255378e+02	6.322190425828879690e-01	9.802963604828827116e-01
1.257257257257257379e+02	6.326114925458873328e-01	9.805110464891660937e-01
1.259259259259259380e+02	6.330045331044216184e-01	9.807238239565465587e-01
1.261261261261261382e+02	6.333981628854324919e-01	9.809347044396125037e-01
1.263263263263263383e+02	6.337923805070265759e-01	9.811436994868730777e-01
1.265265265265265384e+02	6.341871845784863293e-01	9.813508206399270684e-01
1.267267267267267385e+02	6.345825737002803724e-01	9.815560794326405603e-01
1.269269269269269387e+02	6.349785464640755883e-01	9.817594873903322528e-01
1.271271271271271388e+02	6.353751014527471153e-01	9.819610560289666612e-01
1.273273273273273389e+02	6.357722372403906697e-01	9.821607968543565326e-01
1.275275275275275391e+02	6.361699523923340927e-01	9.823587213613725888e-01
1.277277277277277392e+02	6.365682454651492295e-01	9.825548410331621518e-01
1.279279279279279393e+02	6.369671150066641419e-01	9.827491673403753181e-01
1.281281281281281395e+02	6.373665595559752095e-01	9.829417117404006810e-01
1.283283283283283254e+02	6.377665776434600087e-01	9.831324856766082698e-01
1.285285285285285397e+02	6.381671677907904128e-01	9.833215005776012596e-01
1.287287287287287256e+02	6.385683285109446938e-01	9.835087678564761182e-01
1.289289289289289400e+02	6.389700583082217333e-01	9.836942989100914136e-01
1.291291291291291259e+02	6.393723556782537898e-01	9.838781051183442816e-01
1.293293293293293402e+02	6.397752191080208206e-01	9.840601978434564412e-01
1.295295295295295261e+02	6.401786470758635827e-01	9.842405884292673157e-01
1.297297297297297405e+02	6.405826380514986207e-01	9.844192882005368128e-01
1.299299299299299264e+02	6.409871904960319222e-01	9.845963084622560979e-01
1.301301301301301407e+02	6.413923028619740174e-01	9.847716604989664724e-01
1.303303303303303267e+02	6.417979735932539676e-01	9.849453555740876887e-01
1.305305305305305410e+02	6.422042011252353522e-01	9.851174049292532597e-01
1.307307307307307269e+02	6.426109838847308131e-01	9.852878197836565377e-01
1.309309309309309413e+02	6.430183202900175976e-01	9.854566113334024546e-01
1.311311311311311272e+02	6.434262087508532124e-01	9.856237907508703655e-01
1.313313313313313415e+02	6.438346476684916331e-01	9.857893691840837747e-01
1.315315315315315274e+02	6.442436354356985140e-01	9.859533577560892770e-01
1.317317317317317418e+02	6.446531704367686189e-01	9.861157675643437148e-01
1.319319319319319277e+02	6.450632510475413639e-01	9.862766096801096616e-01
1.321321321321321420e+02	6.454738756354183593e-01	9.864358951478601201e-01
1.323323323323323280e+02	6.458850425593792854e-01	9.865936349846911035e-01
1.325325325325325423e+02	6.462967501700003226e-01	9.867498401797425434e-01
1.327327327327327282e+02	6.467089968094704711e-01	9.869045216936283005e-01
1.329329329329329425e+02	6.471217808116099812e-01	9.870576904578740596e-01
1.331331331331331285e+02	6.475351005018873396e-01	9.872093573743641048e-01
1.333333333333333428e+02	6.479489541974380318e-01	9.873595333147964226e-01
1.335335335335335287e+02	6.483633402070823060e-01	9.875082291201455753e-01
1.337337337337337431e+02	6.487782568313438247e-01	9.876554556001355678e-01
1.339339339339339290e+02	6.491937023624680947e-01	9.878012235327189305e-01
1.341341341341341433e+02	6.496096750844418954e-01	9.879455436635665722e-01
1.343343343343343292e+02	6.500261732730117092e-01	9.880884267055635162e-01
1.345345345345345436e+02	6.504431951957034830e-01	9.882298833383156289e-01
1.347347347347347295e+02	6.508607391118420571e-01	9.883699242076618985e-01
1.349349349349349438e+02	6.512788032725707055e-01	9.885085599251977051e-01
1.351351351351351298e+02	6.516973859208712305e-01	9.886458010678041974e-01
1.353353353353353441e+02	6.521164852915842802e-01	9.887816581771871061e-01
1.355355355355355300e+02	6.525360996114293322e-01	9.889161417594234393e-01
1.357357357357357444e+02	6.529562270990258988e-01	9.890492622845167281e-01
1.359359359359359303e+02	6.533768659649135113e-01	9.891810301859598198e-01
1.361361361361361446e+02	6.537980144115732584e-01	9.893114558603062214e-01
1.363363363363363305e+02	6.542196706334491019e-01	9.894405496667499911e-01
1.365365365365365449e+02	6.546418328169690826e-01	9.895683219267124020e-01
1.367367367367367592e+02	6.550644991405666362e-01	9.896947829234384875e-01
1.369369369369369451e+02	6.554876677747031311e-01	9.898199429016001361e-01
1.371371371371371595e+02	6.559113368818895173e-01	9.899438120669077357e-01
1.373373373373373454e+02	6.563355046167085316e-01	9.900664005857300332e-01
1.375375375375375597e+02	6.567601691258375673e-01	9.901877185847218765e-01
1.377377377377377456e+02	6.571853285480707685e-01	9.903077761504587295e-01
1.379379379379379600e+02	6.576109810143426770e-01	9.904265833290814003e-01
1.381381381381381459e+02	6.580371246477503266e-01	9.905441501259459880e-01
1.383383383383383602e+02	6.584637575635776674e-01	9.906604865052837106e-01
1.385385385385385462e+02	6.588908778693183255e-01	9.907756023898671716e-01
1.387387387387387605e+02	6.593184836646995839e-01	9.908895076606848429e-01
1.389389389389389464e+02	6.597465730417060303e-01	9.910022121566236519e-01
1.391391391391391608e+02	6.601751440846045371e-01	9.911137256741580082e-01
1.393393393393393467e+02	6.606041948699672428e-01	9.912240579670479335e-01
1.395395395395395610e+02	6.610337234666973094e-01	9.913332187460432987e-01
1.397397397397397469e+02	6.614637279360530142e-01	9.914412176785971642e-01
1.399399399399399613e+02	6.618942063316730628e-01	9.915480643885847822e-01
1.401401401401401472e+02	6.623251566996012363e-01	9.916537684560314814e-01
1.403403403403403615e+02	6.627565770783124810e-01	9.917583394168474342e-01
1.405405405405405475e+02	6.631884654987374450e-01	9.918617867625693085e-01
1.407407407407407618e+02	6.636208199842896782e-01	9.919641199401103560e-01
1.409409409409409477e+02	6.640536385508897244e-01	9.920653483515164961e-01
1.411411411411411621e+02	6.644869192069933206e-01	9.921654813537303941e-01
1.413413413413413480e+02	6.649206599536159334e-01	9.922645282583619775e-01
1.415415415415415623e+02	6.653548587843605144e-01	9.923624983314673909e-01
1.417417417417417482e+02	6.657895136854437013e-01	9.924594007933335016e-01
1.419419419419419626e+02	6.662246226357231293e-01	9.925552448182703991e-01
1.421421421421421485e+02	6.666601836067240772e-01	9.926500395344100003e-01
1.423423423423423628e+02	6.670961945626673328e-01	9.927437940235128710e-01
1.425425425425425487e+02	6.675326534604963946e-01	9.928365173207803762e-01
1.427427427427427631e+02	6.679695582499054485e-01	9.929282184146749346e-01
1.429429429429429490e+02	6.684069068733669017e-01	9.930189062467459360e-01
1.431431431431431633e+02	6.688446972661603596e-01	9.931085897114635408e-01
1.433433433433433493e+02	6.692829273563998260e-01	9.931972776560578087e-01
1.435435435435435636e+02	6.697215950650630134e-01	9.932849788803655988e-01
1.437437437437437495e+02	6.701606983060198752e-01	9.933717021366832434e-01
1.439439439439439639e+02	6.706002349860613609e-01	9.934574561296261042e-01
1.441441441441441498e+02	6.710402030049285038e-01	9.935422495159942358e-01
1.443443443443443641e+02	6.714806002553420639e-01	9.936260909046450429e-01
1.445445445445445500e+02	6.719214246230315046e-01	9.937089888563714890e-01
1.447447447447447644e+02	6.723626739867649693e-01	9.937909518837870770e-01
1.449449449449449503e+02	6.728043462183792567e-01	9.938719884512167146e-01
1.451451451451451646e+02	6.732464391828092420e-01	9.939521069745942405e-01
1.453453453453453506e+02	6.736889507381188524e-01	9.940313158213656131e-01
1.455455455455455649e+02	6.741318787355310427e-01	9.941096233103980939e-01
1.457457457457457508e+02	6.745752210194585485e-01	9.941870377118957602e-01
1.459459459459459651e+02	6.750189754275346399e-01	9.942635672473210118e-01
1.461461461461461511e+02	6.754631397906438739e-01	9.943392200893211852e-01
1.463463463463463654e+02	6.759077119329537364e-01	9.944140043616618296e-01
1.465465465465465513e+02	6.763526896719457282e-01	9.944879281391654224e-01
1.467467467467467657e+02	6.767980708184466732e-01	9.945609994476559690e-01
1.469469469469469516e+02	6.772438531766604708e-01	9.946332262639085986e-01
1.471471471471471659e+02	6.776900345442006257e-01	9.947046165156054887e-01
1.473473473473473518e+02	6.781366127121212228e-01	9.947751780812972289e-01
1.475475475475475662e+02	6.785835854649502341e-01	9.948449187903688484e-01
1.477477477477477521e+02	6.790309505807212709e-01	9.949138464230127266e-01
1.479479479479479664e+02	6.794787058310062244e-01	9.949819687102049448e-01
1.481481481481481524e+02	6.799268489809483507e-01	9.950492933336889667e-01
1.483483483483483667e+02	6.803753777892950216e-01	9.951158279259628703e-01
1.485485485485485526e+02	6.808242900084310323e-01	9.951815800702723536e-01
1.487487487487487670e+02	6.812735833844116851e-01	9.952465573006095134e-01
1.489489489489489529e+02	6.817232556569960966e-01	9.953107671017153990e-01
1.491491491491491672e+02	6.821733045596816147e-01	9.953742169090888936e-01
1.493493493493493531e+02	6.826237278197365699e-01	9.954369141089989270e-01
1.495495495495495675e+02	6.830745231582354693e-01	9.954988660385034605e-01
1.497497497497497534e+02	6.835256882900918596e-01	9.955600799854716909e-01
1.499499499499499677e+02	6.839772209240937428e-01	9.956205631886115848e-01
1.501501501501501536e+02	6.844291187629376605e-01	9.956803228375026293e-01
1.503503503503503680e+02	6.848813795032633323e-01	9.957393660726323592e-01
1.505505505505505539e+02	6.853340008356884061e-01	9.957976999854373235e-01
1.507507507507507682e+02	6.857869804448437634e-01	9.958553316183501591e-01
1.509509509509509542e+02	6.862403160094083798e-01	9.959122679648491072e-01
1.511511511511511685e+02	6.866940052021449636e-01	9.959685159695129686e-01
1.513513513513513544e+02	6.871480456899352607e-01	9.960240825280805010e-01
1.515515515515515688e+02	6.876024351338156926e-01	9.960789744875133689e-01
1.517517517517517547e+02	6.880571711890133280e-01	9.961331986460641996e-01
1.519519519519519690e+02	6.885122515049817427e-01	9.961867617533480823e-01
1.521521521521521549e+02	6.889676737254372130e-01	9.962396705104182848e-01
1.523523523523523693e+02	6.894234354883952420e-01	9.962919315698463008e-01
1.525525525525525552e+02	6.898795344262064200e-01	9.963435515358057826e-01
1.527527527527527695e+02	6.903359681655936164e-01	9.963945369641599159e-01
1.529529529529529555e+02	6.907927343276887289e-01	9.964448943625533461e-01
1.531531531531531698e+02	6.912498305280694311e-01	9.964946301905075465e-01
1.533533533533533557e+02	6.917072543767959214e-01	9.965437508595198501e-01
1.535535535535535701e+02	6.921650034784490035e-01	9.965922627331659234e-01
1.537537537537537560e+02	6.926230754321668348e-01	9.966401721272069025e-01
1.539539539539539703e+02	6.930814678316826738e-01	9.966874853096989728e-01
1.541541541541541562e+02	6.935401782653625169e-01	9.967342085011066111e-01
1.543543543543543706e+02	6.939992043162430679e-01	9.967803478744199364e-01
1.545545545545545565e+02	6.944585435620694858e-01	9.968259095552748361e-01
1.547547547547547708e+02	6.949181935753341310e-01	9.968708996220765339e-01
1.549549549549549567e+02	6.953781519233138697e-01	9.969153241061265991e-01
1.551551551551551711e+02	6.958384161681095970e-01	9.969591889917530647e-01
1.553553553553553570e+02	6.962989838666836517e-01	9.970025002164436545e-01
1.555555555555555713e+02	6.967598525708998958e-01	9.970452636709820071e-01
1.557557557557557573e+02	6.972210198275613502e-01	9.970874851995873422e-01
1.559559559559559716e+02	6.976824831784499414e-01	9.971291706000569022e-01
1.561561561561561575e+02	6.981442401603653591e-01	9.971703256239109470e-01
1.563563563563563719e+02	6.986062883051645800e-01	9.972109559765411912e-01
1.565565565565565578e+02	6.990686251398008366e-01	9.972510673173620166e-01
1.567567567567567721e+02	6.995312481863638077e-01	9.972906652599635713e-01
1.569569569569569580e+02	6.999941549621185866e-01	9.973297553722693110e-01
1.571571571571571724e+02	7.004573429795464268e-01	9.973683431766942054e-01
1.573573573573573583e+02	7.009208097463838216e-01	9.974064341503070530e-01
1.575575575575575726e+02	7.013845527656633605e-01	9.974440337249943500e-01
1.577577577577577586e+02	7.018485695357531418e-01	9.974811472876276008e-01
1.579579579579579729e+02	7.023128575503980731e-01	9.975177801802322941e-01
1.581581581581581588e+02	7.027774142987596173e-01	9.975539377001592101e-01
1.583583583583583732e+02	7.032422372654568710e-01	9.975896251002591697e-01
1.585585585585585591e+02	7.037073239306071981e-01	9.976248475890583389e-01
1.587587587587587734e+02	7.041726717698668647e-01	9.976596103309373076e-01
1.589589589589589593e+02	7.046382782544724499e-01	9.976939184463116117e-01
1.591591591591591737e+02	7.051041408512819242e-01	9.977277770118143652e-01
1.593593593593593596e+02	7.055702570228153947e-01	9.977611910604812229e-01
1.595595595595595739e+02	7.060366242272972936e-01	9.977941655819371203e-01
1.597597597597597598e+02	7.065032399186970125e-01	9.978267055225853444e-01
1.599599599599599742e+02	7.069701015467714234e-01	9.978588157857981589e-01
1.601601601601601601e+02	7.074372065571058465e-01	9.978905012321093171e-01
1.603603603603603744e+02	7.079045523911564608e-01	9.979217666794085728e-01
1.605605605605605604e+02	7.083721364862917147e-01	9.979526169031383009e-01
1.607607607607607747e+02	7.088399562758351813e-01	9.979830566364907840e-01
1.609609609609609606e+02	7.093080091891069694e-01	9.980130905706084965e-01
1.611611611611611750e+02	7.097762926514665782e-01	9.980427233547850552e-01
1.613613613613613609e+02	7.102448040843550858e-01	9.980719595966680568e-01
1.615615615615615752e+02	7.107135409053380037e-01	9.981008038624634704e-01
1.617617617617617611e+02	7.111825005281471324e-01	9.981292606771419162e-01
1.619619619619619755e+02	7.116516803627244148e-01	9.981573345246455009e-01
1.621621621621621614e+02	7.121210778152641252e-01	9.981850298480965389e-01
1.623623623623623757e+02	7.125906902882557237e-01	9.982123510500082730e-01
1.625625625625625617e+02	7.130605151805275987e-01	9.982393024924953728e-01
1.627627627627627760e+02	7.135305498872894781e-01	9.982658884974875413e-01
1.629629629629629619e+02	7.140007918001762821e-01	9.982921133469422337e-01
1.631631631631631763e+02	7.144712383072913120e-01	9.983179812830610400e-01
1.633633633633633622e+02	7.149418867932496591e-01	9.983434965085047352e-01
1.635635635635635765e+02	7.154127346392218367e-01	9.983686631866112160e-01
1.637637637637637624e+02	7.158837792229776342e-01	9.983934854416135485e-01
1.639639639639639768e+02	7.163550179189296374e-01	9.984179673588593484e-01
1.641641641641641627e+02	7.168264480981773046e-01	9.984421129850310495e-01
1.643643643643643770e+02	7.172980671285508203e-01	9.984659263283672814e-01
1.645645645645645629e+02	7.177698723746551712e-01	9.984894113588844711e-01
1.647647647647647773e+02	7.182418611979144440e-01	9.985125720086004408e-01
1.649649649649649632e+02	7.187140309566157903e-01	9.985354121717576747e-01
1.651651651651651775e+02	7.191863790059541683e-01	9.985579357050479166e-01
1.653653653653653635e+02	7.196589026980763082e-01	9.985801464278374340e-01
1.655655655655655778e+02	7.201315993821254535e-01	9.986020481223927270e-01
1.657657657657657637e+02	7.206044664042859926e-01	9.986236445341074575e-01
1.659659659659659781e+02	7.210775011078283114e-01	9.986449393717291567e-01
1.661661661661661640e+02	7.215507008331529804e-01	9.986659363075872653e-01
1.663663663663663783e+02	7.220240629178362735e-01	9.986866389778211728e-01
1.665665665665665642e+02	7.224975846966744664e-01	9.987070509826090348e-01
1.667667667667667786e+02	7.229712635017294664e-01	9.987271758863971449e-01
1.669669669669669645e+02	7.234450966623733326e-01	9.987470172181289740e-01
1.671671671671671788e+02	7.239190815053339056e-01	9.987665784714759853e-01
1.673673673673673647e+02	7.243932153547395503e-01	9.987858631050676728e-01
1.675675675675675791e+02	7.248674955321652291e-01	9.988048745427219322e-01
1.677677677677677650e+02	7.253419193566766898e-01	9.988236161736764318e-01
1.679679679679679793e+02	7.258164841448774274e-01	9.988420913528197609e-01
1.681681681681681653e+02	7.262911872109526490e-01	9.988603034009229109e-01
1.683683683683683796e+02	7.267660258667162365e-01	9.988782556048705352e-01
1.685685685685685655e+02	7.272409974216554884e-01	9.988959512178934297e-01
1.687687687687687799e+02	7.277160991829771941e-01	9.989133934597997921e-01
1.689689689689689658e+02	7.281913284556534860e-01	9.989305855172075921e-01
1.691691691691691801e+02	7.286666825424675809e-01	9.989475305437766073e-01
1.693693693693693660e+02	7.291421587440595209e-01	9.989642316604403494e-01
1.695695695695695804e+02	7.296177543589728032e-01	9.989806919556382114e-01
1.697697697697697663e+02	7.300934666836994547e-01	9.989969144855477268e-01
1.699699699699699806e+02	7.305692930127272167e-01	9.990129022743164944e-01
1.701701701701701666e+02	7.310452306385843979e-01	9.990286583142937715e-01
1.703703703703703809e+02	7.315212768518877251e-01	9.990441855662628434e-01
1.705705705705705668e+02	7.319974289413870849e-01	9.990594869596721717e-01
1.707707707707707812e+02	7.324736841940125975e-01	9.990745653928672088e-01
1.709709709709709955e+02	7.329500398949210238e-01	9.990894237333216577e-01
1.711711711711711814e+02	7.334264933275419507e-01	9.991040648178683981e-01
1.713713713713713958e+02	7.339030417736243095e-01	9.991184914529305239e-01
1.715715715715715817e+02	7.343796825132830053e-01	9.991327064147514925e-01
1.717717717717717960e+02	7.348564128250455463e-01	9.991467124496258290e-01
1.719719719719719819e+02	7.353332299858982291e-01	9.991605122741289424e-01
1.721721721721721963e+02	7.358101312713333231e-01	9.991741085753461649e-01
1.723723723723723822e+02	7.362871139553955890e-01	9.991875040111029005e-01
1.725725725725725965e+02	7.367641753107289082e-01	9.992007012101925545e-01
1.727727727727727824e+02	7.372413126086230228e-01	9.992137027726053500e-01
1.729729729729729968e+02	7.377185231190607206e-01	9.992265112697560347e-01
1.731731731731731827e+02	7.381958041107643531e-01	9.992391292447114770e-01
1.733733733733733970e+02	7.386731528512429090e-01	9.992515592124178170e-01
1.735735735735735830e+02	7.391505666068385327e-01	9.992638036599263973e-01
1.737737737737737973e+02	7.396280426427743748e-01	9.992758650466201376e-01
1.739739739739739832e+02	7.401055782232005553e-01	9.992877458044389094e-01
1.741741741741741976e+02	7.405831706112420143e-01	9.992994483381038018e-01
1.743743743743743835e+02	7.410608170690450303e-01	9.993109750253421630e-01
1.745745745745745978e+02	7.415385148578246266e-01	9.993223282171106447e-01
1.747747747747747837e+02	7.420162612379114231e-01	9.993335102378180235e-01
1.749749749749749981e+02	7.424940534687990423e-01	9.993445233855479115e-01
1.751751751751751840e+02	7.429718888091910722e-01	9.993553699322804684e-01
1.753753753753753983e+02	7.434497645170484725e-01	9.993660521241127803e-01
1.755755755755755843e+02	7.439276778496364262e-01	9.993765721814795722e-01
1.757757757757757986e+02	7.444056260635717459e-01	9.993869322993728099e-01
1.759759759759759845e+02	7.448836064148703917e-01	9.993971346475599704e-01
1.761761761761761989e+02	7.453616161589942113e-01	9.994071813708026442e-01
1.763763763763763848e+02	7.458396525508985686e-01	9.994170745890734731e-01
1.765765765765765991e+02	7.463177128450796394e-01	9.994268163977725328e-01
1.767767767767767850e+02	7.467957942956214845e-01	9.994364088679432712e-01
1.769769769769769994e+02	7.472738941562437898e-01	9.994458540464873364e-01
1.771771771771771853e+02	7.477520096803483840e-01	9.994551539563781839e-01
1.773773773773773996e+02	7.482301381210676450e-01	9.994643105968746832e-01
1.775775775775775855e+02	7.487082767313109066e-01	9.994733259437332817e-01
1.777777777777777999e+02	7.491864227638125318e-01	9.994822019494193910e-01
1.779779779779779858e+02	7.496645734711787634e-01	9.994909405433176630e-01
1.781781781781782001e+02	7.501427261059351315e-01	9.994995436319423776e-01
1.783783783783783861e+02	7.506208779205740811e-01	9.995080130991451650e-01
1.785785785785786004e+02	7.510990261676024904e-01	9.995163508063233948e-01
1.787787787787787863e+02	7.515771680995879667e-01	9.995245585926271215e-01
1.789789789789790007e+02	7.520553009692079183e-01	9.995326382751645866e-01
1.791791791791791866e+02	7.525334220292951848e-01	9.995405916492072773e-01
1.793793793793794009e+02	7.530115285328866648e-01	9.995484204883939849e-01
1.795795795795795868e+02	7.534896177332698342e-01	9.995561265449337540e-01
1.797797797797798012e+02	7.539676868840307078e-01	9.995637115498077208e-01
1.799799799799799871e+02	7.544457332391006910e-01	9.995711772129700634e-01
1.801801801801802014e+02	7.549237540528043189e-01	9.995785252235482865e-01
1.803803803803803874e+02	7.554017465799059972e-01	9.995857572500418398e-01
1.805805805805806017e+02	7.558797080756580744e-01	9.995928749405200708e-01
1.807807807807807876e+02	7.563576357958471386e-01	9.995998799228190679e-01
1.809809809809810019e+02	7.568355269968424226e-01	9.996067738047375029e-01
1.811811811811811879e+02	7.573133789356421008e-01	9.996135581742314757e-01
1.813813813813814022e+02	7.577911888699210285e-01	9.996202345996079153e-01
1.815815815815815881e+02	7.582689540580777043e-01	9.996268046297174248e-01
1.817817817817818025e+02	7.587466717592818988e-01	9.996332697941455736e-01
1.819819819819819884e+02	7.592243392335210617e-01	9.996396316034036333e-01
1.821821821821822027e+02	7.597019537416482837e-01	9.996458915491175379e-01
1.823823823823823886e+02	7.601795125454285929e-01	9.996520511042161772e-01
1.825825825825826030e+02	7.606570129075872488e-01	9.996581117231191360e-01
1.827827827827827889e+02	7.611344520918552625e-01	9.996640748419216571e-01
1.829829829829830032e+02	7.616118273630178015e-01	9.996699418785800484e-01
1.831831831831831892e+02	7.620891359869602644e-01	9.996757142330957580e-01
1.833833833833834035e+02	7.625663752307160204e-01	9.996813932876973396e-01
1.835835835835835894e+02	7.630435423625124836e-01	9.996869804070224186e-01
1.837837837837838038e+02	7.635206346518189635e-01	9.996924769382975473e-01
1.839839839839839897e+02	7.639976493693928505e-01	9.996978842115181729e-01
1.841841841841842040e+02	7.644745837873266892e-01	9.997032035396257177e-01
1.843843843843843899e+02	7.649514351790950295e-01	9.997084362186852147e-01
1.845845845845846043e+02	7.654282008196010567e-01	9.997135835280606120e-01
1.847847847847847902e+02	7.659048779852234423e-01	9.997186467305897439e-01
1.849849849849850045e+02	7.663814639538629736e-01	9.997236270727570817e-01
1.851851851851851904e+02	7.668579560049891830e-01	9.997285257848667062e-01
1.853853853853854048e+02	7.673343514196868664e-01	9.997333440812126160e-01
1.855855855855855907e+02	7.678106474807027126e-01	9.997380831602494800e-01
1.857857857857858050e+02	7.682868414724918216e-01	9.997427442047605028e-01
1.859859859859859910e+02	7.687629306812640007e-01	9.997473283820255130e-01
1.861861861861862053e+02	7.692389123950303942e-01	9.997518368439871628e-01
1.863863863863863912e+02	7.697147839036494466e-01	9.997562707274156857e-01
1.865865865865866056e+02	7.701905424988737536e-01	9.997606311540738755e-01
1.867867867867867915e+02	7.706661854743956930e-01	9.997649192308786237e-01
1.869869869869870058e+02	7.711417101258942752e-01	9.997691360500636781e-01
1.871871871871871917e+02	7.716171137510803302e-01	9.997732826893392932e-01
1.873873873873874061e+02	7.720923936497436912e-01	9.997773602120518799e-01
1.875875875875875920e+02	7.725675471237981595e-01	9.997813696673418793e-01
1.877877877877878063e+02	7.730425714773283552e-01	9.997853120903006374e-01
1.879879879879879923e+02	7.735174640166347926e-01	9.997891885021260583e-01
1.881881881881882066e+02	7.739922220502803984e-01	9.997929999102772580e-01
1.883883883883883925e+02	7.744668428891356982e-01	9.997967473086279977e-01
1.885885885885886069e+02	7.749413238464248899e-01	9.998004316776178957e-01
1.887887887887887928e+02	7.754156622377712527e-01	9.998040539844046393e-01
1.889889889889890071e+02	7.758898553812429988e-01	9.998076151830128655e-01
1.891891891891891930e+02	7.763639005973981266e-01	9.998111162144828201e-01
1.893893893893894074e+02	7.768377952093307171e-01	9.998145580070180172e-01
1.895895895895895933e+02	7.773115365427152312e-01	9.998179414761311223e-01
1.897897897897898076e+02	7.777851219258530291e-01	9.998212675247892811e-01
1.899899899899899935e+02	7.782585486897162230e-01	9.998245370435574486e-01
1.901901901901902079e+02	7.787318141679939743e-01	9.998277509107416083e-01
1.903903903903903938e+02	7.792049156971365687e-01	9.998309099925297705e-01
1.905905905905906081e+02	7.796778506164012690e-01	9.998340151431325262e-01
1.907907907907907941e+02	7.801506162678960576e-01	9.998370672049222696e-01
1.909909909909910084e+02	7.806232099966258220e-01	9.998400670085706432e-01
1.911911911911911943e+02	7.810956291505358751e-01	9.998430153731858727e-01
1.913913913913914087e+02	7.815678710805572527e-01	9.998459131064482142e-01
1.915915915915915946e+02	7.820399331406511223e-01	9.998487610047440688e-01
1.917917917917918089e+02	7.825118126878530811e-01	9.998515598532999871e-01
1.919919919919919948e+02	7.829835070823175647e-01	9.998543104263140080e-01
1.921921921921922092e+02	7.834550136873624782e-01	9.998570134870872206e-01
1.923923923923923951e+02	7.839263298695128279e-01	9.998596697881533268e-01
1.925925925925926094e+02	7.843974529985451305e-01	9.998622800714075387e-01
1.927927927927927954e+02	7.848683804475315995e-01	9.998648450682339206e-01
1.929929929929930097e+02	7.853391095928837773e-01	9.998673654996318438e-01
1.931931931931931956e+02	7.858096378143961669e-01	9.998698420763413308e-01
1.933933933933934100e+02	7.862799624952907518e-01	9.998722754989669559e-01
1.935935935935935959e+02	7.867500810222595176e-01	9.998746664581011911e-01
1.937937937937938102e+02	7.872199907855090828e-01	9.998770156344463089e-01
1.939939939939939961e+02	7.876896891788031096e-01	9.998793236989345079e-01
1.941941941941942105e+02	7.881591735995066017e-01	9.998815913128484834e-01
1.943943943943943964e+02	7.886284414486282035e-01	9.998838191279393328e-01
1.945945945945946107e+02	7.890974901308640543e-01	9.998860077865439067e-01
1.947947947947947966e+02	7.895663170546405318e-01	9.998881579217017146e-01
1.949949949949950110e+02	7.900349196321569956e-01	9.998902701572696117e-01
1.951951951951951969e+02	7.905032952794286416e-01	9.998923451080363733e-01
1.953953953953954112e+02	7.909714414163298013e-01	9.998943833798350500e-01
1.955955955955955972e+02	7.914393554666353525e-01	9.998963855696558767e-01
1.957957957957958115e+02	7.919070348580645735e-01	9.998983522657560741e-01
1.959959959959959974e+02	7.923744770223219991e-01	9.999002840477708709e-01
1.961961961961962118e+02	7.928416793951412744e-01	9.999021814868210845e-01
1.963963963963963977e+02	7.933086394163260113e-01	9.999040451456214784e-01
1.965965965965966120e+02	7.937753545297924207e-01	9.999058755785872332e-01
1.967967967967967979e+02	7.942418221836109460e-01	9.999076733319393062e-01
1.969969969969970123e+02	7.947080398300486737e-01	9.999094389438093478e-01
1.971971971971971982e+02	7.951740049256098564e-01	9.999111729443426189e-01
1.973973973973974125e+02	7.956397149310786565e-01	9.999128758558011310e-01
1.975975975975975985e+02	7.961051673115597804e-01	9.999145481926641210e-01
1.977977977977978128e+02	7.965703595365202228e-01	9.999161904617293040e-01
1.979979979979979987e+02	7.970352890798301226e-01	9.999178031622119045e-01
1.981981981981982130e+02	7.974999534198040640e-01	9.999193867858426898e-01
1.983983983983983990e+02	7.979643500392419320e-01	9.999209418169656693e-01
1.985985985985986133e+02	7.984284764254697686e-01	9.999224687326342398e-01
1.987987987987987992e+02	7.988923300703802965e-01	9.999239680027068866e-01
1.989989989989990136e+02	7.993559084704737749e-01	9.999254400899407758e-01
1.991991991991991995e+02	7.998192091268978565e-01	9.999268854500857895e-01
1.993993993993994138e+02	8.002822295454886659e-01	9.999283045319764529e-01
1.995995995995995997e+02	8.007449672368103233e-01	9.999296977776239714e-01
1.997997997997998141e+02	8.012074197161952460e-01	9.999310656223056037e-01
2.000000000000000000e+02	8.016695845037838941e-01	9.999324084946551450e-01
