1.000000000000000021e-03	5.068384201554886337e-01	5.107598086509820279e-01
1.611591591591591544e-01	5.068428311543003995e-01	5.107862693651360475e-01
3.213183183183183078e-01	5.068472653488411694e-01	5.108132006421621796e-01
4.814774774774774890e-01	5.068517228609734637e-01	5.108406105188572077e-01
6.416366366366366147e-01	5.068562038131985137e-01	5.108685071571692493e-01
8.017957957957957404e-01	5.068607083286598147e-01	5.108968988456995541e-01
9.619549549549549772e-01	5.068652365311467900e-01	5.109257940012040811e-01
1.122114114114113992e+00	5.068697885450978990e-01	5.109552011700950747e-01
1.282273273273273118e+00	5.068743644956038574e-01	5.109851290299420867e-01
1.442432432432432243e+00	5.068789645084115225e-01	5.110155863909698892e-01
1.602591591591591369e+00	5.068835887099268911e-01	5.110465821975543887e-01
1.762750750750750495e+00	5.068882372272187631e-01	5.110781255297138781e-01
1.922909909909909842e+00	5.068929101880221832e-01	5.111102256045957359e-01
2.083069069069068746e+00	5.068976077207416608e-01	5.111428917779562431e-01
2.243228228228228094e+00	5.069023299544550554e-01	5.111761335456342925e-01
2.403387387387386998e+00	5.069070770189170183e-01	5.112099605450149964e-01
2.563546546546546345e+00	5.069118490445622127e-01	5.112443825564856326e-01
2.723705705705705693e+00	5.069166461625090880e-01	5.112794095048784904e-01
2.883864864864864597e+00	5.069214685045636548e-01	5.113150514609031694e-01
3.044024024024023944e+00	5.069263162032227044e-01	5.113513186425636681e-01
3.204183183183182848e+00	5.069311893916775835e-01	5.113882214165620388e-01
3.364342342342342196e+00	5.069360882038177474e-01	5.114257702996833910e-01
3.524501501501501100e+00	5.069410127742345340e-01	5.114639759601644631e-01
3.684660660660660447e+00	5.069459632382248282e-01	5.115028492190413223e-01
3.844819819819819795e+00	5.069509397317945032e-01	5.115424010514758590e-01
4.004978978978979143e+00	5.069559423916624175e-01	5.115826425880592998e-01
4.165138138138138046e+00	5.069609713552640784e-01	5.116235851160900738e-01
4.325297297297297838e+00	5.069660267607549731e-01	5.116652400808258117e-01
4.485456456456456742e+00	5.069711087470150090e-01	5.117076190867053676e-01
4.645615615615615646e+00	5.069762174536519561e-01	5.117507338985408660e-01
4.805774774774774549e+00	5.069813530210048880e-01	5.117945964426767747e-01
4.965933933933934341e+00	5.069865155901488452e-01	5.118392188081135608e-01
5.126093093093093245e+00	5.069917053028977216e-01	5.118846132475945998e-01
5.286252252252252148e+00	5.069969223018087057e-01	5.119307921786534488e-01
5.446411411411411940e+00	5.070021667301862767e-01	5.119777681846192641e-01
5.606570570570570844e+00	5.070074387320856468e-01	5.120255540155782548e-01
5.766729729729729748e+00	5.070127384523168690e-01	5.120741625892882842e-01
5.926888888888888651e+00	5.070180660364487224e-01	5.121236069920436229e-01
6.087048048048048443e+00	5.070234216308129316e-01	5.121739004794889638e-01
6.247207207207207347e+00	5.070288053825079411e-01	5.122250564773775938e-01
6.407366366366366250e+00	5.070342174394028012e-01	5.122770885822729436e-01
6.567525525525526042e+00	5.070396579501413870e-01	5.123300105621890754e-01
6.727684684684684946e+00	5.070451270641461727e-01	5.123838363571684429e-01
6.887843843843843850e+00	5.070506249316228953e-01	5.124385800797929269e-01
7.048003003003002753e+00	5.070561517035638843e-01	5.124942560156252602e-01
7.208162162162162545e+00	5.070617075317526146e-01	5.125508786235780656e-01
7.368321321321321449e+00	5.070672925687675914e-01	5.126084625362066216e-01
7.528480480480480352e+00	5.070729069679869028e-01	5.126670225599222475e-01
7.688639639639640144e+00	5.070785508835919941e-01	5.127265736751224212e-01
7.848798798798799048e+00	5.070842244705717761e-01	5.127871310362350776e-01
8.008957957957957063e+00	5.070899278847272873e-01	5.128487099716722009e-01
8.169117117117115967e+00	5.070956612826754695e-01	5.129113259836899363e-01
8.329276276276274871e+00	5.071014248218539411e-01	5.129749947481504480e-01
8.489435435435433774e+00	5.071072186605246612e-01	5.130397321141830780e-01
8.649594594594594454e+00	5.071130429577784815e-01	5.131055541037389256e-01
8.809753753753753358e+00	5.071188978735398090e-01	5.131724769110364015e-01
8.969912912912912262e+00	5.071247835685704919e-01	5.132405169018926516e-01
9.130072072072071165e+00	5.071307002044741497e-01	5.133096906129371861e-01
9.290231231231230069e+00	5.071366479437010577e-01	5.133800147507023848e-01
9.450390390390388973e+00	5.071426269495520334e-01	5.134515061905883249e-01
9.610549549549547876e+00	5.071486373861832098e-01	5.135241819756948267e-01
9.770708708708708556e+00	5.071546794186102547e-01	5.135980593155190510e-01
9.930867867867867460e+00	5.071607532127132556e-01	5.136731555845115427e-01
1.009102702702702636e+01	5.071668589352403833e-01	5.137494883204872798e-01
1.025118618618618527e+01	5.071729967538134431e-01	5.138270752228867311e-01
1.041134534534534417e+01	5.071791668369317607e-01	5.139059341508820378e-01
1.057150450450450307e+01	5.071853693539769559e-01	5.139860831213228787e-01
1.073166366366366198e+01	5.071916044752173836e-01	5.140675403065185778e-01
1.089182282282282266e+01	5.071978723718132409e-01	5.141503240318485712e-01
1.105198198198198156e+01	5.072041732158203420e-01	5.142344527731993464e-01
1.121214114114114047e+01	5.072105071801956688e-01	5.143199451542207479e-01
1.137230030030029937e+01	5.072168744388015904e-01	5.144068199433964317e-01
1.153245945945945827e+01	5.072232751664107475e-01	5.144950960509241389e-01
1.169261861861861718e+01	5.072297095387104937e-01	5.145847925254000144e-01
1.185277777777777608e+01	5.072361777323081133e-01	5.146759285503014203e-01
1.201293693693693676e+01	5.072426799247352625e-01	5.147685234402631371e-01
1.217309609609609566e+01	5.072492162944528538e-01	5.148625966371419560e-01
1.233325525525525457e+01	5.072557870208561637e-01	5.149581677058631124e-01
1.249341441441441347e+01	5.072623922842792732e-01	5.150552563300452302e-01
1.265357357357357238e+01	5.072690322660000639e-01	5.151538823073954498e-01
1.281373273273273128e+01	5.072757071482454361e-01	5.152540655448727414e-01
1.297389189189189018e+01	5.072824171141960825e-01	5.153558260536110769e-01
1.313405105105105086e+01	5.072891623479910406e-01	5.154591839435987977e-01
1.329421021021020977e+01	5.072959430347332432e-01	5.155641594181089582e-01
1.345436936936936867e+01	5.073027593604945151e-01	5.156707727678737641e-01
1.361452852852852757e+01	5.073096115123201244e-01	5.157790443650007717e-01
1.377468768768768648e+01	5.073164996782343339e-01	5.158889946566219686e-01
1.393484684684684538e+01	5.073234240472450640e-01	5.160006441582747350e-01
1.409500600600600428e+01	5.073303848093496660e-01	5.161140134470061369e-01
1.425516516516516496e+01	5.073373821555392515e-01	5.162291231541985548e-01
1.441532432432432387e+01	5.073444162778044664e-01	5.163459939581095393e-01
1.457548348348348277e+01	5.073514873691404858e-01	5.164646465761237870e-01
1.473564264264264168e+01	5.073585956235521222e-01	5.165851017567099079e-01
1.489580180180180058e+01	5.073657412360593755e-01	5.167073802710805408e-01
1.505596096096095948e+01	5.073729244027024299e-01	5.168315029045493780e-01
1.521612012012011839e+01	5.073801453205469825e-01	5.169574904475827681e-01
1.537627927927927907e+01	5.073874041876897945e-01	5.170853636865415659e-01
1.553643843843843797e+01	5.073947012032636872e-01	5.172151433941090115e-01
1.569659759759759687e+01	5.074020365674435373e-01	5.173468503194027512e-01
1.585675675675675578e+01	5.074094104814509398e-01	5.174805051777673359e-01
1.601691591591591646e+01	5.074168231475600921e-01	5.176161286402438666e-01
1.617707507507507714e+01	5.074242747691033451e-01	5.177537413227158991e-01
1.633723423423423426e+01	5.074317655504763103e-01	5.178933637747271668e-01
1.649739339339339494e+01	5.074392956971438551e-01	5.180350164679720093e-01
1.665755255255255207e+01	5.074468654156453207e-01	5.181787197844546222e-01
1.681771171171171275e+01	5.074544749136000732e-01	5.183244940043183480e-01
1.697787087087086988e+01	5.074621243997134989e-01	5.184723592933419001e-01
1.713803003003003056e+01	5.074698140837822224e-01	5.186223356901045189e-01
1.729818918918919124e+01	5.074775441766998796e-01	5.187744430928182826e-01
1.745834834834834837e+01	5.074853148904632238e-01	5.189287012458302373e-01
1.761850750750750905e+01	5.074931264381771223e-01	5.190851297257933483e-01
1.777866666666666617e+01	5.075009790340608840e-01	5.192437479275094914e-01
1.793882582582582685e+01	5.075088728934539217e-01	5.194045750494453717e-01
1.809898498498498398e+01	5.075168082328215258e-01	5.195676300789254798e-01
1.825914414414414466e+01	5.075247852697604145e-01	5.197329317770038593e-01
1.841930330330330534e+01	5.075328042230053960e-01	5.199004986630190173e-01
1.857946246246246247e+01	5.075408653124342528e-01	5.200703489988369732e-01
1.873962162162162315e+01	5.075489687590745147e-01	5.202425007727866646e-01
1.889978078078078028e+01	5.075571147851091203e-01	5.204169716832937054e-01
1.905993993993994096e+01	5.075653036138823015e-01	5.205937791222191580e-01
1.922009909909909808e+01	5.075735354699056900e-01	5.207729401579094253e-01
1.938025825825825876e+01	5.075818105788645340e-01	5.209544715179669216e-01
1.954041741741741944e+01	5.075901291676234717e-01	5.211383895717472958e-01
1.970057657657657657e+01	5.075984914642329704e-01	5.213247103125947524e-01
1.986073573573573725e+01	5.076068976979354330e-01	5.215134493398245752e-01
2.002089489489489438e+01	5.076153480991710820e-01	5.217046218404635116e-01
2.018105405405405506e+01	5.076238428995845098e-01	5.218982425707593409e-01
2.034121321321321219e+01	5.076323823320308959e-01	5.220943258374731721e-01
2.050137237237237287e+01	5.076409666305817803e-01	5.222928854789661290e-01
2.066153153153153355e+01	5.076495960305323907e-01	5.224939348460954092e-01
2.082169069069069067e+01	5.076582707684069717e-01	5.226974867829347060e-01
2.098184984984985135e+01	5.076669910819656684e-01	5.229035536073337598e-01
2.114200900900900848e+01	5.076757572102108540e-01	5.231121470913344673e-01
2.130216816816816916e+01	5.076845693933935699e-01	5.233232784414612038e-01
2.146232732732732629e+01	5.076934278730199646e-01	5.235369582789024534e-01
2.162248648648648697e+01	5.077023328918579548e-01	5.237531966196039557e-01
2.178264564564564765e+01	5.077112846939432211e-01	5.239720028542936836e-01
2.194280480480480477e+01	5.077202835245867574e-01	5.241933857284587495e-01
2.210296396396396545e+01	5.077293296303805326e-01	5.244173533222956651e-01
2.226312312312312258e+01	5.077384232592047075e-01	5.246439130306584930e-01
2.242328228228228326e+01	5.077475646602338522e-01	5.248730715430266480e-01
2.258344144144144039e+01	5.077567540839441618e-01	5.251048348235168861e-01
2.274360060060060107e+01	5.077659917821200075e-01	5.253392080909656814e-01
2.290375975975976175e+01	5.077752780078603756e-01	5.255761957991064159e-01
2.306391891891891888e+01	5.077846130155861948e-01	5.258158016168699156e-01
2.322407807807807956e+01	5.077939970610468867e-01	5.260580284088337555e-01
2.338423723723723668e+01	5.078034304013273603e-01	5.263028782158507557e-01
2.354439639639639736e+01	5.078129132948548952e-01	5.265503522358834232e-01
2.370455555555555449e+01	5.078224460014058028e-01	5.268004508050759815e-01
2.386471471471471517e+01	5.078320287821130874e-01	5.270531733790922990e-01
2.402487387387387585e+01	5.078416618994728848e-01	5.273085185147522447e-01
2.418503303303303298e+01	5.078513456173516794e-01	5.275664838519968924e-01
2.434519219219219366e+01	5.078610802009935199e-01	5.278270660962138816e-01
2.450535135135135079e+01	5.078708659170270145e-01	5.280902610009575726e-01
2.466551051051051147e+01	5.078807030334724359e-01	5.283560633510934190e-01
2.482566966966966859e+01	5.078905918197491598e-01	5.286244669464026380e-01
2.498582882882882927e+01	5.079005325466828813e-01	5.288954645856789316e-01
2.514598798798798995e+01	5.079105254865124985e-01	5.291690480513513428e-01
2.530614714714714708e+01	5.079205709128979951e-01	5.294452080946668859e-01
2.546630630630630776e+01	5.079306691009272123e-01	5.297239344214668133e-01
2.562646546546546489e+01	5.079408203271238431e-01	5.300052156785909352e-01
2.578662462462462557e+01	5.079510248694543151e-01	5.302890394409424113e-01
2.594678378378378270e+01	5.079612830073356733e-01	5.305753921992493183e-01
2.610694294294294338e+01	5.079715950216425746e-01	5.308642593485531913e-01
2.626710210210210406e+01	5.079819611947156144e-01	5.311556251774608439e-01
2.642726126126126118e+01	5.079923818103680988e-01	5.314494728581903304e-01
2.658742042042042186e+01	5.080028571538941495e-01	5.317457844374442466e-01
2.674757957957957899e+01	5.080133875120759201e-01	5.320445408281425648e-01
2.690773873873873967e+01	5.080239731731921449e-01	5.323457218020452020e-01
2.706789789789789680e+01	5.080346144270246889e-01	5.326493059832964061e-01
2.722805705705705748e+01	5.080453115648673190e-01	5.329552708429186048e-01
2.738821621621621816e+01	5.080560648795331424e-01	5.332635926942873583e-01
2.754837537537537528e+01	5.080668746653621559e-01	5.335742466896119529e-01
2.770853453453453596e+01	5.080777412182296837e-01	5.338872068174517205e-01
2.786869369369369309e+01	5.080886648355539270e-01	5.342024459012907345e-01
2.802885285285285377e+01	5.080996458163040685e-01	5.345199355991977486e-01
2.818901201201201090e+01	5.081106844610084883e-01	5.348396464045922505e-01
2.834917117117117158e+01	5.081217810717623129e-01	5.351615476481395017e-01
2.850933033033033226e+01	5.081329359522357425e-01	5.354856075007943250e-01
2.866948948948948939e+01	5.081441494076827103e-01	5.358117929780114030e-01
2.882964864864865007e+01	5.081554217449479882e-01	5.361400699451395191e-01
2.898980780780780719e+01	5.081667532724765124e-01	5.364704031240143944e-01
2.914996696696696787e+01	5.081781443003207110e-01	5.368027561007627790e-01
2.931012612612612500e+01	5.081895951401496081e-01	5.371370913348296749e-01
2.947028528528528568e+01	5.082011061052563727e-01	5.374733701692366861e-01
2.963044444444444636e+01	5.082126775105675343e-01	5.378115528420804869e-01
2.979060360360360349e+01	5.082243096726505316e-01	5.381515984992731871e-01
2.995076276276276417e+01	5.082360029097230392e-01	5.384934652085310303e-01
3.011092192192192130e+01	5.082477575416608495e-01	5.388371099746085413e-01
3.027108108108108198e+01	5.082595738900066440e-01	5.391824887557787882e-01
3.043124024024023910e+01	5.082714522779786526e-01	5.395295564815536515e-01
3.059139939939939978e+01	5.082833930304792025e-01	5.398782670716396614e-01
3.075155855855856046e+01	5.082953964741034891e-01	5.402285734561182995e-01
3.091171771771771759e+01	5.083074629371482356e-01	5.405804275968409955e-01
3.107187687687687827e+01	5.083195927496204636e-01	5.409337805100246088e-01
3.123203603603603540e+01	5.083317862432463752e-01	5.412885822900308508e-01
3.139219519519519608e+01	5.083440437514799015e-01	5.416447821343116642e-01
3.155235435435435321e+01	5.083563656095123617e-01	5.420023283694987981e-01
3.171251351351351389e+01	5.083687521542803456e-01	5.423611684786142639e-01
3.187267267267267101e+01	5.083812037244759274e-01	5.427212491293770258e-01
3.203283183183182814e+01	5.083937206605544379e-01	5.430825162035746168e-01
3.219299099099098527e+01	5.084063033047445668e-01	5.434449148274728136e-01
3.235315015015014950e+01	5.084189520010571339e-01	5.438083894032279542e-01
3.251330930930930663e+01	5.084316670952938599e-01	5.441728836412668135e-01
3.267346846846846375e+01	5.084444489350574692e-01	5.445383405935988463e-01
3.283362762762762088e+01	5.084572978697600165e-01	5.449047026880183830e-01
3.299378678678678511e+01	5.084702142506331013e-01	5.452719117631578127e-01
3.315394594594594224e+01	5.084831984307363051e-01	5.456399091043471206e-01
3.331410510510509937e+01	5.084962507649672947e-01	5.460086354802341502e-01
3.347426426426426360e+01	5.085093716100712591e-01	5.463780311801195166e-01
3.363442342342342073e+01	5.085225613246499021e-01	5.467480360519569871e-01
3.379458258258257786e+01	5.085358202691715457e-01	5.471185895409681477e-01
3.395474174174173498e+01	5.085491488059803444e-01	5.474896307288212860e-01
3.411490090090089922e+01	5.085625472993061669e-01	5.478610983733193107e-01
3.427506006006005634e+01	5.085760161152741432e-01	5.482329309485441948e-01
3.443521921921921347e+01	5.085895556219146574e-01	5.486050666854010993e-01
3.459537837837837770e+01	5.086031661891728950e-01	5.489774436125063328e-01
3.475553753753753483e+01	5.086168481889186133e-01	5.493499995973616379e-01
3.491569669669669196e+01	5.086306019949563550e-01	5.497226723877578491e-01
3.507585585585584909e+01	5.086444279830353299e-01	5.500953996533473056e-01
3.523601501501501332e+01	5.086583265308589619e-01	5.504681190273278402e-01
3.539617417417417045e+01	5.086722980180957698e-01	5.508407681481788387e-01
3.555633333333332757e+01	5.086863428263883602e-01	5.512132847013896386e-01
3.571649249249249181e+01	5.087004613393647512e-01	5.515856064611208698e-01
3.587665165165164893e+01	5.087146539426476988e-01	5.519576713317398964e-01
3.603681081081080606e+01	5.087289210238653547e-01	5.523294173891717396e-01
3.619696996996996319e+01	5.087432629726612587e-01	5.527007829220060842e-01
3.635712912912912742e+01	5.087576801807052185e-01	5.530717064723044141e-01
3.651728828828828455e+01	5.087721730417030797e-01	5.534421268760476575e-01
3.667744744744744168e+01	5.087867419514076062e-01	5.538119833031702743e-01
3.683760660660660591e+01	5.088013873076288052e-01	5.541812152971250516e-01
3.699776576576576304e+01	5.088161095102446962e-01	5.545497628139235413e-01
3.715792492492492016e+01	5.088309089612115255e-01	5.549175662606002923e-01
3.731808408408407729e+01	5.088457860645748676e-01	5.552845665330498059e-01
3.747824324324324152e+01	5.088607412264799512e-01	5.556507050531847014e-01
3.763840240240239865e+01	5.088757748551826499e-01	5.560159238053684616e-01
3.779856156156155578e+01	5.088908873610605843e-01	5.563801653720745755e-01
3.795872072072072001e+01	5.089060791566232256e-01	5.567433729687285560e-01
3.811887987987987714e+01	5.089213506565236633e-01	5.571054904776888694e-01
3.827903903903903426e+01	5.089367022775689309e-01	5.574664624813268077e-01
3.843919819819819139e+01	5.089521344387316626e-01	5.578262342941651131e-01
3.859935735735735562e+01	5.089676475611605300e-01	5.581847519940396074e-01
3.875951651651651275e+01	5.089832420681921210e-01	5.585419624522490745e-01
3.891967567567566988e+01	5.089989183853612653e-01	5.588978133626609779e-01
3.907983483483483411e+01	5.090146769404132465e-01	5.592522532697421500e-01
3.923999399399399124e+01	5.090305181633143494e-01	5.596052315954888057e-01
3.940015315315314837e+01	5.090464424862637394e-01	5.599566986652286804e-01
3.956031231231230549e+01	5.090624503437046755e-01	5.603066057322725335e-01
3.972047147147146973e+01	5.090785421723359461e-01	5.606549050013964752e-01
3.988063063063062685e+01	5.090947184111236368e-01	5.610015496511348010e-01
4.004078978978978398e+01	5.091109795013124550e-01	5.613464938548684557e-01
4.020094894894894821e+01	5.091273258864374984e-01	5.616896928006972489e-01
4.036110810810810534e+01	5.091437580123363560e-01	5.620311027100828305e-01
4.052126726726726247e+01	5.091602763271600995e-01	5.623706808552564329e-01
4.068142642642641960e+01	5.091768812813858291e-01	5.627083855753837183e-01
4.084158558558558383e+01	5.091935733278281084e-01	5.630441762914840664e-01
4.100174474474474096e+01	5.092103529216513991e-01	5.633780135201028605e-01
4.116190390390389808e+01	5.092272205203813851e-01	5.637098588857378800e-01
4.132206306306306232e+01	5.092441765839177403e-01	5.640396751320227997e-01
4.148222222222221944e+01	5.092612215745460080e-01	5.643674261316735663e-01
4.164238138138137657e+01	5.092783559569493690e-01	5.646930768952052038e-01
4.180254054054053370e+01	5.092955801982216313e-01	5.650165935784278171e-01
4.196269969969969793e+01	5.093128947678791096e-01	5.653379434887355615e-01
4.212285885885885506e+01	5.093303001378729489e-01	5.656570950901991246e-01
4.228301801801801219e+01	5.093477967826016695e-01	5.659740180074795957e-01
4.244317717717717642e+01	5.093653851789239351e-01	5.662886830285795980e-01
4.260333633633633355e+01	5.093830658061706540e-01	5.666010621064505592e-01
4.276349549549549067e+01	5.094008391461576357e-01	5.669111283594771011e-01
4.292365465465464780e+01	5.094187056831988025e-01	5.672188560708598670e-01
4.308381381381381203e+01	5.094366659041184020e-01	5.675242206869202111e-01
4.324397297297296916e+01	5.094547202982637746e-01	5.678271988143517301e-01
4.340413213213212629e+01	5.094728693575187872e-01	5.681277682164439513e-01
4.356429129129129052e+01	5.094911135763161569e-01	5.684259078083063743e-01
4.372445045045044765e+01	5.095094534516508844e-01	5.687215976511192927e-01
4.388460960960960477e+01	5.095278894830929106e-01	5.690148189454418137e-01
4.404476876876876190e+01	5.095464221728007725e-01	5.693055540236069412e-01
4.420492792792792613e+01	5.095650520255341487e-01	5.695937863412333657e-01
4.436508708708708326e+01	5.095837795486676258e-01	5.698795004678862686e-01
4.452524624624624039e+01	5.096026052522040217e-01	5.701626820769200021e-01
4.468540540540540462e+01	5.096215296487872637e-01	5.704433179345327343e-01
4.484556456456456175e+01	5.096405532537164884e-01	5.707213958880688054e-01
4.500572372372371888e+01	5.096596765849590316e-01	5.709969048535997738e-01
4.516588288288287600e+01	5.096789001631643057e-01	5.712698348028197870e-01
4.532604204204204024e+01	5.096982245116774557e-01	5.715401767492870322e-01
4.548620120120119736e+01	5.097176501565530149e-01	5.718079227340472359e-01
4.564636036036035449e+01	5.097371776265683385e-01	5.720730658106709665e-01
4.580651951951951872e+01	5.097568074532383697e-01	5.723356000297404877e-01
4.596667867867867585e+01	5.097765401708285182e-01	5.725955204228184714e-01
4.612683783783783298e+01	5.097963763163693152e-01	5.728528229859333187e-01
4.628699699699699011e+01	5.098163164296702909e-01	5.731075046626128433e-01
4.644715615615615434e+01	5.098363610533340751e-01	5.733595633265016200e-01
4.660731531531531147e+01	5.098565107327706070e-01	5.736089977635921988e-01
4.676747447447446859e+01	5.098767660162113469e-01	5.738558076541040442e-01
4.692763363363363283e+01	5.098971274547238197e-01	5.740999935540411769e-01
4.708779279279278995e+01	5.099175956022256040e-01	5.743415568764602686e-01
4.724795195195194708e+01	5.099381710154993197e-01	5.745804998724797219e-01
4.740811111111110421e+01	5.099588542542069503e-01	5.748168256120589348e-01
4.756827027027026844e+01	5.099796458809041644e-01	5.750505379645789450e-01
4.772842942942942557e+01	5.100005464610555261e-01	5.752816415792513238e-01
4.788858858858858270e+01	5.100215565630489278e-01	5.755101418653852940e-01
4.804874774774774693e+01	5.100426767582106891e-01	5.757360449725378304e-01
4.820890690690690406e+01	5.100639076208198786e-01	5.759593577705763856e-01
4.836906606606606118e+01	5.100852497281240794e-01	5.761800878296770012e-01
4.852922522522521831e+01	5.101067036603538218e-01	5.763982434002848931e-01
4.868938438438438254e+01	5.101282700007380155e-01	5.766138333930611592e-01
4.884954354354353967e+01	5.101499493355191595e-01	5.768268673588372586e-01
4.900970270270269680e+01	5.101717422539683300e-01	5.770373554686030193e-01
4.916986186186186103e+01	5.101936493484010571e-01	5.772453084935453838e-01
4.933002102102101816e+01	5.102156712141918682e-01	5.774507377851633150e-01
4.949018018018017528e+01	5.102378084497908306e-01	5.776536552554750736e-01
4.965033933933933241e+01	5.102600616567385394e-01	5.778540733573378496e-01
4.981049849849849664e+01	5.102824314396814387e-01	5.780520050648993990e-01
4.997065765765765377e+01	5.103049184063884747e-01	5.782474638541964529e-01
5.013081681681681090e+01	5.103275231677659729e-01	5.784404636839179936e-01
5.029097597597597513e+01	5.103502463378740694e-01	5.786310189763483880e-01
5.045113513513513226e+01	5.103730885339425871e-01	5.788191445985049199e-01
5.061129429429428939e+01	5.103960503763868006e-01	5.790048558434832682e-01
5.077145345345344651e+01	5.104191324888237569e-01	5.791881684120251395e-01
5.093161261261261075e+01	5.104423354980885952e-01	5.793690983943183825e-01
5.109177177177176787e+01	5.104656600342502015e-01	5.795476622520425725e-01
5.125193093093092500e+01	5.104891067306284169e-01	5.797238768006696130e-01
5.141209009009008923e+01	5.105126762238099136e-01	5.798977591920296826e-01
5.157224924924924636e+01	5.105363691536646265e-01	5.800693268971512939e-01
5.173240840840840349e+01	5.105601861633627392e-01	5.802385976893840169e-01
5.189256756756756062e+01	5.105841278993908938e-01	5.804055896278107474e-01
5.205272672672672485e+01	5.106081950115692880e-01	5.805703210409578485e-01
5.221288588588588198e+01	5.106323881530683284e-01	5.807328105108073846e-01
5.237304504504503910e+01	5.106567079804256171e-01	5.808930768571189951e-01
5.253320420420420334e+01	5.106811551535626048e-01	5.810511391220642974e-01
5.269336336336336046e+01	5.107057303358021327e-01	5.812070165551799228e-01
5.285352252252251759e+01	5.107304341938855297e-01	5.813607285986414075e-01
5.301368168168167472e+01	5.107552673979892655e-01	5.815122948728621566e-01
5.317384084084083895e+01	5.107802306217430477e-01	5.816617351624192578e-01
5.333399999999999608e+01	5.108053245422465860e-01	5.818090694023074771e-01
5.349415915915915321e+01	5.108305498400874667e-01	5.819543176645255445e-01
5.365431831831831744e+01	5.108559071993583611e-01	5.820975001449923969e-01
5.381447747747747457e+01	5.108813973076752335e-01	5.822386371507960456e-01
5.397463663663663169e+01	5.109070208561944382e-01	5.823777490877741769e-01
5.413479579579578882e+01	5.109327785396308164e-01	5.825148564484271541e-01
5.429495495495495305e+01	5.109586710562757927e-01	5.826499798001609776e-01
5.445511411411411018e+01	5.109846991080148060e-01	5.827831397738605368e-01
5.461527327327326731e+01	5.110108634003461825e-01	5.829143570527911544e-01
5.477543243243243154e+01	5.110371646423983449e-01	5.830436523618262035e-01
5.493559159159158867e+01	5.110636035469490190e-01	5.831710464569986874e-01
5.509575075075074579e+01	5.110901808304428862e-01	5.832965601153750068e-01
5.525590990990990292e+01	5.111168972130100130e-01	5.834202141252470275e-01
5.541606906906906715e+01	5.111437534184849474e-01	5.835420292766398953e-01
5.557622822822822428e+01	5.111707501744245929e-01	5.836620263521327123e-01
5.573638738738738141e+01	5.111978882121275269e-01	5.837802261179872998e-01
5.589654654654654564e+01	5.112251682666520969e-01	5.838966493155828275e-01
5.605670570570570277e+01	5.112525910768359605e-01	5.840113166531513134e-01
5.621686486486485990e+01	5.112801573853146264e-01	5.841242487978093312e-01
5.637702402402401702e+01	5.113078679385406611e-01	5.842354663678829274e-01
5.653718318318318126e+01	5.113357234868024515e-01	5.843449899255213076e-01
5.669734234234233838e+01	5.113637247842440781e-01	5.844528399695921861e-01
5.685750150150149551e+01	5.113918725888841887e-01	5.845590369288574673e-01
5.701766066066065974e+01	5.114201676626353166e-01	5.846636011554219303e-01
5.717781981981981687e+01	5.114486107713237528e-01	5.847665529184506994e-01
5.733797897897897400e+01	5.114772026847088648e-01	5.848679123981515016e-01
5.749813813813813113e+01	5.115059441765028581e-01	5.849676996800134976e-01
5.765829729729729536e+01	5.115348360243903159e-01	5.850659347493023521e-01
5.781845645645645249e+01	5.115638790100487387e-01	5.851626374858005519e-01
5.797861561561560961e+01	5.115930739191676402e-01	5.852578276587929729e-01
5.813877477477477385e+01	5.116224215414690857e-01	5.853515249222884798e-01
5.829893393393393097e+01	5.116519226707278989e-01	5.854437488104742293e-01
5.845909309309308810e+01	5.116815781047917566e-01	5.855345187333969026e-01
5.861925225225224523e+01	5.117113886456013949e-01	5.856238539728653159e-01
5.877941141141140946e+01	5.117413550992113702e-01	5.857117736785683038e-01
5.893957057057056659e+01	5.117714782758103764e-01	5.857982968644044330e-01
5.909972972972972372e+01	5.118017589897416730e-01	5.858834424050156642e-01
5.925988888888888795e+01	5.118321980595244014e-01	5.859672290325226296e-01
5.942004804804804508e+01	5.118627963078737908e-01	5.860496753334526465e-01
5.958020720720720220e+01	5.118935545617224747e-01	5.861307997458580221e-01
5.974036636636635933e+01	5.119244736522413630e-01	5.862106205566188777e-01
5.990052552552552356e+01	5.119555544148607362e-01	5.862891558989239416e-01
6.006068468468468069e+01	5.119867976892913397e-01	5.863664237499253140e-01
6.022084384384383782e+01	5.120182043195461441e-01	5.864424419285623191e-01
6.038100300300300205e+01	5.120497751539611064e-01	5.865172280935485594e-01
6.054116216216215918e+01	5.120815110452173746e-01	5.865907997415177322e-01
6.070132132132131630e+01	5.121134128503623817e-01	5.866631742053225462e-01
6.086148048048047343e+01	5.121454814308317172e-01	5.867343686524839619e-01
6.102163963963963766e+01	5.121777176524709985e-01	5.868044000837826513e-01
6.118179879879879479e+01	5.122101223855578533e-01	5.868732853319913456e-01
6.134195795795795192e+01	5.122426965048235692e-01	5.869410410607409645e-01
6.150211711711711615e+01	5.122754408894758527e-01	5.870076837635174183e-01
6.166227627627627328e+01	5.123083564232202569e-01	5.870732297627839769e-01
6.182243543543543041e+01	5.123414439942832743e-01	5.871376952092252077e-01
6.198259459459458753e+01	5.123747044954343188e-01	5.872010960811070435e-01
6.214275375375375177e+01	5.124081388240082635e-01	5.872634481837510911e-01
6.230291291291290889e+01	5.124417478819284222e-01	5.873247671491159672e-01
6.246307207207206602e+01	5.124755325757286428e-01	5.873850684354848806e-01
6.262323123123122315e+01	5.125094938165769554e-01	5.874443673272520261e-01
6.278339039039038738e+01	5.125436325202979981e-01	5.875026789348073430e-01
6.294354954954954451e+01	5.125779496073961106e-01	5.875600181945130895e-01
6.310370870870870164e+01	5.126124460030787588e-01	5.876163998687702339e-01
6.326386786786786587e+01	5.126471226372795176e-01	5.876718385461697780e-01
6.342402702702702300e+01	5.126819804446817175e-01	5.877263486417272365e-01
6.358418618618618012e+01	5.127170203647415381e-01	5.877799443971943871e-01
6.374434534534533725e+01	5.127522433417122105e-01	5.878326398814469611e-01
6.390450450450450148e+01	5.127876503246671103e-01	5.878844489909442750e-01
6.406466366366366572e+01	5.128232422675239599e-01	5.879353854502571419e-01
6.422482282282282995e+01	5.128590201290685879e-01	5.879854628126621741e-01
6.438498198198197997e+01	5.128949848729789096e-01	5.880346944607977022e-01
6.454514114114114420e+01	5.129311374678493518e-01	5.880830936073798698e-01
6.470530030030030844e+01	5.129674788872146118e-01	5.881306732959756811e-01
6.486545945945945846e+01	5.130040101095745264e-01	5.881774464018292292e-01
6.502561861861862269e+01	5.130407321184183855e-01	5.882234256327403266e-01
6.518577777777778692e+01	5.130776459022491354e-01	5.882686235299904309e-01
6.534593693693693695e+01	5.131147524546089134e-01	5.883130524693158669e-01
6.550609609609610118e+01	5.131520527741028070e-01	5.883567246619240132e-01
6.566625525525525120e+01	5.131895478644247222e-01	5.883996521555503456e-01
6.582641441441441543e+01	5.132272387343818076e-01	5.884418468355557819e-01
6.598657357357357967e+01	5.132651263979198797e-01	5.884833204260586648e-01
6.614673273273272969e+01	5.133032118741486238e-01	5.885240844911027169e-01
6.630689189189189392e+01	5.133414961873667970e-01	5.885641504358568588e-01
6.646705105105105815e+01	5.133799803670882067e-01	5.886035295078452245e-01
6.662721021021020817e+01	5.134186654480666911e-01	5.886422327982053782e-01
6.678736936936937241e+01	5.134575524703224314e-01	5.886802712429731743e-01
6.694752852852853664e+01	5.134966424791673756e-01	5.887176556243920444e-01
6.710768768768768666e+01	5.135359365252312180e-01	5.887543965722454864e-01
6.726784684684685089e+01	5.135754356644878227e-01	5.887905045652097602e-01
6.742800600600601513e+01	5.136151409582810912e-01	5.888259899322265678e-01
6.758816516516516515e+01	5.136550534733512752e-01	5.888608628538938294e-01
6.774832432432432938e+01	5.136951742818615108e-01	5.888951333638717811e-01
6.790848348348347940e+01	5.137355044614245747e-01	5.889288113503049482e-01
6.806864264264264364e+01	5.137760450951290858e-01	5.889619065572563317e-01
6.822880180180180787e+01	5.138167972715665943e-01	5.889944285861548057e-01
6.838896096096095789e+01	5.138577620848585603e-01	5.890263868972521744e-01
6.854912012012012212e+01	5.138989406346828881e-01	5.890577908110899985e-01
6.870927927927928636e+01	5.139403340263016817e-01	5.890886495099744158e-01
6.886943843843843638e+01	5.139819433705883345e-01	5.891189720394585105e-01
6.902959759759760061e+01	5.140237697840547293e-01	5.891487673098297906e-01
6.918975675675676484e+01	5.140658143888786613e-01	5.891780440976028821e-01
6.934991591591591487e+01	5.141080783129321485e-01	5.892068110470158881e-01
6.951007507507507910e+01	5.141505626898081882e-01	5.892350766715293009e-01
6.967023423423424333e+01	5.141932686588494006e-01	5.892628493553274671e-01
6.983039339339339335e+01	5.142361973651758955e-01	5.892901373548194988e-01
6.999055255255255759e+01	5.142793499597130280e-01	5.893169488001421819e-01
7.015071171171170761e+01	5.143227275992202641e-01	5.893432916966599988e-01
7.031087087087087184e+01	5.143663314463188252e-01	5.893691739264653728e-01
7.047103003003003607e+01	5.144101626695207763e-01	5.893946032498752485e-01
7.063118918918918610e+01	5.144542224432574473e-01	5.894195873069255631e-01
7.079134834834835033e+01	5.144985119479082991e-01	5.894441336188611658e-01
7.095150750750751456e+01	5.145430323698293451e-01	5.894682495896217400e-01
7.111166666666666458e+01	5.145877849013829053e-01	5.894919425073229524e-01
7.127182582582582882e+01	5.146327707409660279e-01	5.895152195457312727e-01
7.143198498498499305e+01	5.146779910930404656e-01	5.895380877657333540e-01
7.159214414414414307e+01	5.147234471681612078e-01	5.895605541167981967e-01
7.175230330330330730e+01	5.147691401830066793e-01	5.895826254384323173e-01
7.191246246246247154e+01	5.148150713604083828e-01	5.896043084616270358e-01
7.207262162162162156e+01	5.148612419293800979e-01	5.896256098102978793e-01
7.223278078078078579e+01	5.149076531251484123e-01	5.896465360027154379e-01
7.239293993993993581e+01	5.149543061891823648e-01	5.896670934529266717e-01
7.255309909909910004e+01	5.150012023692238650e-01	5.896872884721677810e-01
7.271325825825826428e+01	5.150483429193178919e-01	5.897071272702667510e-01
7.287341741741741430e+01	5.150957290998428029e-01	5.897266159570355715e-01
7.303357657657657853e+01	5.151433621775411975e-01	5.897457605436534633e-01
7.319373573573574276e+01	5.151912434255502271e-01	5.897645669440376714e-01
7.335389489489489279e+01	5.152393741234329028e-01	5.897830409762045978e-01
7.351405405405405702e+01	5.152877555572085155e-01	5.898011883636196107e-01
7.367421321321322125e+01	5.153363890193841668e-01	5.898190147365348635e-01
7.383437237237237127e+01	5.153852758089857433e-01	5.898365256333162332e-01
7.399453153153153551e+01	5.154344172315893369e-01	5.898537265017578246e-01
7.415469069069069974e+01	5.154838145993531073e-01	5.898706227003851499e-01
7.431484984984984976e+01	5.155334692310481470e-01	5.898872194997455409e-01
7.447500900900901399e+01	5.155833824520910103e-01	5.899035220836861271e-01
7.463516816816816402e+01	5.156335555945752436e-01	5.899195355506205996e-01
7.479532732732732825e+01	5.156839899973031383e-01	5.899352649147814320e-01
7.495548648648649248e+01	5.157346870058189259e-01	5.899507151074614431e-01
7.511564564564564250e+01	5.157856479724398646e-01	5.899658909782407035e-01
7.527580480480480674e+01	5.158368742562894349e-01	5.899807972962022307e-01
7.543596396396397097e+01	5.158883672233298689e-01	5.899954387511334719e-01
7.559612312312312099e+01	5.159401282463946803e-01	5.900098199547152422e-01
7.575628228228228522e+01	5.159921587052215264e-01	5.900239454416981166e-01
7.591644144144144946e+01	5.160444599864854043e-01	5.900378196710642786e-01
7.607660060060059948e+01	5.160970334838318463e-01	5.900514470271779333e-01
7.623675975975976371e+01	5.161498805979097826e-01	5.900648318209212873e-01
7.639691891891892794e+01	5.162030027364054030e-01	5.900779782908177618e-01
7.655707807807807797e+01	5.162564013140755748e-01	5.900908906041422153e-01
7.671723723723724220e+01	5.163100777527817042e-01	5.901035728580176221e-01
7.687739639639639222e+01	5.163640334815230437e-01	5.901160290804985387e-01
7.703755555555555645e+01	5.164182699364714413e-01	5.901282632316419141e-01
7.719771471471472069e+01	5.164727885610049807e-01	5.901402792045638002e-01
7.735787387387387071e+01	5.165275908057423981e-01	5.901520808264839602e-01
7.751803303303303494e+01	5.165826781285774993e-01	5.901636718597569331e-01
7.767819219219219917e+01	5.166380519947136873e-01	5.901750560028894421e-01
7.783835135135134919e+01	5.166937138766989346e-01	5.901862368915461454e-01
7.799851051051051343e+01	5.167496652544600888e-01	5.901972180995411765e-01
7.815866966966967766e+01	5.168059076153384002e-01	5.902080031398172499e-01
7.831882882882882768e+01	5.168624424541243823e-01	5.902185954654122213e-01
7.847898798798799191e+01	5.169192712730931172e-01	5.902289984704126580e-01
7.863914714714715615e+01	5.169763955820400048e-01	5.902392154908940869e-01
7.879930630630630617e+01	5.170338168983156235e-01	5.902492498058498072e-01
7.895946546546547040e+01	5.170915367468623680e-01	5.902591046381063800e-01
7.911962462462462042e+01	5.171495566602496430e-01	5.902687831552265729e-01
7.927978378378378466e+01	5.172078781787101676e-01	5.902782884704005362e-01
7.943994294294294889e+01	5.172665028501759465e-01	5.902876236433238777e-01
7.960010210210209891e+01	5.173254322303150188e-01	5.902967916810641924e-01
7.976026126126126314e+01	5.173846678825672063e-01	5.903057955389156009e-01
7.992042042042042738e+01	5.174442113781814179e-01	5.903146381212402982e-01
8.008057957957957740e+01	5.175040642962522863e-01	5.903233222822993342e-01
8.024073873873874163e+01	5.175642282237563618e-01	5.903318508270706255e-01
8.040089789789790586e+01	5.176247047555903036e-01	5.903402265120563097e-01
8.056105705705705589e+01	5.176854954946072951e-01	5.903484520460775542e-01
8.072121621621622012e+01	5.177466020516544587e-01	5.903565300910578184e-01
8.088137537537538435e+01	5.178080260456107142e-01	5.903644632627962352e-01
8.104153453453453437e+01	5.178697691034241934e-01	5.903722541317273365e-01
8.120169369369369861e+01	5.179318328601503207e-01	5.903799052236716749e-01
8.136185285285284863e+01	5.179942189589890056e-01	5.903874190205746775e-01
8.152201201201201286e+01	5.180569290513240555e-01	5.903947979612336194e-01
8.168217117117117709e+01	5.181199647967599242e-01	5.904020444420157165e-01
8.184233033033032712e+01	5.181833278631615691e-01	5.904091608175634498e-01
8.200248948948949135e+01	5.182470199266919764e-01	5.904161494014911193e-01
8.216264864864865558e+01	5.183110426718514629e-01	5.904230124670691859e-01
8.232280780780780560e+01	5.183753977915160904e-01	5.904297522478998417e-01
8.248296696696696984e+01	5.184400869869772999e-01	5.904363709385810344e-01
8.264312612612613407e+01	5.185051119679805476e-01	5.904428706953613881e-01
8.280328528528528409e+01	5.185704744527648291e-01	5.904492536367842437e-01
8.296344444444444832e+01	5.186361761681023141e-01	5.904555218443222619e-01
8.312360360360359834e+01	5.187022188493379815e-01	5.904616773630027016e-01
8.328376276276276258e+01	5.187686042404291431e-01	5.904677222020214833e-01
8.344392192192192681e+01	5.188353340939855229e-01	5.904736583353498158e-01
8.360408108108107683e+01	5.189024101713096693e-01	5.904794877023294974e-01
8.376424024024024106e+01	5.189698342424368116e-01	5.904852122082603350e-01
8.392439939939940530e+01	5.190376080861754948e-01	5.904908337249773487e-01
8.408455855855855532e+01	5.191057334901482134e-01	5.904963540914192066e-01
8.424471771771771955e+01	5.191742122508320456e-01	5.905017751141883320e-01
8.440487687687688378e+01	5.192430461735995095e-01	5.905070985681010187e-01
8.456503603603603381e+01	5.193122370727597525e-01	5.905123261967298864e-01
8.472519519519519804e+01	5.193817867715996295e-01	5.905174597129370095e-01
8.488535435435436227e+01	5.194516971024252250e-01	5.905225007993986086e-01
8.504551351351351229e+01	5.195219699066032648e-01	5.905274511091220813e-01
8.520567267267267653e+01	5.195926070346028602e-01	5.905323122659535962e-01
8.536583183183182655e+01	5.196636103460371414e-01	5.905370858650783594e-01
8.552599099099099078e+01	5.197349817097057789e-01	5.905417734735129986e-01
8.568615015015015501e+01	5.198067230036365061e-01	5.905463766305888429e-01
8.584630930930930504e+01	5.198788361151278625e-01	5.905508968484285415e-01
8.600646846846846927e+01	5.199513229407917159e-01	5.905553356124146891e-01
8.616662762762763350e+01	5.200241853865954500e-01	5.905596943816502353e-01
8.632678678678678352e+01	5.200974253679051529e-01	5.905639745894124548e-01
8.648694594594594776e+01	5.201710448095288042e-01	5.905681776435982577e-01
8.664710510510511199e+01	5.202450456457584638e-01	5.905723049271630609e-01
8.680726426426426201e+01	5.203194298204146806e-01	5.905763577985526647e-01
8.696742342342342624e+01	5.203941992868892363e-01	5.905803375921269138e-01
8.712758258258259048e+01	5.204693560081889991e-01	5.905842456185774747e-01
8.728774174174174050e+01	5.205449019569793334e-01	5.905880831653386176e-01
8.744790090090090473e+01	5.206208391156287307e-01	5.905918514969902278e-01
8.760806006006005475e+01	5.206971694762522196e-01	5.905955518556553763e-01
8.776821921921921899e+01	5.207738950407557743e-01	5.905991854613906744e-01
8.792837837837838322e+01	5.208510178208809460e-01	5.906027535125700778e-01
8.808853753753753324e+01	5.209285398382493826e-01	5.906062571862624733e-01
8.824869669669669747e+01	5.210064631244074596e-01	5.906096976386031594e-01
8.840885585585586171e+01	5.210847897208708002e-01	5.906130760051586659e-01
8.856901501501501173e+01	5.211635216791702385e-01	5.906163934012861327e-01
8.872917417417417596e+01	5.212426610608963395e-01	5.906196509224856950e-01
8.888933333333334019e+01	5.213222099377446961e-01	5.906228496447478715e-01
8.904949249249249021e+01	5.214021703915620032e-01	5.906259906248945146e-01
8.920965165165165445e+01	5.214825445143915772e-01	5.906290749009149854e-01
8.936981081081081868e+01	5.215633344085188750e-01	5.906321034922947799e-01
8.952996996996996870e+01	5.216445421865180121e-01	5.906350774003409354e-01
8.969012912912913293e+01	5.217261699712973932e-01	5.906379976084998873e-01
8.985028828828828296e+01	5.218082198961467855e-01	5.906408650826713291e-01
9.001044744744744719e+01	5.218906941047832815e-01	5.906436807715164106e-01
9.017060660660661142e+01	5.219735947513981511e-01	5.906464456067599400e-01
9.033076576576576144e+01	5.220569240007036926e-01	5.906491605034884795e-01
9.049092492492492568e+01	5.221406840279803063e-01	5.906518263604432217e-01
9.065108408408408991e+01	5.222248770191234568e-01	5.906544440603068713e-01
9.081124324324323993e+01	5.223095051706911907e-01	5.906570144699873071e-01
9.097140240240240416e+01	5.223945706899518759e-01	5.906595384408945826e-01
9.113156156156156840e+01	5.224800757949310537e-01	5.906620168092145962e-01
9.129172072072071842e+01	5.225660227144602876e-01	5.906644503961776538e-01
9.145187987987988265e+01	5.226524136882242377e-01	5.906668400083220360e-01
9.161203903903904688e+01	5.227392509668095100e-01	5.906691864377533463e-01
9.177219819819819691e+01	5.228265368117525069e-01	5.906714904623995288e-01
9.193235735735736114e+01	5.229142734955881666e-01	5.906737528462617792e-01
9.209251651651651116e+01	5.230024633018985902e-01	5.906759743396597928e-01
9.225267567567567539e+01	5.230911085253615589e-01	5.906781556794747923e-01
9.241283483483483963e+01	5.231802114717998275e-01	5.906802975893865604e-01
9.257299399399398965e+01	5.232697744582300858e-01	5.906824007801074750e-01
9.273315315315315388e+01	5.233597998129123630e-01	5.906844659496121031e-01
9.289331231231231811e+01	5.234502898753995437e-01	5.906864937833629092e-01
9.305347147147146813e+01	5.235412469965864402e-01	5.906884849545320781e-01
9.321363063063063237e+01	5.236326735387604181e-01	5.906904401242192293e-01
9.337378978978979660e+01	5.237245718756506907e-01	5.906923599416660231e-01
9.353394894894894662e+01	5.238169443924786117e-01	5.906942450444659931e-01
9.369410810810811086e+01	5.239097934860081907e-01	5.906960960587720466e-01
9.385426726726727509e+01	5.240031215645961638e-01	5.906979135994990804e-01
9.401442642642642511e+01	5.240969310482426202e-01	5.906996982705239319e-01
9.417458558558558934e+01	5.241912243686420725e-01	5.907014506648815555e-01
9.433474474474473936e+01	5.242860039692339713e-01	5.907031713649577576e-01
9.449490390390390360e+01	5.243812723052541092e-01	5.907048609426784891e-01
9.465506306306306783e+01	5.244770318437856904e-01	5.907065199596964744e-01
9.481522222222221785e+01	5.245732850638106237e-01	5.907081489675731767e-01
9.497538138138138208e+01	5.246700344562614804e-01	5.907097485079594312e-01
9.513554054054054632e+01	5.247672825240727867e-01	5.907113191127713048e-01
9.529569969969969634e+01	5.248650317822328715e-01	5.907128613043636234e-01
9.545585885885886057e+01	5.249632847578366013e-01	5.907143755957009468e-01
9.561601801801802480e+01	5.250620439901365621e-01	5.907158624905241018e-01
9.577617717717717483e+01	5.251613120305963500e-01	5.907173224835154945e-01
9.593633633633633906e+01	5.252610914429424183e-01	5.907187560604599819e-01
9.609649549549550329e+01	5.253613848032171463e-01	5.907201636984042992e-01
9.625665465465465331e+01	5.254621946998315751e-01	5.907215458658126028e-01
9.641681381381381755e+01	5.255635237336182541e-01	5.907229030227197919e-01
9.657697297297296757e+01	5.256653745178847537e-01	5.907242356208822764e-01
9.673713213213213180e+01	5.257677496784665117e-01	5.907255441039254151e-01
9.689729129129129603e+01	5.258706518537806796e-01	5.907268289074892875e-01
9.705745045045044606e+01	5.259740836948795240e-01	5.907280904593713577e-01
9.721760960960961029e+01	5.260780478655046055e-01	5.907293291796661405e-01
9.737776876876877452e+01	5.261825470421399586e-01	5.907305454809037570e-01
9.753792792792792454e+01	5.262875839140669365e-01	5.907317397681846050e-01
9.769808708708708878e+01	5.263931611834180568e-01	5.907329124393128073e-01
9.785824624624625301e+01	5.264992815652318470e-01	5.907340638849263303e-01
9.801840540540540303e+01	5.266059477875065786e-01	5.907351944886254369e-01
9.817856456456456726e+01	5.267131625912560011e-01	5.907363046270989182e-01
9.833872372372373150e+01	5.268209287305632982e-01	5.907373946702473289e-01
9.849888288288288152e+01	5.269292489726368212e-01	5.907384649813054445e-01
9.865904204204204575e+01	5.270381260978648230e-01	5.907395159169606114e-01
9.881920120120119577e+01	5.271475628998710805e-01	5.907405478274709854e-01
9.897936036036036000e+01	5.272575621855700723e-01	5.907415610567803288e-01
9.913951951951952424e+01	5.273681267752228230e-01	5.907425559426313644e-01
9.929967867867867426e+01	5.274792595024927477e-01	5.907435328166769084e-01
9.945983783783783849e+01	5.275909632145013850e-01	5.907444920045890058e-01
9.961999699699700273e+01	5.277032407718846851e-01	5.907454338261665105e-01
9.978015615615615275e+01	5.278160950488489656e-01	5.907463585954400020e-01
9.994031531531531698e+01	5.279295289332275321e-01	5.907472666207758127e-01
1.001004744744744812e+02	5.280435453265374113e-01	5.907481582049773916e-01
1.002606336336336312e+02	5.281581471440354170e-01	5.907490336453851132e-01
1.004207927927927955e+02	5.282733373147753264e-01	5.907498932339745323e-01
1.005809519519519597e+02	5.283891187816651680e-01	5.907507372574529736e-01
1.007411111111111097e+02	5.285054945015236205e-01	5.907515659973534561e-01
1.009012702702702740e+02	5.286224674451380778e-01	5.907523797301283963e-01
1.010614294294294240e+02	5.287400405973211592e-01	5.907531787272402024e-01
1.012215885885885882e+02	5.288582169569693292e-01	5.907539632552515352e-01
1.013817477477477524e+02	5.289769995371194078e-01	5.907547335759132379e-01
1.015419069069069025e+02	5.290963913650073014e-01	5.907554899462504894e-01
1.017020660660660667e+02	5.292163954821257343e-01	5.907562326186481805e-01
1.018622252252252309e+02	5.293370149442819805e-01	5.907569618409341805e-01
1.020223843843843810e+02	5.294582528216569273e-01	5.907576778564612718e-01
1.021825435435435452e+02	5.295801121988623628e-01	5.907583809041876410e-01
1.023427027027027094e+02	5.297025961750004841e-01	5.907590712187560378e-01
1.025028618618618594e+02	5.298257078637221840e-01	5.907597490305713794e-01
1.026630210210210237e+02	5.299494503932855594e-01	5.907604145658769124e-01
1.028231801801801879e+02	5.300738269066154196e-01	5.907610680468290409e-01
1.029833393393393379e+02	5.301988405613620170e-01	5.907617096915712684e-01
1.031434984984985022e+02	5.303244945299599999e-01	5.907623397143061394e-01
1.033036576576576522e+02	5.304507919996884757e-01	5.907629583253661831e-01
1.034638168168168164e+02	5.305777361727296304e-01	5.907635657312836353e-01
1.036239759759759806e+02	5.307053302662290140e-01	5.907641621348589389e-01
1.037841351351351307e+02	5.308335775123548261e-01	5.907647477352280241e-01
1.039442942942942949e+02	5.309624811583578685e-01	5.907653227279280328e-01
1.041044534534534591e+02	5.310920444666316076e-01	5.907658873049624892e-01
1.042646126126126092e+02	5.312222707147722378e-01	5.907664416548646935e-01
1.044247717717717734e+02	5.313531631956389667e-01	5.907669859627602271e-01
1.045849309309309376e+02	5.314847252174140779e-01	5.907675204104290145e-01
1.047450900900900876e+02	5.316169601036638825e-01	5.907680451763644980e-01
1.049052492492492519e+02	5.317498711933986710e-01	5.907685604358337006e-01
1.050654084084084161e+02	5.318834618411342197e-01	5.907690663609355131e-01
1.052255675675675661e+02	5.320177354169518535e-01	5.907695631206568709e-01
1.053857267267267304e+02	5.321526953065598420e-01	5.907700508809299311e-01
1.055458858858858804e+02	5.322883449113544607e-01	5.907705298046863618e-01
1.057060450450450446e+02	5.324246876484807212e-01	5.907710000519121873e-01
1.058662042042042088e+02	5.325617269508944318e-01	5.907714617796999690e-01
1.060263633633633589e+02	5.326994662674229275e-01	5.907719151423020953e-01
1.061865225225225231e+02	5.328379090628266868e-01	5.907723602911809646e-01
1.063466816816816873e+02	5.329770588178613933e-01	5.907727973750600547e-01
1.065068408408408374e+02	5.331169190293389981e-01	5.907732265399731064e-01
1.066670000000000016e+02	5.332574932101902254e-01	5.907736479293125287e-01
1.068271591591591658e+02	5.333987848895259676e-01	5.907740616838772496e-01
1.069873183183183158e+02	5.335407976126996799e-01	5.907744679419193456e-01
1.071474774774774801e+02	5.336835349413694418e-01	5.907748668391903379e-01
1.073076366366366443e+02	5.338270004535599078e-01	5.907752585089858233e-01
1.074677957957957943e+02	5.339711977437251456e-01	5.907756430821902160e-01
1.076279549549549586e+02	5.341161304228108087e-01	5.907760206873200470e-01
1.077881141141141086e+02	5.342618021183165311e-01	5.907763914505669289e-01
1.079482732732732728e+02	5.344082164743589880e-01	5.907767554958394118e-01
1.081084324324324371e+02	5.345553771517341790e-01	5.907771129448039504e-01
1.082685915915915871e+02	5.347032878279803780e-01	5.907774639169260933e-01
1.084287507507507513e+02	5.348519521974411939e-01	5.907778085295092296e-01
1.085889099099099155e+02	5.350013739713282979e-01	5.907781468977346684e-01
1.087490690690690656e+02	5.351515568777848175e-01	5.907784791346991637e-01
1.089092282282282298e+02	5.353025046619480642e-01	5.907788053514531068e-01
1.090693873873873940e+02	5.354542210860132601e-01	5.907791256570372740e-01
1.092295465465465441e+02	5.356067099292965983e-01	5.907794401585187982e-01
1.093897057057057083e+02	5.357599749882983042e-01	5.907797489610275843e-01
1.095498648648648725e+02	5.359140200767670281e-01	5.907800521677907257e-01
1.097100240240240225e+02	5.360688490257621286e-01	5.907803498801670328e-01
1.098701831831831868e+02	5.362244656837187318e-01	5.907806421976806721e-01
1.100303423423423368e+02	5.363808739165099038e-01	5.907809292180546956e-01
1.101905015015015010e+02	5.365380776075118208e-01	5.907812110372432368e-01
1.103506606606606653e+02	5.366960806576664966e-01	5.907814877494634853e-01
1.105108198198198153e+02	5.368548869855462868e-01	5.907817594472273282e-01
1.106709789789789795e+02	5.370145005274175043e-01	5.907820262213721030e-01
1.108311381381381437e+02	5.371749252373047012e-01	5.907822881610904631e-01
1.109912972972972938e+02	5.373361650870546180e-01	5.907825453539607974e-01
1.111514564564564580e+02	5.374982240664001321e-01	5.907827978859757634e-01
1.113116156156156222e+02	5.376611061830245397e-01	5.907830458415714858e-01
1.114717747747747723e+02	5.378248154626260602e-01	5.907832893036553124e-01
1.116319339339339365e+02	5.379893559489815624e-01	5.907835283536336801e-01
1.117920930930931007e+02	5.381547317040111800e-01	5.907837630714390942e-01
1.119522522522522507e+02	5.383209468078428150e-01	5.907839935355568839e-01
1.121124114114114150e+02	5.384880053588763094e-01	5.907842198230512931e-01
1.122725705705705650e+02	5.386559114738477261e-01	5.907844420095913485e-01
1.124327297297297292e+02	5.388246692878942978e-01	5.907846601694758393e-01
1.125928888888888935e+02	5.389942829546184866e-01	5.907848743756582977e-01
1.127530480480480435e+02	5.391647566461525987e-01	5.907850846997714234e-01
1.129132072072072077e+02	5.393360945532236217e-01	5.907852912121505096e-01
1.130733663663663719e+02	5.395083008852175066e-01	5.907854939818573126e-01
1.132335255255255220e+02	5.396813798702440046e-01	5.907856930767031445e-01
1.133936846846846862e+02	5.398553357552007270e-01	5.907858885632711887e-01
1.135538438438438504e+02	5.400301728058389816e-01	5.907860805069389265e-01
1.137140030030030005e+02	5.402058953068269442e-01	5.907862689718997862e-01
1.138741621621621647e+02	5.403825075618154949e-01	5.907864540211847926e-01
1.140343213213213289e+02	5.405600138935023891e-01	5.907866357166834392e-01
1.141944804804804789e+02	5.407384186436969831e-01	5.907868141191643385e-01
1.143546396396396432e+02	5.409177261733848496e-01	5.907869892882954277e-01
1.145147987987987932e+02	5.410979408627929477e-01	5.907871612826641750e-01
1.146749579579579574e+02	5.412790671114535712e-01	5.907873301597970084e-01
1.148351171171171217e+02	5.414611093382694085e-01	5.907874959761781897e-01
1.149952762762762717e+02	5.416440719815783789e-01	5.907876587872690211e-01
1.151554354354354359e+02	5.418279594992180259e-01	5.907878186475264970e-01
1.153155945945946002e+02	5.420127763685902433e-01	5.907879756104208457e-01
1.154757537537537502e+02	5.421985270867256679e-01	5.907881297284541811e-01
1.156359129129129144e+02	5.423852161703489605e-01	5.907882810531774886e-01
1.157960720720720786e+02	5.425728481559423111e-01	5.907884296352079456e-01
1.159562312312312287e+02	5.427614275998111637e-01	5.907885755242457959e-01
1.161163903903903929e+02	5.429509590781476103e-01	5.907887187690913366e-01
1.162765495495495571e+02	5.431414471870958938e-01	5.907888594176604613e-01
1.164367087087087071e+02	5.433328965428160240e-01	5.907889975170014241e-01
1.165968678678678714e+02	5.435253117815486146e-01	5.907891331133099388e-01
1.167570270270270214e+02	5.437186975596789429e-01	5.907892662519452776e-01
1.169171861861861856e+02	5.439130585538015650e-01	5.907893969774445919e-01
1.170773453453453499e+02	5.441083994607844865e-01	5.907895253335384567e-01
1.172375045045044999e+02	5.443047249978331115e-01	5.907896513631650803e-01
1.173976636636636641e+02	5.445020399025546354e-01	5.907897751084851823e-01
1.175578228228228284e+02	5.447003489330217718e-01	5.907898966108950933e-01
1.177179819819819784e+02	5.448996568678371455e-01	5.907900159110417437e-01
1.178781411411411426e+02	5.450999685061969080e-01	5.907901330488354308e-01
1.180383003003003068e+02	5.453012886679549087e-01	5.907902480634633635e-01
1.181984594594594569e+02	5.455036221936860885e-01	5.907903609934029854e-01
1.183586186186186211e+02	5.457069739447500956e-01	5.907904718764344087e-01
1.185187777777777853e+02	5.459113488033554562e-01	5.907905807496535155e-01
1.186789369369369354e+02	5.461167516726224136e-01	5.907906876494838366e-01
1.188390960960960996e+02	5.463231874766467655e-01	5.907907926116892083e-01
1.189992552552552496e+02	5.465306611605629250e-01	5.907908956713853188e-01
1.191594144144144138e+02	5.467391776906072032e-01	5.907909968630518094e-01
1.193195735735735781e+02	5.469487420541807587e-01	5.907910962205434879e-01
1.194797327327327281e+02	5.471593592599127698e-01	5.907911937771018751e-01
1.196398918918918923e+02	5.473710343377232723e-01	5.907912895653659735e-01
1.198000510510510566e+02	5.475837723388855549e-01	5.907913836173837030e-01
1.199602102102102066e+02	5.477975783360892192e-01	5.907914759646220038e-01
1.201203693693693708e+02	5.480124574235023527e-01	5.907915666379779385e-01
1.202805285285285350e+02	5.482284147168337007e-01	5.907916556677885733e-01
1.204406876876876851e+02	5.484454553533953947e-01	5.907917430838411921e-01
1.206008468468468493e+02	5.486635844921644578e-01	5.907918289153836211e-01
1.207610060060060135e+02	5.488828073138450891e-01	5.907919131911335553e-01
1.209211651651651636e+02	5.491031290209298366e-01	5.907919959392883280e-01
1.210813243243243278e+02	5.493245548377621024e-01	5.907920771875343480e-01
1.212414834834834778e+02	5.495470900105963175e-01	5.907921569630562031e-01
1.214016426426426420e+02	5.497707398076603358e-01	5.907922352925462084e-01
1.215618018018018063e+02	5.499955095192158305e-01	5.907923122022127327e-01
1.217219609609609563e+02	5.502214044576194674e-01	5.907923877177893024e-01
1.218821201201201205e+02	5.504484299573830786e-01	5.907924618645431503e-01
1.220422792792792848e+02	5.506765913752350583e-01	5.907925346672835420e-01
1.222024384384384348e+02	5.509058940901798707e-01	5.907926061503704362e-01
1.223625975975975990e+02	5.511363435035584457e-01	5.907926763377220336e-01
1.225227567567567633e+02	5.513679450391080206e-01	5.907927452528233259e-01
1.226829159159159133e+02	5.516007041430220914e-01	5.907928129187336452e-01
1.228430750750750775e+02	5.518346262840094774e-01	5.907928793580944360e-01
1.230032342342342417e+02	5.520697169533537174e-01	5.907929445931368040e-01
1.231633933933933918e+02	5.523059816649721343e-01	5.907930086456891772e-01
1.233235525525525560e+02	5.525434259554745653e-01	5.907930715371843000e-01
1.234837117117117060e+02	5.527820553842219820e-01	5.907931332886662279e-01
1.236438708708708702e+02	5.530218755333845548e-01	5.907931939207982097e-01
1.238040300300300345e+02	5.532628920079998291e-01	5.907932534538686831e-01
1.239641891891891845e+02	5.535051104360305674e-01	5.907933119077983797e-01
1.241243483483483487e+02	5.537485364684221478e-01	5.907933693021470978e-01
1.242845075075075130e+02	5.539931757791598521e-01	5.907934256561201414e-01
1.244446666666666630e+02	5.542390340653257086e-01	5.907934809885748706e-01
1.246048258258258272e+02	5.544861170471555578e-01	5.907935353180269189e-01
1.247649849849849915e+02	5.547344304680947857e-01	5.907935886626559663e-01
1.249251441441441415e+02	5.549839800948549451e-01	5.907936410403127336e-01
1.250853033033033057e+02	5.552347717174694886e-01	5.907936924685242008e-01
1.252454624624624557e+02	5.554868111493490579e-01	5.907937429644996019e-01
1.254056216216216200e+02	5.557401042273367731e-01	5.907937925451364203e-01
1.255657807807807842e+02	5.559946568117630772e-01	5.907938412270260509e-01
1.257259399399399342e+02	5.562504747865000265e-01	5.907938890264587961e-01
1.258860990990990985e+02	5.565075640590160244e-01	5.907939359594300832e-01
1.260462582582582627e+02	5.567659305604291120e-01	5.907939820416453491e-01
1.262064174174174127e+02	5.570255802455607030e-01	5.907940272885252586e-01
1.263665765765765769e+02	5.572865190929885415e-01	5.907940717152110333e-01
1.265267357357357412e+02	5.575487531050999923e-01	5.907941153365696696e-01
1.266868948948948912e+02	5.578122883081436667e-01	5.907941581671984910e-01
1.268470540540540554e+02	5.580771307522820468e-01	5.907942002214303656e-01
1.270072132132132197e+02	5.583432865116431110e-01	5.907942415133383696e-01
1.271673723723723697e+02	5.586107616843709600e-01	5.907942820567404496e-01
1.273275315315315339e+02	5.588795623926775535e-01	5.907943218652044193e-01
1.274876906906906839e+02	5.591496947828926700e-01	5.907943609520517336e-01
1.276478498498498482e+02	5.594211650255138668e-01	5.907943993303625962e-01
1.278080090090090124e+02	5.596939793152563292e-01	5.907944370129802891e-01
1.279681681681681624e+02	5.599681438711020531e-01	5.907944740125151695e-01
1.281283273273273267e+02	5.602436649363483623e-01	5.907945103413489996e-01
1.282884864864864767e+02	5.605205487786565355e-01	5.907945460116392766e-01
1.284486456456456551e+02	5.607988016900994355e-01	5.907945810353228966e-01
1.286088048048048051e+02	5.610784299872089154e-01	5.907946154241207060e-01
1.287689639639639552e+02	5.613594400110228921e-01	5.907946491895409435e-01
1.289291231231231336e+02	5.616418381271316429e-01	5.907946823428832372e-01
1.290892822822822836e+02	5.619256307257239902e-01	5.907947148952424898e-01
1.292494414414414337e+02	5.622108242216324880e-01	5.907947468575125427e-01
1.294096006006006121e+02	5.624974250543786081e-01	5.907947782403895065e-01
1.295697597597597621e+02	5.627854396882172594e-01	5.907948090543760911e-01
1.297299189189189121e+02	5.630748746121805315e-01	5.907948393097842699e-01
1.298900780780780906e+02	5.633657363401212148e-01	5.907948690167392769e-01
1.300502372372372406e+02	5.636580314107558776e-01	5.907948981851827153e-01
1.302103963963963906e+02	5.639517663877068321e-01	5.907949268248759989e-01
1.303705555555555691e+02	5.642469478595444343e-01	5.907949549454039051e-01
1.305307147147147191e+02	5.645435824398277180e-01	5.907949825561770174e-01
1.306908738738738691e+02	5.648416767671458061e-01	5.907950096664356110e-01
1.308510330330330191e+02	5.651412375051572123e-01	5.907950362852526505e-01
1.310111921921921976e+02	5.654422713426302538e-01	5.907950624215361213e-01
1.311713513513513476e+02	5.657447849934809092e-01	5.907950880840331376e-01
1.313315105105104976e+02	5.660487851968118989e-01	5.907951132813317185e-01
1.314916696696696761e+02	5.663542787169503212e-01	5.907951380218647852e-01
1.316518288288288261e+02	5.666612723434842902e-01	5.907951623139119368e-01
1.318119879879879761e+02	5.669697728912997947e-01	5.907951861656028925e-01
1.319721471471471546e+02	5.672797872006164477e-01	5.907952095849200447e-01
1.321323063063063046e+02	5.675913221370222361e-01	5.907952325797010129e-01
1.322924654654654546e+02	5.679043845915084932e-01	5.907952551576414191e-01
1.324526246246246330e+02	5.682189814805034267e-01	5.907952773262973301e-01
1.326127837837837831e+02	5.685351197459054262e-01	5.907952990930879222e-01
1.327729429429429331e+02	5.688528063551151481e-01	5.907953204652978130e-01
1.329331021021021115e+02	5.691720483010678233e-01	5.907953414500797251e-01
1.330932612612612616e+02	5.694928526022636772e-01	5.907953620544563744e-01
1.332534204204204116e+02	5.698152263027986830e-01	5.907953822853238002e-01
1.334135795795795900e+02	5.701391764723940936e-01	5.907954021494523644e-01
1.335737387387387400e+02	5.704647102064247521e-01	5.907954216534900826e-01
1.337338978978978901e+02	5.707918346259477360e-01	5.907954408039645111e-01
1.338940570570570685e+02	5.711205568777297792e-01	5.907954596072847453e-01
1.340542162162162185e+02	5.714508841342730294e-01	5.907954780697437513e-01
1.342143753753753685e+02	5.717828235938416936e-01	5.907954961975202535e-01
1.343745345345345470e+02	5.721163824804863518e-01	5.907955139966813984e-01
1.345346936936936970e+02	5.724515680440686038e-01	5.907955314731838659e-01
1.346948528528528470e+02	5.727883875602839403e-01	5.907955486328766437e-01
1.348550120120120255e+02	5.731268483306846129e-01	5.907955654815028046e-01
1.350151711711711755e+02	5.734669576827010617e-01	5.907955820247009493e-01
1.351753303303303255e+02	5.738087229696631208e-01	5.907955982680078710e-01
1.353354894894894755e+02	5.741521515708194467e-01	5.907956142168597768e-01
1.354956486486486540e+02	5.744972508913570586e-01	5.907956298765941749e-01
1.356558078078078040e+02	5.748440283624191016e-01	5.907956452524523172e-01
1.358159669669669540e+02	5.751924914411227219e-01	5.907956603495798653e-01
1.359761261261261325e+02	5.755426476105751643e-01	5.907956751730296663e-01
1.361362852852852825e+02	5.758945043798888719e-01	5.907956897277627517e-01
1.362964444444444325e+02	5.762480692841968066e-01	5.907957040186503361e-01
1.364566036036036110e+02	5.766033498846656613e-01	5.907957180504751493e-01
1.366167627627627610e+02	5.769603537685082939e-01	5.907957318279334347e-01
1.367769219219219110e+02	5.773190885489958291e-01	5.907957453556362815e-01
1.369370810810810895e+02	5.776795618654684272e-01	5.907957586381109572e-01
1.370972402402402395e+02	5.780417813833442775e-01	5.907957716798029058e-01
1.372573993993993895e+02	5.784057547941291455e-01	5.907957844850770801e-01
1.374175585585585679e+02	5.787714898154239229e-01	5.907957970582189411e-01
1.375777177177177180e+02	5.791389941909306227e-01	5.907958094034366781e-01
1.377378768768768680e+02	5.795082756904591514e-01	5.907958215248617639e-01
1.378980360360360464e+02	5.798793421099309731e-01	5.907958334265512867e-01
1.380581951951951964e+02	5.802522012713828836e-01	5.907958451124882826e-01
1.382183543543543465e+02	5.806268610229694538e-01	5.907958565865839562e-01
1.383785135135135249e+02	5.810033292389648052e-01	5.907958678526784579e-01
1.385386726726726749e+02	5.813816138197620553e-01	5.907958789145424383e-01
1.386988318318318250e+02	5.817617226918729845e-01	5.907958897758779360e-01
1.388589909909910034e+02	5.821436638079262593e-01	5.907959004403202652e-01
1.390191501501501534e+02	5.825274451466633252e-01	5.907959109114384599e-01
1.391793093093093034e+02	5.829130747129351864e-01	5.907959211927370502e-01
1.393394684684684819e+02	5.833005605376966329e-01	5.907959312876571722e-01
1.394996276276276319e+02	5.836899106779986912e-01	5.907959411995773458e-01
1.396597867867867819e+02	5.840811332169821846e-01	5.907959509318148061e-01
1.398199459459459320e+02	5.844742362638677413e-01	5.907959604876270587e-01
1.399801051051051104e+02	5.848692279539456917e-01	5.907959698702121010e-01
1.401402642642642604e+02	5.852661164485645218e-01	5.907959790827100877e-01
1.403004234234234104e+02	5.856649099351184384e-01	5.907959881282045522e-01
1.404605825825825889e+02	5.860656166270329370e-01	5.907959970097226288e-01
1.406207417417417389e+02	5.864682447637491469e-01	5.907960057302370505e-01
1.407809009009008889e+02	5.868728026107083995e-01	5.907960142926662606e-01
1.409410600600600674e+02	5.872792984593327992e-01	5.907960226998761888e-01
1.411012192192192174e+02	5.876877406270070159e-01	5.907960309546804734e-01
1.412613783783783674e+02	5.880981374570573017e-01	5.907960390598419043e-01
1.414215375375375459e+02	5.885104973187298416e-01	5.907960470180732004e-01
1.415816966966966959e+02	5.889248286071666616e-01	5.907960548320377869e-01
1.417418558558558459e+02	5.893411397433817589e-01	5.907960625043511271e-01
1.419020150150150243e+02	5.897594391742347897e-01	5.907960700375808338e-01
1.420621741741741744e+02	5.901797353724030915e-01	5.907960774342482235e-01
1.422223333333333244e+02	5.906020368363535944e-01	5.907960846968289825e-01
1.423824924924925028e+02	5.910263520903115131e-01	5.907960918277537221e-01
1.425426516516516529e+02	5.914526896842291492e-01	5.907960988294089777e-01
1.427028108108108029e+02	5.918810581937523629e-01	5.907961057041383190e-01
1.428629699699699813e+02	5.923114662201859337e-01	5.907961124542425724e-01
1.430231291291291313e+02	5.927439223904567012e-01	5.907961190819808195e-01
1.431832882882882814e+02	5.931784353570767054e-01	5.907961255895715080e-01
1.433434474474474598e+02	5.936150137981028863e-01	5.907961319791924515e-01
1.435036066066066098e+02	5.940536664170966707e-01	5.907961382529822725e-01
1.436637657657657599e+02	5.944944019430813409e-01	5.907961444130407358e-01
1.438239249249249383e+02	5.949372291304984017e-01	5.907961504614295256e-01
1.439840840840840883e+02	5.953821567591610631e-01	5.907961564001730226e-01
1.441442432432432383e+02	5.958291936342077211e-01	5.907961622312587480e-01
1.443044024024023884e+02	5.962783485860529975e-01	5.907961679566384738e-01
1.444645615615615668e+02	5.967296304703366694e-01	5.907961735782283341e-01
1.446247207207207168e+02	5.971830481678721547e-01	5.907961790979098238e-01
1.447848798798798668e+02	5.976386105845921115e-01	5.907961845175303539e-01
1.449450390390390453e+02	5.980963266514930377e-01	5.907961898389038069e-01
1.451051981981981953e+02	5.985562053245779834e-01	5.907961950638112025e-01
1.452653573573573453e+02	5.990182555847977097e-01	5.907962001940012531e-01
1.454255165165165238e+02	5.994824864379897367e-01	5.907962052311910295e-01
1.455856756756756738e+02	5.999489069148157272e-01	5.907962101770662944e-01
1.457458348348348238e+02	6.004175260706974271e-01	5.907962150332826123e-01
1.459059939939940023e+02	6.008883529857503847e-01	5.907962198014651278e-01
1.460661531531531523e+02	6.013613967647160052e-01	5.907962244832097864e-01
1.462263123123123023e+02	6.018366665368922730e-01	5.907962290800835570e-01
1.463864714714714808e+02	6.023141714560618087e-01	5.907962335936249865e-01
1.465466306306306308e+02	6.027939207004179289e-01	5.907962380253445334e-01
1.467067897897897808e+02	6.032759234724903719e-01	5.907962423767256777e-01
1.468669489489489592e+02	6.037601889990674708e-01	5.907962466492246989e-01
1.470271081081081093e+02	6.042467265311168845e-01	5.907962508442716754e-01
1.471872672672672593e+02	6.047355453437051054e-01	5.907962549632704841e-01
1.473474264264264377e+02	6.052266547359138604e-01	5.907962590075998000e-01
1.475075855855855878e+02	6.057200640307551787e-01	5.907962629786132069e-01
1.476677447447447378e+02	6.062157825750850160e-01	5.907962668776398640e-01
1.478279039039039162e+02	6.067138197395136601e-01	5.907962707059847274e-01
1.479880630630630662e+02	6.072141849183150253e-01	5.907962744649289943e-01
1.481482222222222163e+02	6.077168875293332828e-01	5.907962781557307697e-01
1.483083813813813947e+02	6.082219370138886028e-01	5.907962817796255095e-01
1.484685405405405447e+02	6.087293428366788994e-01	5.907962853378259105e-01
1.486286996996996947e+02	6.092391144856812435e-01	5.907962888315230199e-01
1.487888588588588448e+02	6.097512614720508317e-01	5.907962922618861246e-01
1.489490180180180232e+02	6.102657933300167370e-01	5.907962956300633062e-01
1.491091771771771732e+02	6.107827196167763262e-01	5.907962989371818852e-01
1.492693363363363233e+02	6.113020499123881235e-01	5.907963021843487539e-01
1.494294954954955017e+02	6.118237938196614545e-01	5.907963053726505986e-01
1.495896546546546517e+02	6.123479609640440913e-01	5.907963085031546768e-01
1.497498138138138017e+02	6.128745609935080108e-01	5.907963115769087059e-01
1.499099729729729802e+02	6.134036035784330432e-01	5.907963145949414185e-01
1.500701321321321302e+02	6.139350984114874121e-01	5.907963175582630067e-01
1.502302912912912802e+02	6.144690552075069423e-01	5.907963204678651215e-01
1.503904504504504587e+02	6.150054837033717137e-01	5.907963233247217616e-01
1.505506096096096087e+02	6.155443936578799402e-01	5.907963261297890512e-01
1.507107687687687587e+02	6.160857948516199611e-01	5.907963288840056837e-01
1.508709279279279372e+02	6.166296970868402338e-01	5.907963315882936994e-01
1.510310870870870872e+02	6.171761101873156630e-01	5.907963342435580412e-01
1.511912462462462372e+02	6.177250439982131525e-01	5.907963368506875534e-01
1.513514054054054156e+02	6.182765083859540489e-01	5.907963394105546495e-01
1.515115645645645657e+02	6.188305132380732543e-01	5.907963419240163105e-01
1.516717237237237157e+02	6.193870684630774504e-01	5.907963443919136415e-01
1.518318828828828941e+02	6.199461839903003257e-01	5.907963468150726483e-01
1.519920420420420442e+02	6.205078697697542500e-01	5.907963491943043488e-01
1.521522012012011942e+02	6.210721357719816149e-01	5.907963515304051061e-01
1.523123603603603726e+02	6.216389919879015125e-01	5.907963538241568502e-01
1.524725195195195226e+02	6.222084484286546369e-01	5.907963560763270783e-01
1.526326786786786727e+02	6.227805151254465210e-01	5.907963582876697428e-01
1.527928378378378511e+02	6.233552021293869982e-01	5.907963604589250295e-01
1.529529969969970011e+02	6.239325195113272216e-01	5.907963625908194683e-01
1.531131561561561512e+02	6.245124773616952396e-01	5.907963646840665994e-01
1.532733153153153012e+02	6.250950857903267988e-01	5.907963667393671958e-01
1.534334744744744796e+02	6.256803549262959230e-01	5.907963687574091516e-01
1.535936336336336296e+02	6.262682949177409419e-01	5.907963707388677044e-01
1.537537927927927797e+02	6.268589159316888537e-01	5.907963726844061014e-01
1.539139519519519581e+02	6.274522281538764679e-01	5.907963745946755996e-01
1.540741111111111081e+02	6.280482417885691060e-01	5.907963764703154652e-01
1.542342702702702582e+02	6.286469670583766378e-01	5.907963783119536405e-01
1.543944294294294366e+02	6.292484142040661865e-01	5.907963801202061882e-01
1.545545885885885866e+02	6.298525934843725027e-01	5.907963818956786239e-01
1.547147477477477366e+02	6.304595151758061178e-01	5.907963836389650281e-01
1.548749069069069151e+02	6.310691895724571676e-01	5.907963853506489338e-01
1.550350660660660651e+02	6.316816269857974397e-01	5.907963870313032162e-01
1.551952252252252151e+02	6.322968377444798671e-01	5.907963886814904253e-01
1.553553843843843936e+02	6.329148321941342470e-01	5.907963903017627860e-01
1.555155435435435436e+02	6.335356206971598514e-01	5.907963918926626423e-01
1.556757027027026936e+02	6.341592136325170381e-01	5.907963934547224572e-01
1.558358618618618721e+02	6.347856213955136440e-01	5.907963949884651456e-01
1.559960210210210221e+02	6.354148543975889352e-01	5.907963964944038526e-01
1.561561801801801721e+02	6.360469230660965589e-01	5.907963979730427306e-01
1.563163393393393505e+02	6.366818378440816106e-01	5.907963994248766060e-01
1.564764984984985006e+02	6.373196091900563687e-01	5.907964008503915343e-01
1.566366576576576506e+02	6.379602475777729209e-01	5.907964022500644674e-01
1.567968168168168290e+02	6.386037634959923492e-01	5.907964036243640304e-01
1.569569759759759791e+02	6.392501674482505836e-01	5.907964049737499668e-01
1.571171351351351291e+02	6.398994699526223684e-01	5.907964062986741371e-01
1.572772942942943075e+02	6.405516815414807885e-01	5.907964075995799647e-01
1.574374534534534575e+02	6.412068127612537971e-01	5.907964088769027677e-01
1.575976126126126076e+02	6.418648741721790785e-01	5.907964101310699823e-01
1.577577717717717576e+02	6.425258763480535817e-01	5.907964113625016056e-01
1.579179309309309360e+02	6.431898298759817223e-01	5.907964125716096415e-01
1.580780900900900861e+02	6.438567453561186982e-01	5.907964137587987663e-01
1.582382492492492361e+02	6.445266334014130294e-01	5.907964149244663288e-01
1.583984084084084145e+02	6.451995046373428799e-01	5.907964160690025723e-01
1.585585675675675645e+02	6.458753697016508255e-01	5.907964171927905239e-01
1.587187267267267146e+02	6.465542392440760677e-01	5.907964182962062161e-01
1.588788858858858930e+02	6.472361239260813193e-01	5.907964193796191310e-01
1.590390450450450430e+02	6.479210344205776906e-01	5.907964204433917565e-01
1.591992042042041930e+02	6.486089814116468011e-01	5.907964214878800302e-01
1.593593633633633715e+02	6.492999755942575613e-01	5.907964225134337832e-01
1.595195225225225215e+02	6.499940276739815115e-01	5.907964235203961856e-01
1.596796816816816715e+02	6.506911483667039420e-01	5.907964245091041899e-01
1.598398408408408500e+02	6.513913483983320152e-01	5.907964254798887538e-01
1.600000000000000000e+02	6.520946385044984472e-01	5.907964264330748394e-01
